Available,169.66666666666666,162.66666666666666,160.66666666666666,165.66666666666666,165.66666666666666,158.66666666666666,160.66666666666666,167.66666666666666,164.66666666666666,165.66666666666666,165.66666666666666,166.66666666666666,166.66666666666666,165.66666666666666,165.66666666666666,164.66666666666666,162.66666666666666,163.66666666666666,163.66666666666666,164.66666666666666,164.66666666666666,163.66666666666666,163.66666666666666,162.66666666666666,163.66666666666666,165.66666666666666,166.66666666666666,164.66666666666666,161.66666666666666,161.66666666666666,164.66666666666666,168.66666666666666,158.66666666666666,159.66666666666666,160.66666666666666,161.66666666666666,163.66666666666666,166.66666666666666,168.66666666666666,169.66666666666666,165.66666666666666,164.66666666666666,164.66666666666666,165.66666666666666,167.66666666666666,169.66666666666666,168.66666666666666,167.66666666666666,164.66666666666666,164.66666666666666,166.66666666666666,167.66666666666666,167.66666666666666,166.66666666666666,164.66666666666666,164.66666666666666,162.66666666666666,161.66666666666666,160.66666666666666,163.66666666666666,166.66666666666666,167.66666666666666,164.66666666666666,161.66666666666666,164.66666666666666,164.66666666666666,164.66666666666666,164.66666666666666,164.66666666666666,164.66666666666666,164.66666666666666,164.66666666666666,165.66666666666666,164.66666666666666,162.66666666666666,160.66666666666666,159.66666666666666,159.66666666666666,159.66666666666666,160.66666666666666,166.33333333333334,164.33333333333334,162.33333333333334,159.33333333333334,158.33333333333334,158.33333333333334,160.33333333333334,161.33333333333334,160.33333333333334,161.33333333333334,162.33333333333334,163.33333333333334,163.33333333333334,163.33333333333334,163.33333333333334,162.33333333333334,165.33333333333334,166.33333333333334,166.33333333333334,164.33333333333334,162.33333333333334,161.33333333333334,163.33333333333334,165.33333333333334,167.33333333333334,165.33333333333334,163.33333333333334,163.33333333333334,165.33333333333334,168.33333333333334,168.33333333333334,168.33333333333334,166.0,166.0,165.0,164.0,163.0,163.0,162.0,162.0,162.0,163.0,163.0,164.0,164.0,163.0,163.0,162.0,167.0,167.0,167.0,166.0,166.0,166.0,166.0,166.0,161.0,162.0,162.0,163.0,164.0,165.0,166.0,167.0,175.0,171.0,167.0,166.0,169.0,172.0,166.66666666666666,163.66666666666666,162.66666666666666,162.66666666666666,160.66666666666666,158.66666666666666,161.66666666666666,167.66666666666666,164.66666666666666,165.66666666666666,165.66666666666666,166.66666666666666,166.66666666666666,165.66666666666666,165.66666666666666,164.66666666666666,163.66666666666666,163.66666666666666,163.66666666666666,163.66666666666666,163.66666666666666,163.66666666666666,163.66666666666666,163.66666666666666,164.66666666666666,165.66666666666666,165.66666666666666,163.66666666666666,162.66666666666666,162.66666666666666,164.66666666666666,166.66666666666666,160.66666666666666,160.66666666666666,160.66666666666666,161.66666666666666,163.66666666666666,165.66666666666666,167.66666666666666,168.66666666666666,165.66666666666666,164.66666666666666,163.66666666666666,164.66666666666666,166.66666666666666,168.66666666666666,168.66666666666666,167.66666666666666,163.66666666666666,164.66666666666666,165.66666666666666,166.66666666666666,166.66666666666666,165.66666666666666,164.66666666666666,163.66666666666666,162.66666666666666,161.66666666666666,161.66666666666666,163.66666666666666,166.66666666666666,166.66666666666666,164.66666666666666,161.66666666666666,162.66666666666666,162.66666666666666,162.66666666666666,162.66666666666666,162.66666666666666,162.66666666666666,162.66666666666666,162.66666666666666,164.66666666666666,164.66666666666666,163.66666666666666,161.66666666666666,160.66666666666666,160.66666666666666,160.66666666666666,160.66666666666666,162.33333333333334,161.33333333333334,160.33333333333334,159.33333333333334,159.33333333333334,159.33333333333334,160.33333333333334,161.33333333333334,160.33333333333334,161.33333333333334,162.33333333333334,163.33333333333334,163.33333333333334,163.33333333333334,163.33333333333334,162.33333333333334,165.33333333333334,166.33333333333334,166.33333333333334,164.33333333333334,162.33333333333334,162.33333333333334,163.33333333333334,165.33333333333334,167.33333333333334,165.33333333333334,164.33333333333334,164.33333333333334,166.33333333333334,168.33333333333334,167.33333333333334,167.33333333333334,169.0,169.0,168.0,168.0,167.0,166.0,166.0,166.0,163.0,163.0,164.0,165.0,165.0,165.0,164.0,164.0,161.0,162.0,162.0,163.0,163.0,164.0,165.0,165.0,165.0,166.0,167.0,168.0,168.0,169.0,169.0,168.0,171.0,168.0,165.0,165.0,168.0,169.0,163.66666666666666,165.66666666666666,162.66666666666666,156.66666666666666,155.66666666666666,159.66666666666666,163.66666666666666,164.66666666666666,164.66666666666666,164.66666666666666,165.66666666666666,165.66666666666666,165.66666666666666,165.66666666666666,164.66666666666666,164.66666666666666,164.66666666666666,163.66666666666666,162.66666666666666,161.66666666666666,161.66666666666666,162.66666666666666,163.66666666666666,164.66666666666666,166.66666666666666,164.66666666666666,163.66666666666666,162.66666666666666,164.66666666666666,165.66666666666666,165.66666666666666,164.66666666666666,162.66666666666666,162.66666666666666,162.66666666666666,162.66666666666666,163.66666666666666,164.66666666666666,165.66666666666666,166.66666666666666,166.66666666666666,164.66666666666666,162.66666666666666,162.66666666666666,165.66666666666666,167.66666666666666,168.66666666666666,168.66666666666666,163.66666666666666,164.66666666666666,165.66666666666666,165.66666666666666,165.66666666666666,165.66666666666666,164.66666666666666,163.66666666666666,162.66666666666666,161.66666666666666,161.66666666666666,163.66666666666666,164.66666666666666,165.66666666666666,163.66666666666666,161.66666666666666,161.66666666666666,161.66666666666666,161.66666666666666,161.66666666666666,161.66666666666666,161.66666666666666,161.66666666666666,161.66666666666666,164.66666666666666,164.66666666666666,164.66666666666666,164.66666666666666,163.66666666666666,162.66666666666666,161.66666666666666,160.66666666666666,159.33333333333334,159.33333333333334,159.33333333333334,159.33333333333334,160.33333333333334,160.33333333333334,161.33333333333334,161.33333333333334,160.33333333333334,161.33333333333334,162.33333333333334,163.33333333333334,163.33333333333334,163.33333333333334,163.33333333333334,162.33333333333334,164.33333333333334,165.33333333333334,166.33333333333334,164.33333333333334,162.33333333333334,162.33333333333334,163.33333333333334,165.33333333333334,165.33333333333334,164.33333333333334,164.33333333333334,165.33333333333334,167.33333333333334,168.33333333333334,166.33333333333334,165.33333333333334,169.0,168.0,168.0,168.0,168.0,168.0,167.0,167.0,163.0,163.0,165.0,166.0,166.0,166.0,166.0,166.0,160.0,160.0,161.0,161.0,162.0,162.0,163.0,163.0,163.0,164.0,166.0,167.0,167.0,166.0,165.0,164.0,166.0,165.0,164.0,164.0,166.0,166.0,164.66666666666666,163.66666666666666,156.66666666666666,148.66666666666666,153.66666666666666,164.66666666666666,165.66666666666666,158.66666666666666,163.66666666666666,164.66666666666666,165.66666666666666,165.66666666666666,165.66666666666666,165.66666666666666,164.66666666666666,163.66666666666666,165.66666666666666,163.66666666666666,161.66666666666666,160.66666666666666,160.66666666666666,161.66666666666666,163.66666666666666,165.66666666666666,167.66666666666666,164.66666666666666,161.66666666666666,162.66666666666666,165.66666666666666,167.66666666666666,165.66666666666666,162.66666666666666,164.66666666666666,163.66666666666666,163.66666666666666,162.66666666666666,162.66666666666666,163.66666666666666,163.66666666666666,164.66666666666666,166.66666666666666,163.66666666666666,161.66666666666666,161.66666666666666,164.66666666666666,166.66666666666666,167.66666666666666,167.66666666666666,163.66666666666666,163.66666666666666,164.66666666666666,164.66666666666666,164.66666666666666,164.66666666666666,163.66666666666666,163.66666666666666,162.66666666666666,162.66666666666666,162.66666666666666,162.66666666666666,163.66666666666666,163.66666666666666,162.66666666666666,162.66666666666666,163.66666666666666,163.66666666666666,163.66666666666666,163.66666666666666,163.66666666666666,163.66666666666666,163.66666666666666,163.66666666666666,163.66666666666666,164.66666666666666,165.66666666666666,165.66666666666666,165.66666666666666,163.66666666666666,161.66666666666666,160.66666666666666,160.33333333333334,160.33333333333334,161.33333333333334,162.33333333333334,162.33333333333334,161.33333333333334,160.33333333333334,160.33333333333334,160.33333333333334,161.33333333333334,162.33333333333334,163.33333333333334,163.33333333333334,163.33333333333334,163.33333333333334,162.33333333333334,164.33333333333334,165.33333333333334,165.33333333333334,164.33333333333334,162.33333333333334,162.33333333333334,164.33333333333334,166.33333333333334,164.33333333333334,164.33333333333334,164.33333333333334,166.33333333333334,168.33333333333334,167.33333333333334,165.33333333333334,163.33333333333334,165.0,165.0,165.0,165.0,165.0,165.0,165.0,165.0,161.0,162.0,163.0,164.0,165.0,165.0,165.0,165.0,163.0,163.0,163.0,163.0,162.0,162.0,162.0,162.0,162.0,163.0,165.0,166.0,166.0,164.0,162.0,161.0,163.0,163.0,164.0,164.0,165.0,165.0,164.66666666666666,158.66666666666666,147.66666666666666,143.66666666666666,155.66666666666666,170.66666666666666,167.66666666666666,153.66666666666666,163.66666666666666,163.66666666666666,164.66666666666666,165.66666666666666,165.66666666666666,164.66666666666666,163.66666666666666,163.66666666666666,164.66666666666666,163.66666666666666,161.66666666666666,159.66666666666666,159.66666666666666,161.66666666666666,163.66666666666666,164.66666666666666,166.66666666666666,163.66666666666666,161.66666666666666,163.66666666666666,166.66666666666666,167.66666666666666,164.66666666666666,161.66666666666666,165.66666666666666,164.66666666666666,163.66666666666666,162.66666666666666,162.66666666666666,162.66666666666666,162.66666666666666,163.66666666666666,164.66666666666666,162.66666666666666,160.66666666666666,161.66666666666666,163.66666666666666,166.66666666666666,166.66666666666666,166.66666666666666,163.66666666666666,163.66666666666666,162.66666666666666,162.66666666666666,162.66666666666666,162.66666666666666,163.66666666666666,163.66666666666666,162.66666666666666,162.66666666666666,162.66666666666666,162.66666666666666,161.66666666666666,161.66666666666666,162.66666666666666,162.66666666666666,163.66666666666666,163.66666666666666,163.66666666666666,163.66666666666666,163.66666666666666,163.66666666666666,163.66666666666666,163.66666666666666,162.66666666666666,163.66666666666666,164.66666666666666,165.66666666666666,165.66666666666666,163.66666666666666,162.66666666666666,161.66666666666666,163.33333333333334,163.33333333333334,163.33333333333334,163.33333333333334,162.33333333333334,161.33333333333334,159.33333333333334,158.33333333333334,160.33333333333334,161.33333333333334,162.33333333333334,163.33333333333334,163.33333333333334,163.33333333333334,163.33333333333334,162.33333333333334,163.33333333333334,164.33333333333334,165.33333333333334,164.33333333333334,162.33333333333334,162.33333333333334,164.33333333333334,166.33333333333334,165.33333333333334,164.33333333333334,164.33333333333334,166.33333333333334,167.33333333333334,167.33333333333334,164.33333333333334,162.33333333333334,164.0,164.0,163.0,163.0,163.0,163.0,162.0,162.0,159.0,159.0,160.0,161.0,162.0,162.0,161.0,161.0,160.0,160.0,160.0,161.0,162.0,163.0,163.0,164.0,166.0,166.0,167.0,168.0,168.0,167.0,165.0,165.0,163.0,164.0,165.0,165.0,165.0,164.0,162.66666666666666,151.66666666666666,140.66666666666666,142.66666666666666,157.66666666666666,170.66666666666666,165.66666666666666,154.66666666666666,163.66666666666666,163.66666666666666,164.66666666666666,164.66666666666666,164.66666666666666,164.66666666666666,163.66666666666666,163.66666666666666,163.66666666666666,162.66666666666666,161.66666666666666,160.66666666666666,160.66666666666666,161.66666666666666,162.66666666666666,163.66666666666666,164.66666666666666,163.66666666666666,163.66666666666666,164.66666666666666,166.66666666666666,165.66666666666666,164.66666666666666,162.66666666666666,165.66666666666666,164.66666666666666,163.66666666666666,162.66666666666666,162.66666666666666,162.66666666666666,162.66666666666666,163.66666666666666,162.66666666666666,161.66666666666666,160.66666666666666,162.66666666666666,164.66666666666666,165.66666666666666,165.66666666666666,164.66666666666666,163.66666666666666,162.66666666666666,161.66666666666666,161.66666666666666,161.66666666666666,161.66666666666666,162.66666666666666,163.66666666666666,162.66666666666666,163.66666666666666,163.66666666666666,161.66666666666666,160.66666666666666,159.66666666666666,161.66666666666666,163.66666666666666,160.66666666666666,160.66666666666666,160.66666666666666,160.66666666666666,160.66666666666666,160.66666666666666,160.66666666666666,160.66666666666666,162.66666666666666,162.66666666666666,163.66666666666666,163.66666666666666,163.66666666666666,163.66666666666666,162.66666666666666,162.66666666666666,164.33333333333334,164.33333333333334,163.33333333333334,162.33333333333334,160.33333333333334,159.33333333333334,158.33333333333334,158.33333333333334,160.33333333333334,161.33333333333334,162.33333333333334,163.33333333333334,163.33333333333334,163.33333333333334,163.33333333333334,162.33333333333334,163.33333333333334,164.33333333333334,165.33333333333334,164.33333333333334,163.33333333333334,163.33333333333334,165.33333333333334,167.33333333333334,166.33333333333334,165.33333333333334,164.33333333333334,164.33333333333334,166.33333333333334,166.33333333333334,164.33333333333334,162.33333333333334,167.0,166.0,166.0,165.0,164.0,163.0,162.0,162.0,157.0,158.0,158.0,159.0,159.0,158.0,157.0,157.0,153.0,154.0,156.0,158.0,160.0,162.0,164.0,165.0,164.0,163.0,163.0,163.0,164.0,164.0,164.0,164.0,163.0,164.0,165.0,165.0,163.0,163.0,155.66666666666666,144.66666666666666,138.66666666666666,146.66666666666666,159.66666666666666,164.66666666666666,162.66666666666666,160.66666666666666,162.66666666666666,163.66666666666666,163.66666666666666,164.66666666666666,164.66666666666666,163.66666666666666,163.66666666666666,162.66666666666666,161.66666666666666,161.66666666666666,161.66666666666666,161.66666666666666,161.66666666666666,161.66666666666666,161.66666666666666,161.66666666666666,162.66666666666666,164.66666666666666,166.66666666666666,166.66666666666666,165.66666666666666,163.66666666666666,163.66666666666666,164.66666666666666,165.66666666666666,164.66666666666666,163.66666666666666,162.66666666666666,162.66666666666666,162.66666666666666,163.66666666666666,163.66666666666666,159.66666666666666,159.66666666666666,161.66666666666666,163.66666666666666,165.66666666666666,166.66666666666666,163.66666666666666,161.66666666666666,163.66666666666666,162.66666666666666,161.66666666666666,160.66666666666666,160.66666666666666,161.66666666666666,162.66666666666666,163.66666666666666,162.66666666666666,163.66666666666666,163.66666666666666,161.66666666666666,158.66666666666666,158.66666666666666,160.66666666666666,163.66666666666666,160.66666666666666,160.66666666666666,160.66666666666666,160.66666666666666,160.66666666666666,160.66666666666666,160.66666666666666,160.66666666666666,162.66666666666666,162.66666666666666,161.66666666666666,161.66666666666666,161.66666666666666,161.66666666666666,162.66666666666666,162.66666666666666,162.33333333333334,161.33333333333334,159.33333333333334,158.33333333333334,157.33333333333334,157.33333333333334,158.33333333333334,159.33333333333334,160.33333333333334,161.33333333333334,162.33333333333334,163.33333333333334,163.33333333333334,163.33333333333334,163.33333333333334,162.33333333333334,162.33333333333334,164.33333333333334,164.33333333333334,164.33333333333334,163.33333333333334,163.33333333333334,165.33333333333334,167.33333333333334,167.33333333333334,165.33333333333334,163.33333333333334,163.33333333333334,164.33333333333334,165.33333333333334,164.33333333333334,162.33333333333334,169.0,168.0,167.0,166.0,164.0,163.0,162.0,161.0,158.0,158.0,158.0,158.0,157.0,156.0,155.0,154.0,157.0,157.0,158.0,159.0,160.0,161.0,162.0,162.0,160.0,159.0,158.0,157.0,158.0,160.0,162.0,163.0,163.0,164.0,164.0,163.0,160.0,160.0,150.66666666666666,141.66666666666666,140.66666666666666,151.66666666666666,158.66666666666666,158.66666666666666,160.66666666666666,165.66666666666666,162.66666666666666,163.66666666666666,163.66666666666666,164.66666666666666,164.66666666666666,163.66666666666666,163.66666666666666,162.66666666666666,160.66666666666666,161.66666666666666,161.66666666666666,162.66666666666666,162.66666666666666,161.66666666666666,161.66666666666666,160.66666666666666,160.66666666666666,164.66666666666666,167.66666666666666,167.66666666666666,164.66666666666666,162.66666666666666,163.66666666666666,165.66666666666666,164.66666666666666,164.66666666666666,163.66666666666666,162.66666666666666,162.66666666666666,163.66666666666666,163.66666666666666,164.66666666666666,158.66666666666666,158.66666666666666,161.66666666666666,164.66666666666666,166.66666666666666,166.66666666666666,163.66666666666666,160.66666666666666,162.66666666666666,162.66666666666666,160.66666666666666,159.66666666666666,159.66666666666666,160.66666666666666,162.66666666666666,162.66666666666666,162.66666666666666,163.66666666666666,164.66666666666666,161.66666666666666,158.66666666666666,157.66666666666666,160.66666666666666,163.66666666666666,162.66666666666666,162.66666666666666,162.66666666666666,162.66666666666666,162.66666666666666,162.66666666666666,162.66666666666666,162.66666666666666,162.66666666666666,161.66666666666666,160.66666666666666,159.66666666666666,159.66666666666666,160.66666666666666,162.66666666666666,163.66666666666666,159.33333333333334,157.33333333333334,155.33333333333334,154.33333333333334,154.33333333333334,156.33333333333334,158.33333333333334,160.33333333333334,160.33333333333334,161.33333333333334,162.33333333333334,163.33333333333334,163.33333333333334,163.33333333333334,163.33333333333334,162.33333333333334,162.33333333333334,163.33333333333334,164.33333333333334,164.33333333333334,163.33333333333334,163.33333333333334,165.33333333333334,167.33333333333334,168.33333333333334,166.33333333333334,163.33333333333334,162.33333333333334,163.33333333333334,164.33333333333334,164.33333333333334,163.33333333333334,169.0,168.0,167.0,165.0,163.0,161.0,160.0,159.0,159.0,159.0,159.0,158.0,157.0,155.0,154.0,153.0,166.0,166.0,165.0,163.0,161.0,160.0,159.0,158.0,163.0,161.0,159.0,158.0,159.0,162.0,166.0,168.0,163.0,164.0,163.0,161.0,158.0,159.0,125.66666666666667,129.66666666666666,137.66666666666666,146.66666666666666,154.66666666666666,160.66666666666666,163.66666666666666,165.66666666666666,162.66666666666666,162.66666666666666,162.66666666666666,163.66666666666666,163.66666666666666,164.66666666666666,164.66666666666666,164.66666666666666,162.66666666666666,161.66666666666666,160.66666666666666,160.66666666666666,160.66666666666666,160.66666666666666,161.66666666666666,162.66666666666666,165.66666666666666,164.66666666666666,164.66666666666666,163.66666666666666,163.66666666666666,162.66666666666666,162.66666666666666,161.66666666666666,169.66666666666666,166.66666666666666,164.66666666666666,164.66666666666666,165.66666666666666,165.66666666666666,164.66666666666666,163.66666666666666,164.66666666666666,163.66666666666666,161.66666666666666,161.66666666666666,162.66666666666666,163.66666666666666,161.66666666666666,160.66666666666666,161.66666666666666,161.66666666666666,161.66666666666666,161.66666666666666,161.66666666666666,162.66666666666666,164.66666666666666,164.66666666666666,161.66666666666666,160.66666666666666,160.66666666666666,160.66666666666666,160.66666666666666,161.66666666666666,162.66666666666666,163.66666666666666,161.66666666666666,163.66666666666666,164.66666666666666,164.66666666666666,162.66666666666666,160.66666666666666,160.66666666666666,161.66666666666666,162.66666666666666,161.66666666666666,161.66666666666666,163.66666666666666,165.66666666666666,167.66666666666666,166.66666666666666,165.66666666666666,164.33333333333334,163.33333333333334,161.33333333333334,160.33333333333334,160.33333333333334,161.33333333333334,162.33333333333334,163.33333333333334,160.33333333333334,159.33333333333334,159.33333333333334,159.33333333333334,160.33333333333334,162.33333333333334,164.33333333333334,165.33333333333334,161.33333333333334,162.33333333333334,164.33333333333334,166.33333333333334,167.33333333333334,167.33333333333334,166.33333333333334,166.33333333333334,168.33333333333334,168.33333333333334,168.33333333333334,168.33333333333334,166.33333333333334,163.33333333333334,161.33333333333334,159.33333333333334,166.0,167.0,166.0,164.0,162.0,161.0,162.0,163.0,161.0,161.0,161.0,162.0,162.0,162.0,162.0,163.0,164.0,164.0,164.0,163.0,162.0,159.0,156.0,154.0,166.0,166.0,165.0,164.0,164.0,164.0,165.0,165.0,166.0,168.0,169.0,167.0,163.0,161.0,134.66666666666666,137.66666666666666,142.66666666666666,147.66666666666666,152.66666666666666,156.66666666666666,158.66666666666666,159.66666666666666,161.66666666666666,161.66666666666666,161.66666666666666,162.66666666666666,162.66666666666666,162.66666666666666,163.66666666666666,163.66666666666666,162.66666666666666,162.66666666666666,162.66666666666666,162.66666666666666,162.66666666666666,162.66666666666666,162.66666666666666,162.66666666666666,164.66666666666666,164.66666666666666,163.66666666666666,163.66666666666666,163.66666666666666,163.66666666666666,163.66666666666666,162.66666666666666,168.66666666666666,166.66666666666666,164.66666666666666,164.66666666666666,165.66666666666666,166.66666666666666,165.66666666666666,164.66666666666666,163.66666666666666,162.66666666666666,160.66666666666666,161.66666666666666,162.66666666666666,162.66666666666666,161.66666666666666,159.66666666666666,161.66666666666666,161.66666666666666,161.66666666666666,160.66666666666666,161.66666666666666,161.66666666666666,162.66666666666666,163.66666666666666,162.66666666666666,162.66666666666666,161.66666666666666,161.66666666666666,160.66666666666666,161.66666666666666,161.66666666666666,162.66666666666666,162.66666666666666,164.66666666666666,164.66666666666666,163.66666666666666,161.66666666666666,160.66666666666666,161.66666666666666,162.66666666666666,164.66666666666666,163.66666666666666,162.66666666666666,164.66666666666666,166.66666666666666,167.66666666666666,167.66666666666666,165.66666666666666,165.33333333333334,164.33333333333334,163.33333333333334,162.33333333333334,161.33333333333334,162.33333333333334,163.33333333333334,163.33333333333334,160.33333333333334,160.33333333333334,159.33333333333334,159.33333333333334,160.33333333333334,162.33333333333334,164.33333333333334,165.33333333333334,162.33333333333334,163.33333333333334,165.33333333333334,166.33333333333334,166.33333333333334,166.33333333333334,165.33333333333334,164.33333333333334,165.33333333333334,165.33333333333334,166.33333333333334,166.33333333333334,166.33333333333334,164.33333333333334,163.33333333333334,162.33333333333334,167.0,168.0,168.0,166.0,163.0,162.0,163.0,165.0,164.0,164.0,163.0,163.0,162.0,162.0,161.0,161.0,160.0,160.0,161.0,162.0,163.0,163.0,162.0,162.0,166.0,165.0,165.0,165.0,165.0,165.0,166.0,167.0,167.0,169.0,170.0,168.0,165.0,163.0,155.66666666666666,156.66666666666666,157.66666666666666,158.66666666666666,159.66666666666666,160.66666666666666,161.66666666666666,162.66666666666666,160.66666666666666,160.66666666666666,160.66666666666666,161.66666666666666,161.66666666666666,161.66666666666666,162.66666666666666,162.66666666666666,162.66666666666666,163.66666666666666,164.66666666666666,165.66666666666666,165.66666666666666,164.66666666666666,163.66666666666666,162.66666666666666,163.66666666666666,163.66666666666666,163.66666666666666,163.66666666666666,164.66666666666666,164.66666666666666,164.66666666666666,164.66666666666666,167.66666666666666,165.66666666666666,163.66666666666666,164.66666666666666,166.66666666666666,167.66666666666666,167.66666666666666,166.66666666666666,163.66666666666666,162.66666666666666,160.66666666666666,160.66666666666666,162.66666666666666,162.66666666666666,160.66666666666666,159.66666666666666,163.66666666666666,162.66666666666666,161.66666666666666,161.66666666666666,160.66666666666666,161.66666666666666,161.66666666666666,162.66666666666666,165.66666666666666,164.66666666666666,163.66666666666666,162.66666666666666,161.66666666666666,161.66666666666666,161.66666666666666,161.66666666666666,164.66666666666666,164.66666666666666,164.66666666666666,162.66666666666666,160.66666666666666,160.66666666666666,162.66666666666666,165.66666666666666,162.66666666666666,160.66666666666666,159.66666666666666,160.66666666666666,162.66666666666666,163.66666666666666,162.66666666666666,160.66666666666666,166.33333333333334,166.33333333333334,165.33333333333334,164.33333333333334,163.33333333333334,163.33333333333334,164.33333333333334,164.33333333333334,161.33333333333334,161.33333333333334,160.33333333333334,161.33333333333334,161.33333333333334,162.33333333333334,164.33333333333334,165.33333333333334,163.33333333333334,163.33333333333334,164.33333333333334,165.33333333333334,165.33333333333334,165.33333333333334,164.33333333333334,164.33333333333334,161.33333333333334,162.33333333333334,163.33333333333334,164.33333333333334,165.33333333333334,165.33333333333334,165.33333333333334,165.33333333333334,168.0,169.0,169.0,167.0,165.0,164.0,165.0,167.0,167.0,167.0,166.0,165.0,163.0,162.0,161.0,161.0,161.0,161.0,161.0,162.0,163.0,164.0,166.0,167.0,165.0,165.0,165.0,165.0,166.0,167.0,168.0,169.0,166.0,168.0,168.0,167.0,165.0,164.0,170.66666666666666,169.66666666666666,168.66666666666666,166.66666666666666,165.66666666666666,164.66666666666666,164.66666666666666,165.66666666666666,160.66666666666666,160.66666666666666,161.66666666666666,161.66666666666666,162.66666666666666,162.66666666666666,162.66666666666666,162.66666666666666,162.66666666666666,164.66666666666666,166.66666666666666,167.66666666666666,167.66666666666666,166.66666666666666,164.66666666666666,162.66666666666666,162.66666666666666,162.66666666666666,163.66666666666666,163.66666666666666,164.66666666666666,165.66666666666666,165.66666666666666,165.66666666666666,166.66666666666666,164.66666666666666,163.66666666666666,164.66666666666666,166.66666666666666,168.66666666666666,168.66666666666666,167.66666666666666,165.66666666666666,163.66666666666666,162.66666666666666,162.66666666666666,163.66666666666666,163.66666666666666,162.66666666666666,160.66666666666666,166.66666666666666,165.66666666666666,164.66666666666666,163.66666666666666,162.66666666666666,162.66666666666666,162.66666666666666,163.66666666666666,168.66666666666666,167.66666666666666,165.66666666666666,163.66666666666666,162.66666666666666,161.66666666666666,161.66666666666666,161.66666666666666,165.66666666666666,165.66666666666666,164.66666666666666,162.66666666666666,160.66666666666666,161.66666666666666,164.66666666666666,167.66666666666666,163.66666666666666,162.66666666666666,160.66666666666666,161.66666666666666,162.66666666666666,163.66666666666666,161.66666666666666,160.66666666666666,168.33333333333334,167.33333333333334,167.33333333333334,166.33333333333334,165.33333333333334,165.33333333333334,164.33333333333334,164.33333333333334,162.33333333333334,162.33333333333334,162.33333333333334,162.33333333333334,163.33333333333334,163.33333333333334,164.33333333333334,164.33333333333334,162.33333333333334,162.33333333333334,163.33333333333334,164.33333333333334,165.33333333333334,166.33333333333334,166.33333333333334,167.33333333333334,162.33333333333334,162.33333333333334,163.33333333333334,164.33333333333334,164.33333333333334,165.33333333333334,165.33333333333334,165.33333333333334,167.0,168.0,168.0,167.0,165.0,164.0,165.0,167.0,167.0,167.0,166.0,165.0,164.0,164.0,163.0,163.0,167.0,166.0,164.0,163.0,162.0,162.0,163.0,164.0,165.0,164.0,165.0,165.0,166.0,168.0,169.0,170.0,165.0,165.0,165.0,165.0,164.0,164.0,168.66666666666666,167.66666666666666,165.66666666666666,163.66666666666666,161.66666666666666,161.66666666666666,160.66666666666666,160.66666666666666,162.66666666666666,162.66666666666666,162.66666666666666,162.66666666666666,163.66666666666666,163.66666666666666,164.66666666666666,164.66666666666666,163.66666666666666,165.66666666666666,167.66666666666666,168.66666666666666,168.66666666666666,167.66666666666666,165.66666666666666,163.66666666666666,163.66666666666666,163.66666666666666,163.66666666666666,164.66666666666666,165.66666666666666,165.66666666666666,166.66666666666666,166.66666666666666,167.66666666666666,165.66666666666666,164.66666666666666,164.66666666666666,167.66666666666666,168.66666666666666,168.66666666666666,167.66666666666666,168.66666666666666,166.66666666666666,165.66666666666666,165.66666666666666,166.66666666666666,166.66666666666666,165.66666666666666,163.66666666666666,169.66666666666666,168.66666666666666,167.66666666666666,166.66666666666666,165.66666666666666,165.66666666666666,165.66666666666666,166.66666666666666,169.66666666666666,168.66666666666666,167.66666666666666,165.66666666666666,163.66666666666666,162.66666666666666,162.66666666666666,161.66666666666666,165.66666666666666,165.66666666666666,165.66666666666666,163.66666666666666,161.66666666666666,162.66666666666666,165.66666666666666,168.66666666666666,170.66666666666666,169.66666666666666,167.66666666666666,168.66666666666666,169.66666666666666,170.66666666666666,168.66666666666666,167.66666666666666,169.33333333333334,168.33333333333334,168.33333333333334,167.33333333333334,166.33333333333334,165.33333333333334,164.33333333333334,164.33333333333334,162.33333333333334,163.33333333333334,163.33333333333334,164.33333333333334,164.33333333333334,164.33333333333334,164.33333333333334,164.33333333333334,161.33333333333334,161.33333333333334,162.33333333333334,164.33333333333334,166.33333333333334,168.33333333333334,170.33333333333334,171.33333333333334,165.33333333333334,165.33333333333334,164.33333333333334,164.33333333333334,164.33333333333334,164.33333333333334,164.33333333333334,164.33333333333334,166.0,167.0,167.0,166.0,164.0,163.0,165.0,167.0,165.0,165.0,165.0,165.0,165.0,165.0,165.0,166.0,170.0,169.0,166.0,163.0,162.0,161.0,162.0,162.0,164.0,164.0,164.0,165.0,166.0,167.0,169.0,169.0,165.0,165.0,165.0,165.0,166.0,166.0,163.66666666666666,163.66666666666666,162.66666666666666,162.66666666666666,161.66666666666666,160.66666666666666,159.66666666666666,159.66666666666666,162.66666666666666,162.66666666666666,163.66666666666666,163.66666666666666,163.66666666666666,164.66666666666666,164.66666666666666,164.66666666666666,164.66666666666666,165.66666666666666,166.66666666666666,167.66666666666666,167.66666666666666,166.66666666666666,165.66666666666666,164.66666666666666,164.66666666666666,164.66666666666666,164.66666666666666,164.66666666666666,165.66666666666666,165.66666666666666,165.66666666666666,165.66666666666666,168.66666666666666,166.66666666666666,165.66666666666666,165.66666666666666,167.66666666666666,168.66666666666666,168.66666666666666,167.66666666666666,169.66666666666666,168.66666666666666,166.66666666666666,166.66666666666666,168.66666666666666,168.66666666666666,166.66666666666666,165.66666666666666,170.66666666666666,169.66666666666666,169.66666666666666,168.66666666666666,168.66666666666666,168.66666666666666,168.66666666666666,169.66666666666666,170.66666666666666,169.66666666666666,167.66666666666666,166.66666666666666,164.66666666666666,163.66666666666666,163.66666666666666,163.66666666666666,165.66666666666666,165.66666666666666,165.66666666666666,164.66666666666666,163.66666666666666,164.66666666666666,166.66666666666666,169.66666666666666,170.66666666666666,168.66666666666666,167.66666666666666,168.66666666666666,170.66666666666666,171.66666666666666,170.66666666666666,168.66666666666666,169.33333333333334,169.33333333333334,169.33333333333334,168.33333333333334,167.33333333333334,165.33333333333334,164.33333333333334,163.33333333333334,163.33333333333334,164.33333333333334,164.33333333333334,165.33333333333334,165.33333333333334,165.33333333333334,164.33333333333334,164.33333333333334,163.33333333333334,163.33333333333334,164.33333333333334,165.33333333333334,167.33333333333334,169.33333333333334,171.33333333333334,173.33333333333334,169.33333333333334,168.33333333333334,166.33333333333334,165.33333333333334,164.33333333333334,163.33333333333334,163.33333333333334,163.33333333333334,165.0,166.0,167.0,165.0,164.0,164.0,165.0,167.0,164.0,164.0,164.0,165.0,165.0,166.0,166.0,166.0,166.0,165.0,165.0,164.0,163.0,163.0,163.0,163.0,164.0,164.0,164.0,164.0,164.0,165.0,167.0,167.0,167.0,166.0,165.0,166.0,168.0,169.0,163.66666666666666,164.66666666666666,165.66666666666666,165.66666666666666,165.66666666666666,164.66666666666666,162.66666666666666,161.66666666666666,161.66666666666666,161.66666666666666,162.66666666666666,162.66666666666666,162.66666666666666,163.66666666666666,163.66666666666666,163.66666666666666,165.66666666666666,165.66666666666666,165.66666666666666,165.66666666666666,165.66666666666666,165.66666666666666,165.66666666666666,165.66666666666666,166.66666666666666,165.66666666666666,165.66666666666666,165.66666666666666,165.66666666666666,165.66666666666666,164.66666666666666,164.66666666666666,170.66666666666666,167.66666666666666,166.66666666666666,165.66666666666666,167.66666666666666,168.66666666666666,167.66666666666666,166.66666666666666,169.66666666666666,167.66666666666666,166.66666666666666,166.66666666666666,167.66666666666666,168.66666666666666,166.66666666666666,165.66666666666666,169.66666666666666,169.66666666666666,168.66666666666666,168.66666666666666,168.66666666666666,169.66666666666666,170.66666666666666,170.66666666666666,170.66666666666666,169.66666666666666,168.66666666666666,166.66666666666666,165.66666666666666,165.66666666666666,165.66666666666666,165.66666666666666,163.66666666666666,165.66666666666666,166.66666666666666,166.66666666666666,165.66666666666666,165.66666666666666,167.66666666666666,168.66666666666666,165.66666666666666,163.66666666666666,163.66666666666666,164.66666666666666,166.66666666666666,168.66666666666666,167.66666666666666,166.66666666666666,168.33333333333334,169.33333333333334,169.33333333333334,168.33333333333334,167.33333333333334,165.33333333333334,163.33333333333334,162.33333333333334,164.33333333333334,164.33333333333334,165.33333333333334,166.33333333333334,166.33333333333334,165.33333333333334,164.33333333333334,163.33333333333334,168.33333333333334,167.33333333333334,167.33333333333334,167.33333333333334,167.33333333333334,169.33333333333334,170.33333333333334,171.33333333333334,170.33333333333334,169.33333333333334,167.33333333333334,165.33333333333334,165.33333333333334,165.33333333333334,165.33333333333334,166.33333333333334,166.0,167.0,168.0,167.0,165.0,165.0,167.0,169.0,165.0,165.0,165.0,165.0,164.0,164.0,164.0,164.0,162.0,163.0,163.0,164.0,164.0,164.0,163.0,163.0,164.0,164.0,163.0,163.0,163.0,164.0,164.0,165.0,164.0,163.0,162.0,163.0,167.0,168.0,162.66666666666666,164.66666666666666,165.66666666666666,166.66666666666666,166.66666666666666,164.66666666666666,162.66666666666666,160.66666666666666,160.66666666666666,160.66666666666666,160.66666666666666,161.66666666666666,161.66666666666666,162.66666666666666,162.66666666666666,162.66666666666666,166.66666666666666,165.66666666666666,165.66666666666666,164.66666666666666,164.66666666666666,165.66666666666666,165.66666666666666,166.66666666666666,167.66666666666666,166.66666666666666,166.66666666666666,165.66666666666666,165.66666666666666,164.66666666666666,164.66666666666666,163.66666666666666,171.66666666666666,168.66666666666666,166.66666666666666,166.66666666666666,167.66666666666666,167.66666666666666,166.66666666666666,165.66666666666666,168.66666666666666,167.66666666666666,165.66666666666666,166.66666666666666,167.66666666666666,167.66666666666666,165.66666666666666,164.66666666666666,167.66666666666666,167.66666666666666,167.66666666666666,167.66666666666666,168.66666666666666,169.66666666666666,170.66666666666666,171.66666666666666,170.66666666666666,169.66666666666666,168.66666666666666,167.66666666666666,166.66666666666666,166.66666666666666,166.66666666666666,166.66666666666666,163.66666666666666,165.66666666666666,167.66666666666666,167.66666666666666,166.66666666666666,166.66666666666666,167.66666666666666,168.66666666666666,165.66666666666666,164.66666666666666,163.66666666666666,165.66666666666666,167.66666666666666,169.66666666666666,169.66666666666666,168.66666666666666,168.33333333333334,168.33333333333334,169.33333333333334,168.33333333333334,167.33333333333334,165.33333333333334,162.33333333333334,161.33333333333334,164.33333333333334,165.33333333333334,166.33333333333334,167.33333333333334,167.33333333333334,166.33333333333334,164.33333333333334,163.33333333333334,172.33333333333334,171.33333333333334,169.33333333333334,168.33333333333334,167.33333333333334,168.33333333333334,169.33333333333334,169.33333333333334,170.33333333333334,169.33333333333334,167.33333333333334,166.33333333333334,165.33333333333334,166.33333333333334,167.33333333333334,168.33333333333334,167.0,168.0,169.0,168.0,167.0,167.0,168.0,170.0,167.0,166.0,166.0,164.0,163.0,162.0,161.0,161.0,162.0,163.0,164.0,165.0,164.0,163.0,161.0,160.0,164.0,164.0,163.0,162.0,162.0,162.0,163.0,163.0,160.0,158.0,157.0,159.0,163.0,165.0,167.66666666666666,164.66666666666666,160.66666666666666,160.66666666666666,162.66666666666666,164.66666666666666,163.66666666666666,161.66666666666666,162.66666666666666,160.66666666666666,159.66666666666666,161.66666666666666,165.66666666666666,167.66666666666666,166.66666666666666,164.66666666666666,166.66666666666666,165.66666666666666,165.66666666666666,166.66666666666666,167.66666666666666,168.66666666666666,170.66666666666666,170.66666666666666,169.66666666666666,167.66666666666666,165.66666666666666,165.66666666666666,165.66666666666666,165.66666666666666,163.66666666666666,161.66666666666666,162.66666666666666,163.66666666666666,165.66666666666666,167.66666666666666,167.66666666666666,166.66666666666666,165.66666666666666,164.66666666666666,169.66666666666666,167.66666666666666,165.66666666666666,164.66666666666666,166.66666666666666,168.66666666666666,169.66666666666666,169.66666666666666,173.66666666666666,172.66666666666666,170.66666666666666,169.66666666666666,168.66666666666666,167.66666666666666,167.66666666666666,167.66666666666666,168.66666666666666,167.66666666666666,165.66666666666666,166.66666666666666,168.66666666666666,168.66666666666666,167.66666666666666,166.66666666666666,168.66666666666666,168.66666666666666,167.66666666666666,166.66666666666666,166.66666666666666,165.66666666666666,165.66666666666666,165.66666666666666,163.66666666666666,164.66666666666666,165.66666666666666,166.66666666666666,168.66666666666666,169.66666666666666,170.66666666666666,171.66666666666666,170.66666666666666,170.66666666666666,169.66666666666666,168.66666666666666,168.66666666666666,167.66666666666666,167.66666666666666,167.66666666666666,165.66666666666666,164.66666666666666,163.66666666666666,164.66666666666666,165.66666666666666,165.66666666666666,163.66666666666666,161.66666666666666,163.33333333333334,163.33333333333334,164.33333333333334,165.33333333333334,166.33333333333334,166.33333333333334,166.33333333333334,166.33333333333334,167.33333333333334,165.33333333333334,164.33333333333334,163.33333333333334,164.33333333333334,166.33333333333334,169.33333333333334,170.33333333333334,167.0,168.0,169.0,167.0,165.0,165.0,167.0,168.0,168.0,168.0,167.0,166.0,165.0,164.0,163.0,162.0,166.0,165.0,163.0,163.0,164.0,163.0,162.0,160.0,157.0,155.0,155.0,158.0,161.0,162.0,160.0,157.0,156.0,155.0,154.0,153.0,154.0,155.0,168.66666666666666,165.66666666666666,162.66666666666666,161.66666666666666,163.66666666666666,165.66666666666666,164.66666666666666,162.66666666666666,163.66666666666666,161.66666666666666,160.66666666666666,162.66666666666666,165.66666666666666,166.66666666666666,165.66666666666666,163.66666666666666,165.66666666666666,165.66666666666666,165.66666666666666,165.66666666666666,166.66666666666666,167.66666666666666,169.66666666666666,170.66666666666666,168.66666666666666,167.66666666666666,165.66666666666666,165.66666666666666,165.66666666666666,165.66666666666666,163.66666666666666,162.66666666666666,163.66666666666666,164.66666666666666,165.66666666666666,165.66666666666666,166.66666666666666,166.66666666666666,166.66666666666666,165.66666666666666,167.66666666666666,165.66666666666666,164.66666666666666,165.66666666666666,167.66666666666666,168.66666666666666,168.66666666666666,167.66666666666666,172.66666666666666,172.66666666666666,171.66666666666666,169.66666666666666,169.66666666666666,169.66666666666666,169.66666666666666,169.66666666666666,171.66666666666666,169.66666666666666,168.66666666666666,169.66666666666666,170.66666666666666,171.66666666666666,170.66666666666666,168.66666666666666,166.66666666666666,166.66666666666666,166.66666666666666,166.66666666666666,165.66666666666666,165.66666666666666,165.66666666666666,165.66666666666666,164.66666666666666,164.66666666666666,165.66666666666666,166.66666666666666,168.66666666666666,169.66666666666666,170.66666666666666,170.66666666666666,168.66666666666666,168.66666666666666,168.66666666666666,168.66666666666666,167.66666666666666,167.66666666666666,167.66666666666666,167.66666666666666,166.66666666666666,166.66666666666666,165.66666666666666,165.66666666666666,164.66666666666666,163.66666666666666,163.66666666666666,163.66666666666666,166.33333333333334,166.33333333333334,166.33333333333334,167.33333333333334,167.33333333333334,167.33333333333334,166.33333333333334,166.33333333333334,165.33333333333334,164.33333333333334,163.33333333333334,162.33333333333334,163.33333333333334,164.33333333333334,166.33333333333334,168.33333333333334,167.0,168.0,168.0,167.0,165.0,164.0,166.0,168.0,168.0,168.0,168.0,167.0,167.0,167.0,167.0,167.0,166.0,164.0,162.0,161.0,161.0,160.0,158.0,156.0,154.0,154.0,155.0,158.0,162.0,162.0,158.0,155.0,152.0,152.0,151.0,150.0,151.0,152.0,168.66666666666666,166.66666666666666,164.66666666666666,163.66666666666666,165.66666666666666,165.66666666666666,165.66666666666666,164.66666666666666,164.66666666666666,163.66666666666666,162.66666666666666,163.66666666666666,164.66666666666666,165.66666666666666,164.66666666666666,162.66666666666666,164.66666666666666,164.66666666666666,164.66666666666666,164.66666666666666,165.66666666666666,166.66666666666666,167.66666666666666,168.66666666666666,168.66666666666666,166.66666666666666,165.66666666666666,165.66666666666666,165.66666666666666,165.66666666666666,164.66666666666666,162.66666666666666,165.66666666666666,164.66666666666666,164.66666666666666,164.66666666666666,165.66666666666666,165.66666666666666,166.66666666666666,167.66666666666666,165.66666666666666,164.66666666666666,163.66666666666666,165.66666666666666,167.66666666666666,167.66666666666666,166.66666666666666,164.66666666666666,169.66666666666666,168.66666666666666,168.66666666666666,167.66666666666666,167.66666666666666,167.66666666666666,168.66666666666666,168.66666666666666,171.66666666666666,170.66666666666666,168.66666666666666,169.66666666666666,171.66666666666666,171.66666666666666,170.66666666666666,169.66666666666666,164.66666666666666,164.66666666666666,164.66666666666666,164.66666666666666,165.66666666666666,165.66666666666666,165.66666666666666,165.66666666666666,164.66666666666666,165.66666666666666,165.66666666666666,166.66666666666666,168.66666666666666,169.66666666666666,169.66666666666666,170.66666666666666,166.66666666666666,166.66666666666666,166.66666666666666,166.66666666666666,167.66666666666666,167.66666666666666,167.66666666666666,167.66666666666666,167.66666666666666,168.66666666666666,168.66666666666666,165.66666666666666,161.66666666666666,160.66666666666666,163.66666666666666,166.66666666666666,168.33333333333334,168.33333333333334,168.33333333333334,167.33333333333334,167.33333333333334,167.33333333333334,167.33333333333334,166.33333333333334,166.33333333333334,166.33333333333334,164.33333333333334,164.33333333333334,164.33333333333334,165.33333333333334,167.33333333333334,168.33333333333334,167.0,167.0,168.0,166.0,164.0,163.0,165.0,167.0,165.0,165.0,166.0,166.0,166.0,167.0,167.0,167.0,165.0,163.0,160.0,159.0,159.0,158.0,155.0,153.0,152.0,152.0,155.0,158.0,160.0,160.0,156.0,153.0,151.0,151.0,151.0,151.0,151.0,152.0,168.66666666666666,167.66666666666666,166.66666666666666,166.66666666666666,166.66666666666666,166.66666666666666,165.66666666666666,165.66666666666666,165.66666666666666,165.66666666666666,164.66666666666666,164.66666666666666,164.66666666666666,164.66666666666666,163.66666666666666,162.66666666666666,164.66666666666666,164.66666666666666,164.66666666666666,164.66666666666666,164.66666666666666,165.66666666666666,166.66666666666666,167.66666666666666,168.66666666666666,166.66666666666666,164.66666666666666,164.66666666666666,166.66666666666666,166.66666666666666,164.66666666666666,162.66666666666666,166.66666666666666,165.66666666666666,164.66666666666666,163.66666666666666,163.66666666666666,165.66666666666666,167.66666666666666,168.66666666666666,162.66666666666666,162.66666666666666,163.66666666666666,165.66666666666666,167.66666666666666,167.66666666666666,165.66666666666666,162.66666666666666,164.66666666666666,164.66666666666666,163.66666666666666,163.66666666666666,163.66666666666666,164.66666666666666,165.66666666666666,165.66666666666666,169.66666666666666,167.66666666666666,166.66666666666666,167.66666666666666,168.66666666666666,169.66666666666666,168.66666666666666,166.66666666666666,162.66666666666666,162.66666666666666,163.66666666666666,164.66666666666666,164.66666666666666,165.66666666666666,165.66666666666666,165.66666666666666,165.66666666666666,165.66666666666666,166.66666666666666,167.66666666666666,167.66666666666666,168.66666666666666,169.66666666666666,169.66666666666666,164.66666666666666,164.66666666666666,165.66666666666666,166.66666666666666,166.66666666666666,167.66666666666666,167.66666666666666,167.66666666666666,168.66666666666666,170.66666666666666,170.66666666666666,166.66666666666666,160.66666666666666,159.66666666666666,163.66666666666666,169.66666666666666,167.33333333333334,166.33333333333334,166.33333333333334,166.33333333333334,166.33333333333334,167.33333333333334,167.33333333333334,168.33333333333334,170.33333333333334,169.33333333333334,168.33333333333334,167.33333333333334,167.33333333333334,168.33333333333334,168.33333333333334,169.33333333333334,166.0,167.0,167.0,165.0,163.0,162.0,163.0,165.0,161.0,161.0,161.0,161.0,161.0,161.0,161.0,161.0,162.0,161.0,159.0,158.0,159.0,158.0,156.0,154.0,152.0,153.0,154.0,156.0,157.0,158.0,157.0,156.0,155.0,155.0,155.0,155.0,156.0,157.0,167.66666666666666,167.66666666666666,168.66666666666666,167.66666666666666,166.66666666666666,165.66666666666666,165.66666666666666,165.66666666666666,166.66666666666666,166.66666666666666,166.66666666666666,165.66666666666666,164.66666666666666,163.66666666666666,163.66666666666666,163.66666666666666,165.66666666666666,165.66666666666666,164.66666666666666,164.66666666666666,164.66666666666666,165.66666666666666,166.66666666666666,166.66666666666666,167.66666666666666,165.66666666666666,164.66666666666666,164.66666666666666,166.66666666666666,166.66666666666666,165.66666666666666,163.66666666666666,166.66666666666666,165.66666666666666,164.66666666666666,163.66666666666666,163.66666666666666,165.66666666666666,167.66666666666666,168.66666666666666,162.66666666666666,162.66666666666666,162.66666666666666,164.66666666666666,166.66666666666666,166.66666666666666,164.66666666666666,162.66666666666666,164.66666666666666,163.66666666666666,163.66666666666666,162.66666666666666,163.66666666666666,163.66666666666666,164.66666666666666,165.66666666666666,168.66666666666666,166.66666666666666,165.66666666666666,166.66666666666666,167.66666666666666,168.66666666666666,167.66666666666666,165.66666666666666,162.66666666666666,162.66666666666666,163.66666666666666,164.66666666666666,164.66666666666666,165.66666666666666,165.66666666666666,165.66666666666666,165.66666666666666,165.66666666666666,166.66666666666666,167.66666666666666,167.66666666666666,168.66666666666666,169.66666666666666,169.66666666666666,164.66666666666666,164.66666666666666,165.66666666666666,166.66666666666666,166.66666666666666,167.66666666666666,167.66666666666666,167.66666666666666,168.66666666666666,170.66666666666666,171.66666666666666,167.66666666666666,161.66666666666666,160.66666666666666,165.66666666666666,170.66666666666666,164.33333333333334,164.33333333333334,163.33333333333334,164.33333333333334,165.33333333333334,166.33333333333334,168.33333333333334,169.33333333333334,170.33333333333334,170.33333333333334,169.33333333333334,168.33333333333334,167.33333333333334,167.33333333333334,167.33333333333334,167.33333333333334,165.0,166.0,166.0,164.0,161.0,160.0,161.0,163.0,160.0,160.0,159.0,159.0,158.0,157.0,156.0,156.0,160.0,158.0,158.0,158.0,160.0,161.0,160.0,159.0,155.0,155.0,155.0,155.0,155.0,156.0,158.0,160.0,157.0,158.0,159.0,160.0,161.0,161.0,165.66666666666666,167.66666666666666,168.66666666666666,168.66666666666666,166.66666666666666,165.66666666666666,165.66666666666666,165.66666666666666,165.66666666666666,166.66666666666666,167.66666666666666,166.66666666666666,164.66666666666666,162.66666666666666,163.66666666666666,164.66666666666666,166.66666666666666,166.66666666666666,165.66666666666666,165.66666666666666,165.66666666666666,165.66666666666666,166.66666666666666,167.66666666666666,166.66666666666666,165.66666666666666,164.66666666666666,164.66666666666666,166.66666666666666,166.66666666666666,165.66666666666666,164.66666666666666,165.66666666666666,164.66666666666666,164.66666666666666,164.66666666666666,165.66666666666666,165.66666666666666,166.66666666666666,167.66666666666666,163.66666666666666,162.66666666666666,162.66666666666666,164.66666666666666,166.66666666666666,166.66666666666666,165.66666666666666,163.66666666666666,168.66666666666666,167.66666666666666,166.66666666666666,166.66666666666666,166.66666666666666,166.66666666666666,167.66666666666666,167.66666666666666,169.66666666666666,167.66666666666666,166.66666666666666,167.66666666666666,168.66666666666666,169.66666666666666,168.66666666666666,166.66666666666666,164.66666666666666,164.66666666666666,164.66666666666666,164.66666666666666,165.66666666666666,165.66666666666666,165.66666666666666,165.66666666666666,166.66666666666666,166.66666666666666,166.66666666666666,167.66666666666666,167.66666666666666,168.66666666666666,168.66666666666666,168.66666666666666,166.66666666666666,166.66666666666666,166.66666666666666,166.66666666666666,167.66666666666666,167.66666666666666,167.66666666666666,167.66666666666666,167.66666666666666,169.66666666666666,170.66666666666666,167.66666666666666,164.66666666666666,164.66666666666666,167.66666666666666,170.66666666666666,165.33333333333334,164.33333333333334,163.33333333333334,163.33333333333334,163.33333333333334,165.33333333333334,167.33333333333334,168.33333333333334,168.33333333333334,168.33333333333334,167.33333333333334,166.33333333333334,165.33333333333334,164.33333333333334,163.33333333333334,163.33333333333334,165.0,165.0,165.0,163.0,160.0,159.0,160.0,161.0,162.0,162.0,161.0,160.0,158.0,157.0,156.0,156.0,159.0,158.0,157.0,159.0,161.0,163.0,163.0,162.0,157.0,157.0,158.0,157.0,156.0,157.0,160.0,163.0,157.0,158.0,160.0,161.0,163.0,163.0,163.66666666666666,166.66666666666666,169.66666666666666,168.66666666666666,165.66666666666666,163.66666666666666,164.66666666666666,165.66666666666666,164.66666666666666,166.66666666666666,167.66666666666666,166.66666666666666,164.66666666666666,163.66666666666666,164.66666666666666,166.66666666666666,167.66666666666666,167.66666666666666,166.66666666666666,166.66666666666666,166.66666666666666,166.66666666666666,167.66666666666666,167.66666666666666,166.66666666666666,165.66666666666666,164.66666666666666,164.66666666666666,166.66666666666666,166.66666666666666,165.66666666666666,164.66666666666666,163.66666666666666,164.66666666666666,165.66666666666666,165.66666666666666,166.66666666666666,166.66666666666666,166.66666666666666,165.66666666666666,165.66666666666666,164.66666666666666,162.66666666666666,163.66666666666666,165.66666666666666,166.66666666666666,166.66666666666666,165.66666666666666,171.66666666666666,170.66666666666666,169.66666666666666,168.66666666666666,167.66666666666666,167.66666666666666,167.66666666666666,167.66666666666666,167.66666666666666,166.66666666666666,164.66666666666666,165.66666666666666,167.66666666666666,167.66666666666666,166.66666666666666,165.66666666666666,166.66666666666666,166.66666666666666,166.66666666666666,166.66666666666666,165.66666666666666,165.66666666666666,165.66666666666666,165.66666666666666,166.66666666666666,166.66666666666666,167.66666666666666,167.66666666666666,167.66666666666666,167.66666666666666,168.66666666666666,168.66666666666666,168.66666666666666,168.66666666666666,168.66666666666666,168.66666666666666,167.66666666666666,167.66666666666666,167.66666666666666,167.66666666666666,167.66666666666666,167.66666666666666,167.66666666666666,168.66666666666666,168.66666666666666,168.66666666666666,168.66666666666666,169.66666666666666,169.33333333333334,168.33333333333334,166.33333333333334,164.33333333333334,163.33333333333334,164.33333333333334,165.33333333333334,166.33333333333334,167.33333333333334,167.33333333333334,167.33333333333334,166.33333333333334,164.33333333333334,163.33333333333334,161.33333333333334,160.33333333333334,164.0,165.0,164.0,162.0,159.0,158.0,159.0,160.0,161.0,161.0,161.0,160.0,160.0,159.0,159.0,158.0,159.0,158.0,157.0,159.0,161.0,162.0,162.0,160.0,155.0,159.0,162.0,163.0,162.0,161.0,161.0,163.0,158.0,160.0,162.0,164.0,165.0,165.0,162.66666666666666,166.66666666666666,169.66666666666666,168.66666666666666,165.66666666666666,163.66666666666666,163.66666666666666,164.66666666666666,163.66666666666666,165.66666666666666,167.66666666666666,166.66666666666666,164.66666666666666,163.66666666666666,165.66666666666666,167.66666666666666,168.66666666666666,168.66666666666666,167.66666666666666,166.66666666666666,166.66666666666666,167.66666666666666,167.66666666666666,168.66666666666666,166.66666666666666,164.66666666666666,163.66666666666666,164.66666666666666,166.66666666666666,167.66666666666666,166.66666666666666,164.66666666666666,162.66666666666666,163.66666666666666,165.66666666666666,167.66666666666666,167.66666666666666,166.66666666666666,165.66666666666666,164.66666666666666,167.66666666666666,165.66666666666666,162.66666666666666,162.66666666666666,164.66666666666666,166.66666666666666,167.66666666666666,167.66666666666666,171.66666666666666,170.66666666666666,168.66666666666666,167.66666666666666,166.66666666666666,165.66666666666666,165.66666666666666,165.66666666666666,164.66666666666666,162.66666666666666,161.66666666666666,162.66666666666666,163.66666666666666,164.66666666666666,163.66666666666666,161.66666666666666,168.66666666666666,168.66666666666666,167.66666666666666,166.66666666666666,166.66666666666666,165.66666666666666,165.66666666666666,165.66666666666666,166.66666666666666,166.66666666666666,167.66666666666666,167.66666666666666,167.66666666666666,167.66666666666666,168.66666666666666,168.66666666666666,170.66666666666666,170.66666666666666,169.66666666666666,168.66666666666666,168.66666666666666,167.66666666666666,167.66666666666666,167.66666666666666,166.66666666666666,166.66666666666666,166.66666666666666,168.66666666666666,170.66666666666666,171.66666666666666,170.66666666666666,168.66666666666666,174.33333333333334,172.33333333333334,169.33333333333334,166.33333333333334,164.33333333333334,163.33333333333334,164.33333333333334,165.33333333333334,169.33333333333334,169.33333333333334,169.33333333333334,168.33333333333334,166.33333333333334,164.33333333333334,162.33333333333334,161.33333333333334,164.0,164.0,164.0,162.0,159.0,157.0,158.0,159.0,158.0,158.0,158.0,159.0,159.0,159.0,160.0,160.0,160.0,159.0,158.0,158.0,160.0,160.0,159.0,158.0,153.0,159.0,166.0,169.0,167.0,163.0,161.0,161.0,160.0,162.0,164.0,166.0,168.0,168.0,169.66666666666666,168.66666666666666,168.66666666666666,167.66666666666666,167.66666666666666,166.66666666666666,166.66666666666666,165.66666666666666,162.66666666666666,165.66666666666666,167.66666666666666,166.66666666666666,164.66666666666666,164.66666666666666,167.66666666666666,171.66666666666666,170.66666666666666,169.66666666666666,167.66666666666666,166.66666666666666,166.66666666666666,167.66666666666666,169.66666666666666,170.66666666666666,169.66666666666666,169.66666666666666,168.66666666666666,168.66666666666666,168.66666666666666,169.66666666666666,170.66666666666666,170.66666666666666,165.66666666666666,166.66666666666666,167.66666666666666,168.66666666666666,169.66666666666666,171.66666666666666,172.66666666666666,172.66666666666666,168.66666666666666,167.66666666666666,166.66666666666666,164.66666666666666,164.66666666666666,164.66666666666666,165.66666666666666,166.66666666666666,166.66666666666666,167.66666666666666,168.66666666666666,169.66666666666666,168.66666666666666,167.66666666666666,165.66666666666666,164.66666666666666,168.66666666666666,164.66666666666666,160.66666666666666,160.66666666666666,162.66666666666666,163.66666666666666,162.66666666666666,160.66666666666666,159.66666666666666,159.66666666666666,161.66666666666666,164.66666666666666,166.66666666666666,166.66666666666666,162.66666666666666,159.66666666666666,161.66666666666666,159.66666666666666,157.66666666666666,155.66666666666666,156.66666666666666,158.66666666666666,161.66666666666666,163.66666666666666,167.66666666666666,169.66666666666666,169.66666666666666,167.66666666666666,165.66666666666666,166.66666666666666,170.66666666666666,175.66666666666666,167.66666666666666,167.66666666666666,165.66666666666666,164.66666666666666,163.66666666666666,162.66666666666666,162.66666666666666,162.66666666666666,159.33333333333334,161.33333333333334,165.33333333333334,167.33333333333334,169.33333333333334,169.33333333333334,168.33333333333334,168.33333333333334,164.33333333333334,164.33333333333334,165.33333333333334,165.33333333333334,164.33333333333334,164.33333333333334,163.33333333333334,162.33333333333334,164.0,164.0,165.0,164.0,163.0,162.0,161.0,160.0,156.0,158.0,160.0,160.0,160.0,160.0,162.0,164.0,167.0,164.0,161.0,160.0,161.0,163.0,164.0,163.0,161.0,163.0,165.0,166.0,166.0,165.0,164.0,162.0,169.0,168.0,167.0,168.0,170.0,170.0,169.66666666666666,169.66666666666666,169.66666666666666,168.66666666666666,167.66666666666666,167.66666666666666,166.66666666666666,166.66666666666666,167.66666666666666,169.66666666666666,170.66666666666666,169.66666666666666,167.66666666666666,167.66666666666666,169.66666666666666,172.66666666666666,170.66666666666666,170.66666666666666,170.66666666666666,171.66666666666666,171.66666666666666,170.66666666666666,170.66666666666666,170.66666666666666,170.66666666666666,169.66666666666666,168.66666666666666,167.66666666666666,167.66666666666666,166.66666666666666,167.66666666666666,167.66666666666666,171.66666666666666,171.66666666666666,171.66666666666666,172.66666666666666,172.66666666666666,172.66666666666666,172.66666666666666,172.66666666666666,169.66666666666666,169.66666666666666,167.66666666666666,166.66666666666666,166.66666666666666,166.66666666666666,167.66666666666666,167.66666666666666,168.66666666666666,168.66666666666666,169.66666666666666,169.66666666666666,168.66666666666666,167.66666666666666,165.66666666666666,164.66666666666666,165.66666666666666,161.66666666666666,157.66666666666666,156.66666666666666,157.66666666666666,158.66666666666666,158.66666666666666,157.66666666666666,156.66666666666666,156.66666666666666,158.66666666666666,161.66666666666666,163.66666666666666,162.66666666666666,159.66666666666666,156.66666666666666,151.66666666666666,150.66666666666666,149.66666666666666,148.66666666666666,148.66666666666666,150.66666666666666,152.66666666666666,153.66666666666666,154.66666666666666,154.66666666666666,154.66666666666666,153.66666666666666,152.66666666666666,153.66666666666666,156.66666666666666,159.66666666666666,162.66666666666666,163.66666666666666,164.66666666666666,165.66666666666666,165.66666666666666,164.66666666666666,162.66666666666666,160.66666666666666,160.33333333333334,162.33333333333334,165.33333333333334,167.33333333333334,168.33333333333334,168.33333333333334,167.33333333333334,166.33333333333334,164.33333333333334,164.33333333333334,164.33333333333334,164.33333333333334,164.33333333333334,163.33333333333334,162.33333333333334,162.33333333333334,162.0,162.0,162.0,162.0,161.0,160.0,159.0,158.0,157.0,159.0,161.0,161.0,160.0,160.0,161.0,163.0,165.0,164.0,164.0,165.0,166.0,167.0,166.0,164.0,163.0,162.0,162.0,161.0,161.0,161.0,162.0,162.0,162.0,162.0,163.0,166.0,168.0,170.0,167.66666666666666,168.66666666666666,168.66666666666666,169.66666666666666,170.66666666666666,171.66666666666666,172.66666666666666,172.66666666666666,171.66666666666666,171.66666666666666,171.66666666666666,170.66666666666666,168.66666666666666,168.66666666666666,169.66666666666666,171.66666666666666,168.66666666666666,169.66666666666666,171.66666666666666,173.66666666666666,173.66666666666666,171.66666666666666,169.66666666666666,168.66666666666666,175.66666666666666,174.66666666666666,172.66666666666666,171.66666666666666,169.66666666666666,169.66666666666666,169.66666666666666,169.66666666666666,174.66666666666666,174.66666666666666,173.66666666666666,173.66666666666666,172.66666666666666,172.66666666666666,171.66666666666666,171.66666666666666,171.66666666666666,170.66666666666666,169.66666666666666,168.66666666666666,168.66666666666666,168.66666666666666,168.66666666666666,169.66666666666666,170.66666666666666,170.66666666666666,170.66666666666666,169.66666666666666,168.66666666666666,167.66666666666666,166.66666666666666,165.66666666666666,166.66666666666666,162.66666666666666,157.66666666666666,155.66666666666666,155.66666666666666,156.66666666666666,156.66666666666666,156.66666666666666,156.66666666666666,156.66666666666666,157.66666666666666,159.66666666666666,161.66666666666666,161.66666666666666,158.66666666666666,155.66666666666666,151.66666666666666,151.66666666666666,151.66666666666666,151.66666666666666,151.66666666666666,152.66666666666666,152.66666666666666,153.66666666666666,151.66666666666666,149.66666666666666,147.66666666666666,147.66666666666666,148.66666666666666,150.66666666666666,151.66666666666666,151.66666666666666,158.66666666666666,160.66666666666666,164.66666666666666,167.66666666666666,167.66666666666666,165.66666666666666,162.66666666666666,160.66666666666666,163.33333333333334,164.33333333333334,166.33333333333334,167.33333333333334,168.33333333333334,167.33333333333334,166.33333333333334,165.33333333333334,165.33333333333334,165.33333333333334,164.33333333333334,164.33333333333334,164.33333333333334,163.33333333333334,163.33333333333334,163.33333333333334,160.0,160.0,160.0,160.0,159.0,158.0,157.0,156.0,159.0,160.0,162.0,161.0,160.0,159.0,160.0,162.0,162.0,162.0,164.0,166.0,169.0,169.0,166.0,163.0,164.0,163.0,160.0,158.0,157.0,158.0,160.0,161.0,158.0,159.0,162.0,165.0,167.0,167.0,161.66666666666666,162.66666666666666,163.66666666666666,166.66666666666666,168.66666666666666,171.66666666666666,173.66666666666666,174.66666666666666,172.66666666666666,171.66666666666666,170.66666666666666,169.66666666666666,167.66666666666666,167.66666666666666,167.66666666666666,168.66666666666666,166.66666666666666,167.66666666666666,168.66666666666666,169.66666666666666,169.66666666666666,168.66666666666666,167.66666666666666,166.66666666666666,174.66666666666666,173.66666666666666,172.66666666666666,171.66666666666666,170.66666666666666,170.66666666666666,170.66666666666666,171.66666666666666,172.66666666666666,172.66666666666666,172.66666666666666,171.66666666666666,171.66666666666666,170.66666666666666,170.66666666666666,170.66666666666666,172.66666666666666,171.66666666666666,171.66666666666666,170.66666666666666,170.66666666666666,170.66666666666666,170.66666666666666,170.66666666666666,171.66666666666666,171.66666666666666,170.66666666666666,169.66666666666666,168.66666666666666,167.66666666666666,166.66666666666666,165.66666666666666,169.66666666666666,166.66666666666666,162.66666666666666,158.66666666666666,157.66666666666666,158.66666666666666,160.66666666666666,161.66666666666666,160.66666666666666,160.66666666666666,161.66666666666666,163.66666666666666,164.66666666666666,164.66666666666666,161.66666666666666,159.66666666666666,163.66666666666666,164.66666666666666,165.66666666666666,167.66666666666666,167.66666666666666,167.66666666666666,166.66666666666666,165.66666666666666,164.66666666666666,161.66666666666666,157.66666666666666,158.66666666666666,161.66666666666666,163.66666666666666,162.66666666666666,160.66666666666666,161.66666666666666,163.66666666666666,166.66666666666666,168.66666666666666,168.66666666666666,166.66666666666666,164.66666666666666,162.66666666666666,166.33333333333334,167.33333333333334,168.33333333333334,168.33333333333334,168.33333333333334,168.33333333333334,167.33333333333334,166.33333333333334,167.33333333333334,166.33333333333334,166.33333333333334,165.33333333333334,165.33333333333334,164.33333333333334,165.33333333333334,165.33333333333334,162.0,162.0,162.0,162.0,161.0,160.0,158.0,158.0,160.0,162.0,162.0,162.0,160.0,159.0,160.0,161.0,160.0,160.0,161.0,163.0,166.0,166.0,165.0,163.0,165.0,164.0,162.0,160.0,159.0,159.0,160.0,160.0,160.0,163.0,166.0,167.0,166.0,165.0,162.66666666666666,163.66666666666666,164.66666666666666,165.66666666666666,166.66666666666666,168.66666666666666,169.66666666666666,169.66666666666666,173.66666666666666,172.66666666666666,170.66666666666666,169.66666666666666,168.66666666666666,168.66666666666666,167.66666666666666,167.66666666666666,169.66666666666666,168.66666666666666,167.66666666666666,166.66666666666666,166.66666666666666,167.66666666666666,168.66666666666666,169.66666666666666,168.66666666666666,168.66666666666666,168.66666666666666,168.66666666666666,168.66666666666666,169.66666666666666,170.66666666666666,171.66666666666666,170.66666666666666,170.66666666666666,170.66666666666666,171.66666666666666,171.66666666666666,172.66666666666666,172.66666666666666,172.66666666666666,171.66666666666666,171.66666666666666,171.66666666666666,171.66666666666666,170.66666666666666,170.66666666666666,169.66666666666666,169.66666666666666,171.66666666666666,170.66666666666666,169.66666666666666,168.66666666666666,167.66666666666666,166.66666666666666,166.66666666666666,166.66666666666666,170.66666666666666,169.66666666666666,166.66666666666666,162.66666666666666,161.66666666666666,161.66666666666666,163.66666666666666,165.66666666666666,165.66666666666666,164.66666666666666,164.66666666666666,165.66666666666666,167.66666666666666,166.66666666666666,164.66666666666666,162.66666666666666,171.66666666666666,172.66666666666666,174.66666666666666,176.66666666666666,176.66666666666666,176.66666666666666,174.66666666666666,173.66666666666666,175.66666666666666,172.66666666666666,169.66666666666666,170.66666666666666,173.66666666666666,174.66666666666666,172.66666666666666,169.66666666666666,169.66666666666666,169.66666666666666,169.66666666666666,168.66666666666666,167.66666666666666,166.66666666666666,165.66666666666666,165.66666666666666,169.33333333333334,170.33333333333334,170.33333333333334,170.33333333333334,169.33333333333334,169.33333333333334,168.33333333333334,168.33333333333334,169.33333333333334,168.33333333333334,167.33333333333334,166.33333333333334,166.33333333333334,166.33333333333334,167.33333333333334,167.33333333333334,165.0,165.0,165.0,165.0,164.0,163.0,161.0,161.0,161.0,162.0,163.0,162.0,160.0,160.0,160.0,162.0,163.0,161.0,159.0,160.0,163.0,165.0,166.0,166.0,164.0,165.0,165.0,165.0,164.0,162.0,160.0,159.0,162.0,165.0,167.0,167.0,165.0,163.0,178.66666666666666,178.66666666666666,177.66666666666666,176.66666666666666,174.66666666666666,173.66666666666666,172.66666666666666,171.66666666666666,176.66666666666666,173.66666666666666,171.66666666666666,170.66666666666666,171.66666666666666,171.66666666666666,170.66666666666666,168.66666666666666,173.66666666666666,171.66666666666666,169.66666666666666,168.66666666666666,168.66666666666666,169.66666666666666,171.66666666666666,173.66666666666666,169.66666666666666,169.66666666666666,169.66666666666666,170.66666666666666,171.66666666666666,173.66666666666666,174.66666666666666,175.66666666666666,171.66666666666666,171.66666666666666,172.66666666666666,172.66666666666666,173.66666666666666,173.66666666666666,174.66666666666666,174.66666666666666,169.66666666666666,169.66666666666666,170.66666666666666,170.66666666666666,170.66666666666666,169.66666666666666,168.66666666666666,167.66666666666666,169.66666666666666,168.66666666666666,167.66666666666666,166.66666666666666,166.66666666666666,166.66666666666666,167.66666666666666,167.66666666666666,167.66666666666666,167.66666666666666,167.66666666666666,165.66666666666666,162.66666666666666,162.66666666666666,164.66666666666666,166.66666666666666,166.66666666666666,165.66666666666666,164.66666666666666,165.66666666666666,166.66666666666666,166.66666666666666,164.66666666666666,162.66666666666666,168.66666666666666,169.66666666666666,171.66666666666666,172.66666666666666,172.66666666666666,172.66666666666666,171.66666666666666,170.66666666666666,173.66666666666666,171.66666666666666,170.66666666666666,171.66666666666666,172.66666666666666,172.66666666666666,170.66666666666666,169.66666666666666,173.66666666666666,172.66666666666666,170.66666666666666,169.66666666666666,167.66666666666666,167.66666666666666,167.66666666666666,167.66666666666666,170.33333333333334,170.33333333333334,169.33333333333334,169.33333333333334,169.33333333333334,169.33333333333334,169.33333333333334,169.33333333333334,170.33333333333334,169.33333333333334,167.33333333333334,166.33333333333334,165.33333333333334,166.33333333333334,167.33333333333334,168.33333333333334,166.0,166.0,167.0,166.0,165.0,164.0,163.0,162.0,160.0,162.0,163.0,162.0,161.0,160.0,162.0,163.0,167.0,164.0,162.0,162.0,164.0,166.0,168.0,168.0,162.0,163.0,165.0,166.0,165.0,163.0,160.0,159.0,162.0,164.0,165.0,162.0,157.0,155.0,186.66666666666666,185.66666666666666,183.66666666666666,182.66666666666666,180.66666666666666,178.66666666666666,177.66666666666666,176.66666666666666,175.66666666666666,172.66666666666666,169.66666666666666,169.66666666666666,171.66666666666666,171.66666666666666,170.66666666666666,168.66666666666666,171.66666666666666,170.66666666666666,170.66666666666666,170.66666666666666,170.66666666666666,170.66666666666666,170.66666666666666,171.66666666666666,170.66666666666666,170.66666666666666,169.66666666666666,169.66666666666666,170.66666666666666,171.66666666666666,172.66666666666666,173.66666666666666,172.66666666666666,172.66666666666666,172.66666666666666,172.66666666666666,172.66666666666666,171.66666666666666,171.66666666666666,171.66666666666666,167.66666666666666,167.66666666666666,168.66666666666666,169.66666666666666,168.66666666666666,167.66666666666666,166.66666666666666,165.66666666666666,166.66666666666666,166.66666666666666,165.66666666666666,164.66666666666666,164.66666666666666,166.66666666666666,167.66666666666666,168.66666666666666,164.66666666666666,167.66666666666666,168.66666666666666,168.66666666666666,165.66666666666666,164.66666666666666,165.66666666666666,167.66666666666666,168.66666666666666,167.66666666666666,166.66666666666666,166.66666666666666,167.66666666666666,167.66666666666666,165.66666666666666,163.66666666666666,165.66666666666666,165.66666666666666,166.66666666666666,167.66666666666666,167.66666666666666,167.66666666666666,167.66666666666666,167.66666666666666,168.66666666666666,169.66666666666666,170.66666666666666,169.66666666666666,167.66666666666666,166.66666666666666,166.66666666666666,167.66666666666666,169.66666666666666,170.66666666666666,170.66666666666666,170.66666666666666,170.66666666666666,169.66666666666666,167.66666666666666,166.66666666666666,168.33333333333334,167.33333333333334,167.33333333333334,167.33333333333334,167.33333333333334,168.33333333333334,168.33333333333334,169.33333333333334,169.33333333333334,167.33333333333334,165.33333333333334,164.33333333333334,163.33333333333334,164.33333333333334,166.33333333333334,167.33333333333334,165.0,165.0,165.0,165.0,164.0,163.0,161.0,160.0,159.0,161.0,162.0,162.0,161.0,161.0,163.0,165.0,166.0,165.0,163.0,164.0,165.0,167.0,166.0,165.0,159.0,159.0,160.0,160.0,160.0,159.0,159.0,158.0,163.0,164.0,161.0,153.0,143.0,138.0,176.66666666666666,176.66666666666666,176.66666666666666,175.66666666666666,175.66666666666666,175.66666666666666,174.66666666666666,174.66666666666666,172.66666666666666,168.66666666666666,166.66666666666666,166.66666666666666,168.66666666666666,169.66666666666666,168.66666666666666,166.66666666666666,166.66666666666666,167.66666666666666,169.66666666666666,170.66666666666666,170.66666666666666,169.66666666666666,167.66666666666666,166.66666666666666,164.66666666666666,163.66666666666666,162.66666666666666,162.66666666666666,161.66666666666666,162.66666666666666,162.66666666666666,163.66666666666666,172.66666666666666,172.66666666666666,171.66666666666666,169.66666666666666,168.66666666666666,167.66666666666666,166.66666666666666,165.66666666666666,165.66666666666666,166.66666666666666,167.66666666666666,168.66666666666666,167.66666666666666,166.66666666666666,164.66666666666666,163.66666666666666,164.66666666666666,164.66666666666666,163.66666666666666,163.66666666666666,164.66666666666666,165.66666666666666,167.66666666666666,168.66666666666666,164.66666666666666,167.66666666666666,171.66666666666666,171.66666666666666,169.66666666666666,167.66666666666666,168.66666666666666,170.66666666666666,171.66666666666666,169.66666666666666,168.66666666666666,168.66666666666666,169.66666666666666,169.66666666666666,167.66666666666666,166.66666666666666,166.66666666666666,166.66666666666666,167.66666666666666,167.66666666666666,167.66666666666666,168.66666666666666,168.66666666666666,168.66666666666666,167.66666666666666,170.66666666666666,172.66666666666666,171.66666666666666,168.66666666666666,165.66666666666666,167.66666666666666,169.66666666666666,164.66666666666666,166.66666666666666,169.66666666666666,172.66666666666666,172.66666666666666,170.66666666666666,167.66666666666666,165.66666666666666,165.33333333333334,165.33333333333334,165.33333333333334,165.33333333333334,165.33333333333334,166.33333333333334,167.33333333333334,168.33333333333334,167.33333333333334,166.33333333333334,163.33333333333334,162.33333333333334,161.33333333333334,162.33333333333334,164.33333333333334,165.33333333333334,162.0,162.0,162.0,162.0,161.0,160.0,159.0,158.0,158.0,160.0,162.0,162.0,162.0,162.0,164.0,166.0,162.0,162.0,163.0,164.0,166.0,165.0,162.0,159.0,157.0,156.0,155.0,153.0,154.0,155.0,157.0,158.0,168.0,166.0,159.0,146.0,131.0,122.0,176.66666666666666,175.66666666666666,174.66666666666666,172.66666666666666,170.66666666666666,168.66666666666666,167.66666666666666,166.66666666666666,169.66666666666666,167.66666666666666,165.66666666666666,166.66666666666666,167.66666666666666,166.66666666666666,162.66666666666666,158.66666666666666,153.66666666666666,161.66666666666666,171.66666666666666,175.66666666666666,173.66666666666666,168.66666666666666,166.66666666666666,166.66666666666666,159.66666666666666,162.66666666666666,165.66666666666666,163.66666666666666,158.66666666666666,155.66666666666666,157.66666666666666,160.66666666666666,163.0,164.0,165.0,166.0,168.0,169.0,170.0,171.0,168.0,168.0,167.0,166.0,164.0,163.0,162.0,162.0,159.66666666666666,160.66666666666666,161.66666666666666,162.66666666666666,163.66666666666666,164.66666666666666,164.66666666666666,164.66666666666666,168.66666666666666,169.66666666666666,170.66666666666666,169.66666666666666,168.66666666666666,168.66666666666666,170.66666666666666,172.66666666666666,172.66666666666666,171.66666666666666,171.66666666666666,172.66666666666666,174.66666666666666,173.66666666666666,171.66666666666666,168.66666666666666,171.66666666666666,167.66666666666666,163.66666666666666,163.66666666666666,166.66666666666666,170.66666666666666,171.66666666666666,170.66666666666666,172.66666666666666,172.66666666666666,171.66666666666666,170.66666666666666,170.66666666666666,169.66666666666666,168.66666666666666,168.66666666666666,168.66666666666666,168.66666666666666,168.66666666666666,167.66666666666666,167.66666666666666,166.66666666666666,166.66666666666666,166.66666666666666,167.66666666666666,167.66666666666666,167.66666666666666,166.66666666666666,166.66666666666666,166.66666666666666,165.66666666666666,165.66666666666666,162.66666666666666,162.66666666666666,161.66666666666666,160.66666666666666,160.66666666666666,160.66666666666666,160.66666666666666,161.66666666666666,157.66666666666666,157.66666666666666,158.66666666666666,158.66666666666666,159.66666666666666,159.66666666666666,160.66666666666666,160.66666666666666,157.66666666666666,158.66666666666666,159.66666666666666,160.66666666666666,161.66666666666666,161.66666666666666,161.66666666666666,160.66666666666666,159.66666666666666,160.66666666666666,161.66666666666666,159.66666666666666,156.66666666666666,155.66666666666666,155.66666666666666,156.66666666666666,160.66666666666666,158.66666666666666,155.66666666666666,153.66666666666666,154.66666666666666,157.66666666666666,161.66666666666666,163.66666666666666,162.33333333333334,167.33333333333334,173.33333333333334,161.33333333333334,137.33333333333334,132.33333333333334,159.66666666666666,159.66666666666666,159.66666666666666,158.66666666666666,157.66666666666666,156.66666666666666,155.66666666666666,154.66666666666666,161.66666666666666,160.66666666666666,160.66666666666666,161.66666666666666,163.66666666666666,163.66666666666666,161.66666666666666,158.66666666666666,159.66666666666666,167.66666666666666,176.66666666666666,180.66666666666666,178.66666666666666,175.66666666666666,174.66666666666666,175.66666666666666,174.66666666666666,176.66666666666666,177.66666666666666,174.66666666666666,170.66666666666666,169.66666666666666,173.66666666666666,177.66666666666666,175.0,175.0,176.0,177.0,178.0,179.0,180.0,180.0,177.0,177.0,177.0,177.0,177.0,177.0,177.0,177.0,167.66666666666666,167.66666666666666,168.66666666666666,168.66666666666666,168.66666666666666,167.66666666666666,166.66666666666666,165.66666666666666,179.66666666666666,180.66666666666666,180.66666666666666,178.66666666666666,176.66666666666666,175.66666666666666,177.66666666666666,178.66666666666666,175.66666666666666,174.66666666666666,173.66666666666666,174.66666666666666,175.66666666666666,175.66666666666666,172.66666666666666,170.66666666666666,171.66666666666666,169.66666666666666,168.66666666666666,169.66666666666666,172.66666666666666,173.66666666666666,171.66666666666666,169.66666666666666,172.66666666666666,172.66666666666666,171.66666666666666,170.66666666666666,170.66666666666666,169.66666666666666,168.66666666666666,168.66666666666666,168.66666666666666,168.66666666666666,168.66666666666666,167.66666666666666,167.66666666666666,167.66666666666666,166.66666666666666,166.66666666666666,165.66666666666666,164.66666666666666,164.66666666666666,163.66666666666666,163.66666666666666,162.66666666666666,162.66666666666666,161.66666666666666,164.66666666666666,164.66666666666666,162.66666666666666,161.66666666666666,161.66666666666666,161.66666666666666,161.66666666666666,161.66666666666666,159.66666666666666,159.66666666666666,160.66666666666666,160.66666666666666,161.66666666666666,161.66666666666666,161.66666666666666,162.66666666666666,159.66666666666666,159.66666666666666,160.66666666666666,161.66666666666666,161.66666666666666,161.66666666666666,160.66666666666666,160.66666666666666,160.66666666666666,162.66666666666666,163.66666666666666,163.66666666666666,161.66666666666666,160.66666666666666,160.66666666666666,161.66666666666666,165.66666666666666,163.66666666666666,160.66666666666666,158.66666666666666,157.66666666666666,158.66666666666666,160.66666666666666,161.66666666666666,161.33333333333334,159.33333333333334,163.33333333333334,157.33333333333334,138.33333333333334,132.33333333333334,149.66666666666666,150.66666666666666,150.66666666666666,151.66666666666666,151.66666666666666,151.66666666666666,151.66666666666666,151.66666666666666,158.66666666666666,157.66666666666666,158.66666666666666,160.66666666666666,162.66666666666666,163.66666666666666,162.66666666666666,161.66666666666666,167.66666666666666,173.66666666666666,180.66666666666666,183.66666666666666,182.66666666666666,181.66666666666666,181.66666666666666,183.66666666666666,185.66666666666666,186.66666666666666,186.66666666666666,183.66666666666666,180.66666666666666,181.66666666666666,187.66666666666666,192.66666666666666,187.0,187.0,187.0,188.0,188.0,189.0,189.0,189.0,190.0,190.0,191.0,192.0,193.0,194.0,195.0,195.0,191.66666666666666,191.66666666666666,191.66666666666666,190.66666666666666,188.66666666666666,186.66666666666666,185.66666666666666,183.66666666666666,189.66666666666666,190.66666666666666,189.66666666666666,187.66666666666666,184.66666666666666,183.66666666666666,184.66666666666666,185.66666666666666,182.66666666666666,180.66666666666666,179.66666666666666,179.66666666666666,180.66666666666666,179.66666666666666,176.66666666666666,174.66666666666666,174.66666666666666,175.66666666666666,176.66666666666666,178.66666666666666,180.66666666666666,178.66666666666666,174.66666666666666,171.66666666666666,172.66666666666666,172.66666666666666,171.66666666666666,170.66666666666666,170.66666666666666,169.66666666666666,168.66666666666666,168.66666666666666,168.66666666666666,168.66666666666666,168.66666666666666,168.66666666666666,167.66666666666666,167.66666666666666,167.66666666666666,166.66666666666666,165.66666666666666,165.66666666666666,164.66666666666666,163.66666666666666,162.66666666666666,161.66666666666666,161.66666666666666,160.66666666666666,167.66666666666666,166.66666666666666,165.66666666666666,163.66666666666666,162.66666666666666,162.66666666666666,162.66666666666666,162.66666666666666,162.66666666666666,162.66666666666666,163.66666666666666,163.66666666666666,163.66666666666666,164.66666666666666,164.66666666666666,164.66666666666666,162.66666666666666,162.66666666666666,163.66666666666666,163.66666666666666,163.66666666666666,162.66666666666666,161.66666666666666,161.66666666666666,159.66666666666666,162.66666666666666,164.66666666666666,165.66666666666666,164.66666666666666,163.66666666666666,163.66666666666666,164.66666666666666,166.66666666666666,165.66666666666666,165.66666666666666,164.66666666666666,163.66666666666666,162.66666666666666,162.66666666666666,162.66666666666666,161.33333333333334,150.33333333333334,153.33333333333334,156.33333333333334,144.33333333333334,134.33333333333334,153.66666666666666,155.66666666666666,157.66666666666666,159.66666666666666,160.66666666666666,161.66666666666666,161.66666666666666,161.66666666666666,162.66666666666666,162.66666666666666,163.66666666666666,164.66666666666666,166.66666666666666,167.66666666666666,167.66666666666666,167.66666666666666,171.66666666666666,174.66666666666666,178.66666666666666,179.66666666666666,178.66666666666666,177.66666666666666,179.66666666666666,180.66666666666666,180.66666666666666,182.66666666666666,182.66666666666666,182.66666666666666,181.66666666666666,182.66666666666666,186.66666666666666,189.66666666666666,189.0,189.0,189.0,189.0,189.0,189.0,189.0,189.0,190.0,190.0,191.0,191.0,192.0,193.0,194.0,194.0,200.66666666666666,200.66666666666666,199.66666666666666,198.66666666666666,197.66666666666666,195.66666666666666,193.66666666666666,192.66666666666666,189.66666666666666,190.66666666666666,190.66666666666666,188.66666666666666,185.66666666666666,184.66666666666666,185.66666666666666,187.66666666666666,187.66666666666666,186.66666666666666,184.66666666666666,183.66666666666666,183.66666666666666,182.66666666666666,180.66666666666666,178.66666666666666,179.66666666666666,179.66666666666666,181.66666666666666,182.66666666666666,182.66666666666666,180.66666666666666,177.66666666666666,175.66666666666666,172.66666666666666,172.66666666666666,171.66666666666666,170.66666666666666,170.66666666666666,169.66666666666666,168.66666666666666,168.66666666666666,169.66666666666666,169.66666666666666,168.66666666666666,168.66666666666666,168.66666666666666,167.66666666666666,167.66666666666666,167.66666666666666,170.66666666666666,169.66666666666666,168.66666666666666,167.66666666666666,166.66666666666666,165.66666666666666,164.66666666666666,164.66666666666666,169.66666666666666,168.66666666666666,167.66666666666666,165.66666666666666,164.66666666666666,164.66666666666666,163.66666666666666,163.66666666666666,165.66666666666666,165.66666666666666,165.66666666666666,166.66666666666666,166.66666666666666,166.66666666666666,166.66666666666666,166.66666666666666,166.66666666666666,166.66666666666666,166.66666666666666,166.66666666666666,165.66666666666666,164.66666666666666,163.66666666666666,163.66666666666666,159.66666666666666,162.66666666666666,165.66666666666666,165.66666666666666,164.66666666666666,162.66666666666666,161.66666666666666,162.66666666666666,162.66666666666666,163.66666666666666,165.66666666666666,166.66666666666666,167.66666666666666,166.66666666666666,165.66666666666666,164.66666666666666,161.33333333333334,145.33333333333334,150.33333333333334,162.33333333333334,151.33333333333334,136.33333333333334,159.66666666666666,161.66666666666666,163.66666666666666,166.66666666666666,168.66666666666666,169.66666666666666,169.66666666666666,168.66666666666666,169.66666666666666,169.66666666666666,169.66666666666666,169.66666666666666,169.66666666666666,169.66666666666666,170.66666666666666,170.66666666666666,170.66666666666666,171.66666666666666,171.66666666666666,171.66666666666666,169.66666666666666,168.66666666666666,169.66666666666666,169.66666666666666,168.66666666666666,170.66666666666666,174.66666666666666,176.66666666666666,176.66666666666666,177.66666666666666,177.66666666666666,178.66666666666666,182.0,182.0,181.0,181.0,181.0,180.0,180.0,180.0,179.0,179.0,178.0,178.0,178.0,177.0,177.0,177.0,179.66666666666666,179.66666666666666,179.66666666666666,179.66666666666666,179.66666666666666,178.66666666666666,177.66666666666666,176.66666666666666,180.66666666666666,181.66666666666666,181.66666666666666,180.66666666666666,179.66666666666666,179.66666666666666,181.66666666666666,183.66666666666666,186.66666666666666,184.66666666666666,181.66666666666666,180.66666666666666,180.66666666666666,180.66666666666666,178.66666666666666,176.66666666666666,178.66666666666666,178.66666666666666,177.66666666666666,176.66666666666666,175.66666666666666,174.66666666666666,175.66666666666666,176.66666666666666,172.66666666666666,172.66666666666666,171.66666666666666,170.66666666666666,170.66666666666666,169.66666666666666,168.66666666666666,168.66666666666666,169.66666666666666,169.66666666666666,169.66666666666666,168.66666666666666,168.66666666666666,168.66666666666666,167.66666666666666,167.66666666666666,172.66666666666666,171.66666666666666,171.66666666666666,170.66666666666666,169.66666666666666,168.66666666666666,167.66666666666666,167.66666666666666,170.66666666666666,169.66666666666666,168.66666666666666,166.66666666666666,165.66666666666666,165.66666666666666,165.66666666666666,165.66666666666666,167.66666666666666,167.66666666666666,167.66666666666666,167.66666666666666,167.66666666666666,167.66666666666666,167.66666666666666,167.66666666666666,168.66666666666666,169.66666666666666,169.66666666666666,169.66666666666666,168.66666666666666,167.66666666666666,166.66666666666666,165.66666666666666,163.66666666666666,165.66666666666666,167.66666666666666,166.66666666666666,164.66666666666666,162.66666666666666,161.66666666666666,161.66666666666666,161.66666666666666,163.66666666666666,165.66666666666666,167.66666666666666,167.66666666666666,165.66666666666666,162.66666666666666,160.66666666666666,157.33333333333334,143.33333333333334,153.33333333333334,167.33333333333334,152.33333333333334,129.33333333333334,158.66666666666666,161.66666666666666,164.66666666666666,167.66666666666666,168.66666666666666,168.66666666666666,167.66666666666666,166.66666666666666,171.66666666666666,172.66666666666666,171.66666666666666,170.66666666666666,168.66666666666666,167.66666666666666,168.66666666666666,170.66666666666666,168.66666666666666,167.66666666666666,166.66666666666666,165.66666666666666,163.66666666666666,162.66666666666666,161.66666666666666,161.66666666666666,161.66666666666666,164.66666666666666,168.66666666666666,172.66666666666666,173.66666666666666,173.66666666666666,171.66666666666666,170.66666666666666,173.0,173.0,173.0,173.0,172.0,172.0,172.0,172.0,176.0,175.0,174.0,173.0,172.0,170.0,169.0,169.0,165.66666666666666,165.66666666666666,166.66666666666666,167.66666666666666,167.66666666666666,166.66666666666666,166.66666666666666,166.66666666666666,172.66666666666666,173.66666666666666,174.66666666666666,173.66666666666666,172.66666666666666,172.66666666666666,174.66666666666666,176.66666666666666,179.66666666666666,176.66666666666666,174.66666666666666,173.66666666666666,173.66666666666666,173.66666666666666,172.66666666666666,171.66666666666666,173.66666666666666,172.66666666666666,170.66666666666666,167.66666666666666,165.66666666666666,167.66666666666666,170.66666666666666,174.66666666666666,172.66666666666666,172.66666666666666,171.66666666666666,170.66666666666666,170.66666666666666,169.66666666666666,168.66666666666666,168.66666666666666,170.66666666666666,169.66666666666666,169.66666666666666,169.66666666666666,168.66666666666666,168.66666666666666,168.66666666666666,168.66666666666666,170.66666666666666,170.66666666666666,169.66666666666666,169.66666666666666,169.66666666666666,168.66666666666666,168.66666666666666,168.66666666666666,169.66666666666666,168.66666666666666,167.66666666666666,167.66666666666666,166.66666666666666,166.66666666666666,167.66666666666666,167.66666666666666,168.66666666666666,167.66666666666666,167.66666666666666,167.66666666666666,167.66666666666666,166.66666666666666,166.66666666666666,166.66666666666666,168.66666666666666,168.66666666666666,169.66666666666666,169.66666666666666,169.66666666666666,168.66666666666666,167.66666666666666,166.66666666666666,169.66666666666666,169.66666666666666,169.66666666666666,168.66666666666666,165.66666666666666,163.66666666666666,163.66666666666666,165.66666666666666,166.66666666666666,167.66666666666666,168.66666666666666,167.66666666666666,164.66666666666666,160.66666666666666,155.66666666666666,152.66666666666666,152.33333333333334,147.33333333333334,160.33333333333334,168.33333333333334,143.33333333333334,113.33333333333333,161.66666666666666,163.66666666666666,166.66666666666666,169.66666666666666,169.66666666666666,168.66666666666666,167.66666666666666,165.66666666666666,170.66666666666666,171.66666666666666,171.66666666666666,169.66666666666666,166.66666666666666,166.66666666666666,168.66666666666666,171.66666666666666,167.66666666666666,166.66666666666666,165.66666666666666,165.66666666666666,164.66666666666666,163.66666666666666,161.66666666666666,160.66666666666666,164.66666666666666,165.66666666666666,167.66666666666666,170.66666666666666,172.66666666666666,173.66666666666666,172.66666666666666,170.66666666666666,169.0,169.0,170.0,170.0,170.0,170.0,170.0,170.0,178.0,177.0,176.0,175.0,174.0,173.0,172.0,171.0,169.66666666666666,169.66666666666666,170.66666666666666,171.66666666666666,171.66666666666666,170.66666666666666,170.66666666666666,169.66666666666666,171.66666666666666,172.66666666666666,172.66666666666666,171.66666666666666,169.66666666666666,168.66666666666666,170.66666666666666,172.66666666666666,173.66666666666666,171.66666666666666,168.66666666666666,168.66666666666666,169.66666666666666,170.66666666666666,169.66666666666666,168.66666666666666,169.66666666666666,169.66666666666666,168.66666666666666,165.66666666666666,163.66666666666666,165.66666666666666,169.66666666666666,173.66666666666666,172.66666666666666,172.66666666666666,171.66666666666666,170.66666666666666,170.66666666666666,169.66666666666666,168.66666666666666,168.66666666666666,170.66666666666666,170.66666666666666,169.66666666666666,169.66666666666666,169.66666666666666,168.66666666666666,168.66666666666666,168.66666666666666,168.66666666666666,168.66666666666666,168.66666666666666,169.66666666666666,169.66666666666666,169.66666666666666,169.66666666666666,170.66666666666666,167.66666666666666,167.66666666666666,166.66666666666666,166.66666666666666,167.66666666666666,167.66666666666666,168.66666666666666,169.66666666666666,167.66666666666666,167.66666666666666,166.66666666666666,166.66666666666666,165.66666666666666,165.66666666666666,165.66666666666666,164.66666666666666,164.66666666666666,165.66666666666666,166.66666666666666,167.66666666666666,167.66666666666666,167.66666666666666,166.66666666666666,166.66666666666666,169.66666666666666,169.66666666666666,168.66666666666666,165.66666666666666,163.66666666666666,163.66666666666666,166.66666666666666,168.66666666666666,168.66666666666666,168.66666666666666,168.66666666666666,166.66666666666666,163.66666666666666,158.66666666666666,153.66666666666666,150.66666666666666,154.33333333333334,157.66666666666666,171.66666666666666,167.66666666666666,131.66666666666666,98.66666666666667,167.66666666666666,169.66666666666666,172.66666666666666,174.66666666666666,174.66666666666666,173.66666666666666,170.66666666666666,169.66666666666666,169.66666666666666,170.66666666666666,171.66666666666666,169.66666666666666,166.66666666666666,166.66666666666666,170.66666666666666,173.66666666666666,168.66666666666666,167.66666666666666,167.66666666666666,167.66666666666666,168.66666666666666,167.66666666666666,165.66666666666666,163.66666666666666,168.66666666666666,167.66666666666666,167.66666666666666,168.66666666666666,171.66666666666666,173.66666666666666,173.66666666666666,173.66666666666666,170.0,170.0,170.0,171.0,171.0,172.0,172.0,172.0,175.0,175.0,174.0,173.0,172.0,172.0,171.0,171.0,172.66666666666666,173.66666666666666,173.66666666666666,173.66666666666666,172.66666666666666,171.66666666666666,170.66666666666666,170.66666666666666,174.66666666666666,174.66666666666666,174.66666666666666,172.66666666666666,169.66666666666666,168.66666666666666,169.66666666666666,170.66666666666666,173.66666666666666,170.66666666666666,168.66666666666666,167.66666666666666,168.66666666666666,170.66666666666666,170.66666666666666,169.66666666666666,168.66666666666666,170.66666666666666,170.66666666666666,169.66666666666666,167.66666666666666,167.66666666666666,171.66666666666666,175.66666666666666,172.66666666666666,172.66666666666666,171.66666666666666,170.66666666666666,170.66666666666666,169.66666666666666,168.66666666666666,168.66666666666666,170.66666666666666,170.66666666666666,170.66666666666666,169.66666666666666,169.66666666666666,168.66666666666666,168.66666666666666,168.66666666666666,168.66666666666666,169.66666666666666,169.66666666666666,170.66666666666666,171.66666666666666,171.66666666666666,172.66666666666666,172.66666666666666,166.66666666666666,166.66666666666666,166.66666666666666,166.66666666666666,167.66666666666666,168.66666666666666,169.66666666666666,170.66666666666666,166.66666666666666,166.66666666666666,166.66666666666666,165.66666666666666,165.66666666666666,164.66666666666666,164.66666666666666,163.66666666666666,161.66666666666666,162.66666666666666,163.66666666666666,164.66666666666666,165.66666666666666,165.66666666666666,165.66666666666666,165.66666666666666,165.66666666666666,165.66666666666666,163.66666666666666,161.66666666666666,160.66666666666666,162.66666666666666,166.66666666666666,169.66666666666666,167.66666666666666,167.66666666666666,167.66666666666666,165.66666666666666,163.66666666666666,159.66666666666666,155.66666666666666,153.33333333333334,159.66666666666666,167.66666666666666,180.66666666666666,168.66666666666666,123.66666666666667,90.66666666666667,168.66666666666666,167.66666666666666,166.66666666666666,168.66666666666666,170.66666666666666,171.66666666666666,171.66666666666666,170.66666666666666,171.66666666666666,171.66666666666666,171.66666666666666,170.66666666666666,170.66666666666666,169.66666666666666,169.66666666666666,169.66666666666666,170.66666666666666,172.66666666666666,172.66666666666666,170.66666666666666,167.66666666666666,166.66666666666666,169.66666666666666,173.66666666666666,170.66666666666666,171.66666666666666,172.66666666666666,173.66666666666666,173.66666666666666,173.66666666666666,173.66666666666666,172.66666666666666,170.0,171.0,170.0,169.0,168.0,168.0,171.0,173.0,171.0,172.0,174.0,176.0,176.0,176.0,174.0,173.0,174.66666666666666,173.66666666666666,172.66666666666666,173.66666666666666,175.66666666666666,175.66666666666666,173.66666666666666,171.66666666666666,167.66666666666666,169.66666666666666,170.66666666666666,170.66666666666666,168.66666666666666,168.66666666666666,169.66666666666666,171.66666666666666,175.66666666666666,171.66666666666666,166.66666666666666,165.66666666666666,168.66666666666666,171.66666666666666,171.66666666666666,170.66666666666666,172.66666666666666,171.66666666666666,171.66666666666666,171.66666666666666,173.66666666666666,173.66666666666666,173.66666666666666,172.66666666666666,171.66666666666666,169.66666666666666,168.66666666666666,168.66666666666666,170.66666666666666,170.66666666666666,169.66666666666666,167.66666666666666,172.66666666666666,171.66666666666666,169.66666666666666,168.66666666666666,167.66666666666666,167.66666666666666,168.66666666666666,169.66666666666666,167.66666666666666,168.66666666666666,168.66666666666666,169.66666666666666,168.66666666666666,167.66666666666666,165.66666666666666,163.66666666666666,161.66666666666666,162.66666666666666,164.66666666666666,166.66666666666666,167.66666666666666,168.66666666666666,168.66666666666666,168.66666666666666,166.66666666666666,167.66666666666666,167.66666666666666,168.66666666666666,167.66666666666666,167.66666666666666,166.66666666666666,165.66666666666666,160.66666666666666,162.66666666666666,165.66666666666666,168.66666666666666,169.66666666666666,169.66666666666666,168.66666666666666,167.66666666666666,161.66666666666666,162.66666666666666,163.66666666666666,165.66666666666666,166.66666666666666,167.66666666666666,167.66666666666666,167.66666666666666,165.66666666666666,163.66666666666666,159.66666666666666,156.66666666666666,155.66666666666666,157.66666666666666,159.66666666666666,162.33333333333334,169.66666666666666,174.0,170.0,148.0,114.0,86.0,171.66666666666666,169.66666666666666,168.66666666666666,169.66666666666666,170.66666666666666,171.66666666666666,170.66666666666666,168.66666666666666,172.66666666666666,172.66666666666666,172.66666666666666,171.66666666666666,171.66666666666666,170.66666666666666,170.66666666666666,170.66666666666666,169.66666666666666,171.66666666666666,171.66666666666666,169.66666666666666,166.66666666666666,165.66666666666666,166.66666666666666,168.66666666666666,169.66666666666666,170.66666666666666,171.66666666666666,172.66666666666666,172.66666666666666,172.66666666666666,172.66666666666666,171.66666666666666,172.0,172.0,172.0,170.0,168.0,168.0,170.0,172.0,172.0,172.0,172.0,172.0,172.0,173.0,174.0,174.0,171.66666666666666,170.66666666666666,169.66666666666666,170.66666666666666,172.66666666666666,172.66666666666666,170.66666666666666,168.66666666666666,165.66666666666666,167.66666666666666,170.66666666666666,171.66666666666666,171.66666666666666,172.66666666666666,174.66666666666666,176.66666666666666,177.66666666666666,173.66666666666666,169.66666666666666,168.66666666666666,171.66666666666666,173.66666666666666,174.66666666666666,173.66666666666666,172.66666666666666,171.66666666666666,171.66666666666666,171.66666666666666,172.66666666666666,173.66666666666666,172.66666666666666,172.66666666666666,167.66666666666666,166.66666666666666,165.66666666666666,167.66666666666666,169.66666666666666,170.66666666666666,169.66666666666666,168.66666666666666,170.66666666666666,169.66666666666666,168.66666666666666,168.66666666666666,168.66666666666666,169.66666666666666,170.66666666666666,171.66666666666666,169.66666666666666,169.66666666666666,170.66666666666666,170.66666666666666,170.66666666666666,170.66666666666666,169.66666666666666,169.66666666666666,168.66666666666666,169.66666666666666,169.66666666666666,169.66666666666666,169.66666666666666,168.66666666666666,167.66666666666666,166.66666666666666,170.66666666666666,171.66666666666666,172.66666666666666,172.66666666666666,172.66666666666666,172.66666666666666,171.66666666666666,171.66666666666666,160.66666666666666,161.66666666666666,163.66666666666666,165.66666666666666,166.66666666666666,165.66666666666666,164.66666666666666,163.66666666666666,163.66666666666666,162.66666666666666,161.66666666666666,161.66666666666666,161.66666666666666,163.66666666666666,165.66666666666666,167.66666666666666,165.66666666666666,165.66666666666666,164.66666666666666,163.66666666666666,162.66666666666666,161.66666666666666,161.66666666666666,161.33333333333334,165.66666666666666,169.0,164.0,143.0,111.0,87.0,171.66666666666666,169.66666666666666,169.66666666666666,170.66666666666666,171.66666666666666,172.66666666666666,171.66666666666666,170.66666666666666,172.66666666666666,172.66666666666666,172.66666666666666,172.66666666666666,171.66666666666666,171.66666666666666,171.66666666666666,171.66666666666666,168.66666666666666,169.66666666666666,170.66666666666666,169.66666666666666,166.66666666666666,165.66666666666666,164.66666666666666,165.66666666666666,169.66666666666666,169.66666666666666,170.66666666666666,171.66666666666666,171.66666666666666,171.66666666666666,171.66666666666666,171.66666666666666,172.0,173.0,173.0,171.0,169.0,168.0,170.0,172.0,173.0,171.0,169.0,168.0,168.0,170.0,173.0,175.0,170.66666666666666,169.66666666666666,169.66666666666666,170.66666666666666,171.66666666666666,172.66666666666666,170.66666666666666,168.66666666666666,167.66666666666666,169.66666666666666,172.66666666666666,172.66666666666666,172.66666666666666,173.66666666666666,175.66666666666666,177.66666666666666,178.66666666666666,175.66666666666666,173.66666666666666,173.66666666666666,174.66666666666666,176.66666666666666,176.66666666666666,176.66666666666666,172.66666666666666,172.66666666666666,172.66666666666666,172.66666666666666,171.66666666666666,171.66666666666666,171.66666666666666,171.66666666666666,165.66666666666666,164.66666666666666,164.66666666666666,165.66666666666666,168.66666666666666,170.66666666666666,170.66666666666666,169.66666666666666,168.66666666666666,168.66666666666666,167.66666666666666,168.66666666666666,169.66666666666666,170.66666666666666,171.66666666666666,172.66666666666666,169.66666666666666,169.66666666666666,169.66666666666666,169.66666666666666,170.66666666666666,171.66666666666666,172.66666666666666,173.66666666666666,170.66666666666666,171.66666666666666,171.66666666666666,171.66666666666666,170.66666666666666,168.66666666666666,166.66666666666666,165.66666666666666,166.66666666666666,167.66666666666666,168.66666666666666,169.66666666666666,170.66666666666666,170.66666666666666,170.66666666666666,170.66666666666666,163.66666666666666,164.66666666666666,164.66666666666666,165.66666666666666,165.66666666666666,164.66666666666666,163.66666666666666,163.66666666666666,172.66666666666666,170.66666666666666,167.66666666666666,165.66666666666666,165.66666666666666,167.66666666666666,170.66666666666666,172.66666666666666,166.66666666666666,168.66666666666666,170.66666666666666,171.66666666666666,170.66666666666666,167.66666666666666,164.66666666666666,163.33333333333334,167.66666666666666,170.0,163.0,141.0,113.0,95.0,170.66666666666666,169.66666666666666,168.66666666666666,170.66666666666666,172.66666666666666,174.66666666666666,174.66666666666666,173.66666666666666,170.66666666666666,170.66666666666666,170.66666666666666,170.66666666666666,170.66666666666666,170.66666666666666,170.66666666666666,170.66666666666666,167.66666666666666,169.66666666666666,170.66666666666666,171.66666666666666,170.66666666666666,169.66666666666666,167.66666666666666,167.66666666666666,169.66666666666666,170.66666666666666,171.66666666666666,171.66666666666666,172.66666666666666,172.66666666666666,171.66666666666666,171.66666666666666,170.0,171.0,172.0,172.0,170.0,170.0,171.0,173.0,172.0,171.0,169.0,168.0,168.0,170.0,173.0,174.0,172.66666666666666,171.66666666666666,171.66666666666666,172.66666666666666,173.66666666666666,174.66666666666666,172.66666666666666,170.66666666666666,171.66666666666666,173.66666666666666,174.66666666666666,173.66666666666666,171.66666666666666,170.66666666666666,171.66666666666666,173.66666666666666,176.66666666666666,176.66666666666666,175.66666666666666,175.66666666666666,176.66666666666666,177.66666666666666,177.66666666666666,177.66666666666666,172.66666666666666,173.66666666666666,173.66666666666666,172.66666666666666,170.66666666666666,169.66666666666666,170.66666666666666,170.66666666666666,167.66666666666666,166.66666666666666,165.66666666666666,166.66666666666666,168.66666666666666,170.66666666666666,169.66666666666666,168.66666666666666,168.66666666666666,168.66666666666666,168.66666666666666,168.66666666666666,169.66666666666666,170.66666666666666,170.66666666666666,171.66666666666666,166.66666666666666,166.66666666666666,166.66666666666666,166.66666666666666,167.66666666666666,169.66666666666666,172.66666666666666,173.66666666666666,167.66666666666666,168.66666666666666,170.66666666666666,171.66666666666666,171.66666666666666,170.66666666666666,169.66666666666666,167.66666666666666,163.66666666666666,164.66666666666666,165.66666666666666,167.66666666666666,168.66666666666666,168.66666666666666,168.66666666666666,168.66666666666666,167.66666666666666,168.66666666666666,168.66666666666666,168.66666666666666,168.66666666666666,169.66666666666666,169.66666666666666,169.66666666666666,176.66666666666666,175.66666666666666,173.66666666666666,172.66666666666666,171.66666666666666,172.66666666666666,173.66666666666666,174.66666666666666,167.66666666666666,169.66666666666666,172.66666666666666,174.66666666666666,174.66666666666666,172.66666666666666,170.66666666666666,169.33333333333334,170.66666666666666,172.0,162.0,138.0,112.0,100.0,173.66666666666666,172.66666666666666,170.66666666666666,171.66666666666666,172.66666666666666,172.66666666666666,171.66666666666666,169.66666666666666,168.66666666666666,168.66666666666666,168.66666666666666,168.66666666666666,168.66666666666666,168.66666666666666,168.66666666666666,168.66666666666666,168.66666666666666,169.66666666666666,171.66666666666666,173.66666666666666,174.66666666666666,174.66666666666666,172.66666666666666,171.66666666666666,170.66666666666666,170.66666666666666,171.66666666666666,172.66666666666666,172.66666666666666,172.66666666666666,172.66666666666666,172.66666666666666,167.0,169.0,171.0,171.0,171.0,171.0,173.0,175.0,171.0,171.0,170.0,171.0,171.0,172.0,172.0,173.0,173.66666666666666,172.66666666666666,171.66666666666666,172.66666666666666,174.66666666666666,174.66666666666666,172.66666666666666,170.66666666666666,170.66666666666666,172.66666666666666,172.66666666666666,171.66666666666666,169.66666666666666,168.66666666666666,169.66666666666666,170.66666666666666,172.66666666666666,173.66666666666666,175.66666666666666,175.66666666666666,175.66666666666666,175.66666666666666,175.66666666666666,176.66666666666666,172.66666666666666,173.66666666666666,174.66666666666666,172.66666666666666,169.66666666666666,167.66666666666666,168.66666666666666,170.66666666666666,171.66666666666666,170.66666666666666,168.66666666666666,168.66666666666666,169.66666666666666,169.66666666666666,168.66666666666666,166.66666666666666,170.66666666666666,170.66666666666666,170.66666666666666,170.66666666666666,169.66666666666666,168.66666666666666,168.66666666666666,167.66666666666666,167.66666666666666,166.66666666666666,165.66666666666666,166.66666666666666,167.66666666666666,169.66666666666666,171.66666666666666,172.66666666666666,168.66666666666666,170.66666666666666,172.66666666666666,174.66666666666666,174.66666666666666,172.66666666666666,170.66666666666666,169.66666666666666,168.66666666666666,169.66666666666666,170.66666666666666,172.66666666666666,173.66666666666666,173.66666666666666,173.66666666666666,173.66666666666666,169.66666666666666,168.66666666666666,168.66666666666666,168.66666666666666,170.66666666666666,172.66666666666666,174.66666666666666,175.66666666666666,172.66666666666666,173.66666666666666,173.66666666666666,174.66666666666666,173.66666666666666,171.66666666666666,169.66666666666666,168.66666666666666,168.66666666666666,169.66666666666666,170.66666666666666,171.66666666666666,171.66666666666666,172.66666666666666,172.66666666666666,173.33333333333334,170.0,169.66666666666666,155.66666666666666,129.66666666666666,106.66666666666667,98.66666666666667,178.66666666666666,176.66666666666666,173.66666666666666,171.66666666666666,170.66666666666666,168.66666666666666,165.66666666666666,163.66666666666666,166.66666666666666,166.66666666666666,166.66666666666666,166.66666666666666,167.66666666666666,167.66666666666666,167.66666666666666,167.66666666666666,171.66666666666666,170.66666666666666,170.66666666666666,171.66666666666666,174.66666666666666,175.66666666666666,173.66666666666666,172.66666666666666,169.66666666666666,169.66666666666666,170.66666666666666,171.66666666666666,172.66666666666666,171.66666666666666,171.66666666666666,171.66666666666666,165.0,167.0,170.0,171.0,171.0,170.0,172.0,173.0,170.0,170.0,170.0,171.0,171.0,172.0,172.0,172.0,171.66666666666666,170.66666666666666,170.66666666666666,171.66666666666666,173.66666666666666,173.66666666666666,171.66666666666666,169.66666666666666,165.66666666666666,167.66666666666666,169.66666666666666,169.66666666666666,168.66666666666666,168.66666666666666,170.66666666666666,172.66666666666666,168.66666666666666,171.66666666666666,174.66666666666666,175.66666666666666,174.66666666666666,173.66666666666666,173.66666666666666,174.66666666666666,172.66666666666666,174.66666666666666,175.66666666666666,173.66666666666666,168.66666666666666,166.66666666666666,167.66666666666666,169.66666666666666,173.66666666666666,171.66666666666666,170.66666666666666,169.66666666666666,169.66666666666666,169.66666666666666,167.66666666666666,165.66666666666666,170.66666666666666,170.66666666666666,171.66666666666666,170.66666666666666,169.66666666666666,168.66666666666666,167.66666666666666,166.66666666666666,169.66666666666666,169.66666666666666,168.66666666666666,168.66666666666666,168.66666666666666,169.66666666666666,170.66666666666666,170.66666666666666,172.66666666666666,174.66666666666666,176.66666666666666,177.66666666666666,176.66666666666666,173.66666666666666,169.66666666666666,167.66666666666666,170.66666666666666,170.66666666666666,172.66666666666666,173.66666666666666,173.66666666666666,174.66666666666666,173.66666666666666,173.66666666666666,167.66666666666666,166.66666666666666,165.66666666666666,165.66666666666666,167.66666666666666,170.66666666666666,173.66666666666666,176.66666666666666,169.66666666666666,171.66666666666666,174.66666666666666,175.66666666666666,174.66666666666666,172.66666666666666,169.66666666666666,166.66666666666666,169.66666666666666,168.66666666666666,166.66666666666666,165.66666666666666,166.66666666666666,167.66666666666666,169.66666666666666,171.33333333333334,170.0,168.66666666666666,152.66666666666666,125.66666666666667,105.66666666666667,101.66666666666667,177.66666666666666,174.66666666666666,171.66666666666666,170.66666666666666,169.66666666666666,168.66666666666666,165.66666666666666,163.66666666666666,166.66666666666666,166.66666666666666,166.66666666666666,167.66666666666666,167.66666666666666,168.66666666666666,168.66666666666666,168.66666666666666,173.66666666666666,170.66666666666666,167.66666666666666,167.66666666666666,169.66666666666666,170.66666666666666,169.66666666666666,167.66666666666666,166.66666666666666,167.66666666666666,168.66666666666666,169.66666666666666,169.66666666666666,169.66666666666666,169.66666666666666,168.66666666666666,166.0,169.0,171.0,171.0,169.0,168.0,168.0,168.0,171.0,170.0,168.0,167.0,167.0,169.0,171.0,173.0,173.66666666666666,172.66666666666666,171.66666666666666,172.66666666666666,174.66666666666666,174.66666666666666,172.66666666666666,170.66666666666666,165.66666666666666,167.66666666666666,169.66666666666666,169.66666666666666,168.66666666666666,168.66666666666666,170.66666666666666,171.66666666666666,165.66666666666666,169.66666666666666,174.66666666666666,175.66666666666666,174.66666666666666,172.66666666666666,172.66666666666666,173.66666666666666,172.66666666666666,175.66666666666666,176.66666666666666,173.66666666666666,167.66666666666666,164.66666666666666,166.66666666666666,169.66666666666666,171.66666666666666,169.66666666666666,168.66666666666666,168.66666666666666,169.66666666666666,169.66666666666666,167.66666666666666,165.66666666666666,168.66666666666666,169.66666666666666,170.66666666666666,170.66666666666666,170.66666666666666,169.66666666666666,168.66666666666666,167.66666666666666,170.66666666666666,170.66666666666666,170.66666666666666,169.66666666666666,168.66666666666666,167.66666666666666,165.66666666666666,165.66666666666666,168.66666666666666,170.66666666666666,173.66666666666666,174.66666666666666,174.66666666666666,171.66666666666666,168.66666666666666,165.66666666666666,167.66666666666666,167.66666666666666,168.66666666666666,169.66666666666666,169.66666666666666,168.66666666666666,168.66666666666666,167.66666666666666,168.66666666666666,167.66666666666666,165.66666666666666,163.66666666666666,164.66666666666666,167.66666666666666,171.66666666666666,173.66666666666666,168.66666666666666,169.66666666666666,170.66666666666666,171.66666666666666,171.66666666666666,170.66666666666666,168.66666666666666,167.66666666666666,168.66666666666666,167.66666666666666,165.66666666666666,162.66666666666666,161.66666666666666,160.66666666666666,160.66666666666666,161.33333333333334,168.0,167.66666666666666,150.66666666666666,123.66666666666667,106.66666666666667,104.66666666666667,170.66666666666666,169.66666666666666,168.66666666666666,168.66666666666666,170.66666666666666,170.66666666666666,169.66666666666666,167.66666666666666,167.66666666666666,167.66666666666666,167.66666666666666,168.66666666666666,168.66666666666666,169.66666666666666,169.66666666666666,169.66666666666666,174.66666666666666,170.66666666666666,165.66666666666666,164.66666666666666,165.66666666666666,165.66666666666666,163.66666666666666,161.66666666666666,164.66666666666666,165.66666666666666,165.66666666666666,166.66666666666666,167.66666666666666,167.66666666666666,166.66666666666666,166.66666666666666,168.0,170.0,172.0,171.0,168.0,165.0,164.0,164.0,172.0,169.0,165.0,162.0,163.0,166.0,171.0,174.0,176.66666666666666,175.66666666666666,174.66666666666666,175.66666666666666,177.66666666666666,177.66666666666666,175.66666666666666,173.66666666666666,170.66666666666666,171.66666666666666,172.66666666666666,170.66666666666666,168.66666666666666,166.66666666666666,167.66666666666666,168.66666666666666,164.66666666666666,169.66666666666666,174.66666666666666,176.66666666666666,174.66666666666666,172.66666666666666,172.66666666666666,173.66666666666666,172.66666666666666,175.66666666666666,177.66666666666666,173.66666666666666,167.66666666666666,163.66666666666666,165.66666666666666,168.66666666666666,168.66666666666666,166.66666666666666,165.66666666666666,166.66666666666666,168.66666666666666,169.66666666666666,168.66666666666666,166.66666666666666,166.66666666666666,167.66666666666666,169.66666666666666,170.66666666666666,171.66666666666666,171.66666666666666,170.66666666666666,169.66666666666666,168.66666666666666,168.66666666666666,168.66666666666666,167.66666666666666,165.66666666666666,163.66666666666666,160.66666666666666,158.66666666666666,158.66666666666666,161.66666666666666,165.66666666666666,169.66666666666666,170.66666666666666,169.66666666666666,167.66666666666666,165.66666666666666,167.66666666666666,167.66666666666666,168.66666666666666,168.66666666666666,168.66666666666666,167.66666666666666,166.66666666666666,165.66666666666666,172.66666666666666,169.66666666666666,166.66666666666666,164.66666666666666,164.66666666666666,167.66666666666666,170.66666666666666,172.66666666666666,163.66666666666666,162.66666666666666,162.66666666666666,162.66666666666666,162.66666666666666,162.66666666666666,163.66666666666666,163.66666666666666,167.66666666666666,166.66666666666666,164.66666666666666,161.66666666666666,158.66666666666666,155.66666666666666,152.66666666666666,151.33333333333334,160.66666666666666,160.0,144.0,117.0,102.66666666666667,102.0,172.33333333333334,170.33333333333334,168.33333333333334,166.33333333333334,165.33333333333334,165.33333333333334,165.33333333333334,166.33333333333334,165.33333333333334,164.33333333333334,163.33333333333334,164.33333333333334,166.33333333333334,168.33333333333334,169.33333333333334,168.33333333333334,167.33333333333334,167.33333333333334,167.33333333333334,167.33333333333334,167.33333333333334,166.33333333333334,165.33333333333334,164.33333333333334,161.33333333333334,162.33333333333334,162.33333333333334,163.33333333333334,163.33333333333334,162.33333333333334,162.33333333333334,161.33333333333334,170.33333333333334,168.33333333333334,164.33333333333334,161.33333333333334,159.33333333333334,160.33333333333334,161.33333333333334,162.33333333333334,164.33333333333334,163.33333333333334,161.33333333333334,160.33333333333334,161.33333333333334,165.33333333333334,169.33333333333334,171.33333333333334,166.66666666666666,171.66666666666666,176.66666666666666,176.66666666666666,172.66666666666666,169.66666666666666,170.66666666666666,172.66666666666666,171.66666666666666,171.66666666666666,169.66666666666666,166.66666666666666,163.66666666666666,162.66666666666666,163.66666666666666,165.66666666666666,162.66666666666666,164.66666666666666,167.66666666666666,170.66666666666666,171.66666666666666,170.66666666666666,168.66666666666666,166.66666666666666,172.66666666666666,173.66666666666666,174.66666666666666,173.66666666666666,169.66666666666666,166.66666666666666,164.66666666666666,164.66666666666666,163.66666666666666,166.66666666666666,168.66666666666666,168.66666666666666,167.66666666666666,165.66666666666666,165.66666666666666,165.66666666666666,167.66666666666666,167.66666666666666,166.66666666666666,166.66666666666666,166.66666666666666,167.66666666666666,168.66666666666666,169.66666666666666,167.66666666666666,166.66666666666666,165.66666666666666,164.66666666666666,163.66666666666666,162.66666666666666,162.66666666666666,162.66666666666666,158.66666666666666,161.66666666666666,165.66666666666666,168.66666666666666,169.66666666666666,167.66666666666666,163.66666666666666,161.66666666666666,163.66666666666666,163.66666666666666,164.66666666666666,165.66666666666666,165.66666666666666,165.66666666666666,164.66666666666666,164.66666666666666,166.66666666666666,166.66666666666666,166.66666666666666,166.66666666666666,166.66666666666666,165.66666666666666,163.66666666666666,163.66666666666666,165.66666666666666,166.66666666666666,167.66666666666666,167.66666666666666,166.66666666666666,163.66666666666666,160.66666666666666,159.66666666666666,169.66666666666666,165.66666666666666,166.66666666666666,169.66666666666666,165.66666666666666,157.66666666666666,155.66666666666666,159.66666666666666,159.33333333333334,157.66666666666666,140.66666666666666,115.66666666666667,103.0,106.66666666666667,169.33333333333334,168.33333333333334,167.33333333333334,165.33333333333334,164.33333333333334,165.33333333333334,165.33333333333334,166.33333333333334,166.33333333333334,165.33333333333334,165.33333333333334,166.33333333333334,168.33333333333334,169.33333333333334,169.33333333333334,167.33333333333334,165.33333333333334,165.33333333333334,166.33333333333334,166.33333333333334,165.33333333333334,164.33333333333334,163.33333333333334,163.33333333333334,162.33333333333334,162.33333333333334,162.33333333333334,162.33333333333334,162.33333333333334,162.33333333333334,162.33333333333334,162.33333333333334,169.33333333333334,167.33333333333334,163.33333333333334,160.33333333333334,159.33333333333334,160.33333333333334,161.33333333333334,162.33333333333334,163.33333333333334,162.33333333333334,162.33333333333334,162.33333333333334,163.33333333333334,164.33333333333334,165.33333333333334,166.33333333333334,163.66666666666666,168.66666666666666,172.66666666666666,172.66666666666666,168.66666666666666,166.66666666666666,167.66666666666666,169.66666666666666,165.66666666666666,166.66666666666666,165.66666666666666,163.66666666666666,161.66666666666666,159.66666666666666,160.66666666666666,162.66666666666666,161.66666666666666,162.66666666666666,163.66666666666666,165.66666666666666,166.66666666666666,168.66666666666666,168.66666666666666,169.66666666666666,168.66666666666666,170.66666666666666,171.66666666666666,170.66666666666666,167.66666666666666,164.66666666666666,163.66666666666666,163.66666666666666,164.66666666666666,166.66666666666666,168.66666666666666,168.66666666666666,166.66666666666666,165.66666666666666,166.66666666666666,167.66666666666666,164.66666666666666,164.66666666666666,165.66666666666666,166.66666666666666,167.66666666666666,169.66666666666666,170.66666666666666,171.66666666666666,168.66666666666666,167.66666666666666,166.66666666666666,165.66666666666666,164.66666666666666,163.66666666666666,163.66666666666666,164.66666666666666,160.66666666666666,161.66666666666666,163.66666666666666,164.66666666666666,165.66666666666666,164.66666666666666,163.66666666666666,162.66666666666666,163.66666666666666,163.66666666666666,163.66666666666666,163.66666666666666,162.66666666666666,162.66666666666666,162.66666666666666,162.66666666666666,163.66666666666666,163.66666666666666,164.66666666666666,164.66666666666666,164.66666666666666,163.66666666666666,162.66666666666666,162.66666666666666,162.66666666666666,163.66666666666666,164.66666666666666,165.66666666666666,165.66666666666666,164.66666666666666,162.66666666666666,160.66666666666666,166.66666666666666,163.66666666666666,164.66666666666666,167.66666666666666,165.66666666666666,159.66666666666666,158.66666666666666,161.66666666666666,165.33333333333334,150.33333333333334,127.66666666666667,109.66666666666667,106.66666666666667,111.66666666666667,165.33333333333334,165.33333333333334,164.33333333333334,163.33333333333334,163.33333333333334,164.33333333333334,165.33333333333334,165.33333333333334,165.33333333333334,165.33333333333334,165.33333333333334,167.33333333333334,169.33333333333334,168.33333333333334,166.33333333333334,164.33333333333334,163.33333333333334,163.33333333333334,164.33333333333334,164.33333333333334,164.33333333333334,163.33333333333334,162.33333333333334,161.33333333333334,163.33333333333334,162.33333333333334,161.33333333333334,160.33333333333334,160.33333333333334,161.33333333333334,162.33333333333334,163.33333333333334,167.33333333333334,166.33333333333334,163.33333333333334,160.33333333333334,159.33333333333334,160.33333333333334,161.33333333333334,162.33333333333334,162.33333333333334,163.33333333333334,164.33333333333334,164.33333333333334,163.33333333333334,162.33333333333334,160.33333333333334,159.33333333333334,160.66666666666666,164.66666666666666,167.66666666666666,167.66666666666666,164.66666666666666,162.66666666666666,163.66666666666666,164.66666666666666,161.66666666666666,163.66666666666666,164.66666666666666,163.66666666666666,161.66666666666666,160.66666666666666,160.66666666666666,161.66666666666666,160.66666666666666,160.66666666666666,160.66666666666666,161.66666666666666,162.66666666666666,165.66666666666666,168.66666666666666,170.66666666666666,170.66666666666666,172.66666666666666,173.66666666666666,173.66666666666666,170.66666666666666,168.66666666666666,167.66666666666666,167.66666666666666,166.66666666666666,167.66666666666666,167.66666666666666,166.66666666666666,165.66666666666666,165.66666666666666,166.66666666666666,168.66666666666666,165.66666666666666,165.66666666666666,165.66666666666666,166.66666666666666,166.66666666666666,168.66666666666666,169.66666666666666,170.66666666666666,167.66666666666666,166.66666666666666,165.66666666666666,164.66666666666666,163.66666666666666,163.66666666666666,163.66666666666666,163.66666666666666,162.66666666666666,162.66666666666666,161.66666666666666,161.66666666666666,161.66666666666666,162.66666666666666,163.66666666666666,164.66666666666666,163.66666666666666,162.66666666666666,161.66666666666666,160.66666666666666,159.66666666666666,159.66666666666666,159.66666666666666,160.66666666666666,160.66666666666666,160.66666666666666,161.66666666666666,162.66666666666666,162.66666666666666,162.66666666666666,161.66666666666666,161.66666666666666,158.66666666666666,159.66666666666666,161.66666666666666,163.66666666666666,163.66666666666666,163.66666666666666,162.66666666666666,161.66666666666666,164.66666666666666,162.66666666666666,162.66666666666666,165.66666666666666,166.66666666666666,163.66666666666666,164.66666666666666,166.66666666666666,168.33333333333334,139.66666666666666,111.66666666666667,103.66666666666667,111.66666666666667,115.66666666666667,161.33333333333334,162.33333333333334,162.33333333333334,162.33333333333334,162.33333333333334,163.33333333333334,164.33333333333334,164.33333333333334,163.33333333333334,163.33333333333334,164.33333333333334,166.33333333333334,167.33333333333334,166.33333333333334,163.33333333333334,160.33333333333334,162.33333333333334,163.33333333333334,163.33333333333334,164.33333333333334,163.33333333333334,163.33333333333334,162.33333333333334,162.33333333333334,164.33333333333334,162.33333333333334,160.33333333333334,159.33333333333334,159.33333333333334,160.33333333333334,162.33333333333334,164.33333333333334,165.33333333333334,164.33333333333334,162.33333333333334,160.33333333333334,159.33333333333334,160.33333333333334,161.33333333333334,162.33333333333334,164.33333333333334,164.33333333333334,164.33333333333334,163.33333333333334,161.33333333333334,159.33333333333334,157.33333333333334,156.33333333333334,158.66666666666666,161.66666666666666,163.66666666666666,163.66666666666666,161.66666666666666,160.66666666666666,160.66666666666666,161.66666666666666,160.66666666666666,163.66666666666666,165.66666666666666,166.66666666666666,164.66666666666666,163.66666666666666,163.66666666666666,163.66666666666666,160.66666666666666,160.66666666666666,160.66666666666666,161.66666666666666,162.66666666666666,163.66666666666666,165.66666666666666,166.66666666666666,168.66666666666666,170.66666666666666,172.66666666666666,172.66666666666666,170.66666666666666,168.66666666666666,168.66666666666666,168.66666666666666,166.66666666666666,167.66666666666666,166.66666666666666,165.66666666666666,163.66666666666666,164.66666666666666,166.66666666666666,169.66666666666666,169.66666666666666,168.66666666666666,167.66666666666666,166.66666666666666,165.66666666666666,164.66666666666666,164.66666666666666,164.66666666666666,164.66666666666666,163.66666666666666,162.66666666666666,161.66666666666666,161.66666666666666,161.66666666666666,161.66666666666666,161.66666666666666,162.66666666666666,162.66666666666666,162.66666666666666,162.66666666666666,162.66666666666666,162.66666666666666,162.66666666666666,163.66666666666666,164.66666666666666,163.66666666666666,161.66666666666666,159.66666666666666,158.66666666666666,158.66666666666666,158.66666666666666,159.66666666666666,158.66666666666666,158.66666666666666,160.66666666666666,161.66666666666666,161.66666666666666,161.66666666666666,161.66666666666666,161.66666666666666,157.66666666666666,158.66666666666666,159.66666666666666,160.66666666666666,161.66666666666666,160.66666666666666,160.66666666666666,159.66666666666666,162.66666666666666,161.66666666666666,160.66666666666666,163.66666666666666,165.66666666666666,167.66666666666666,167.66666666666666,168.66666666666666,162.66666666666666,129.66666666666666,102.66666666666667,103.66666666666667,112.66666666666667,111.66666666666667,159.33333333333334,160.33333333333334,160.33333333333334,161.33333333333334,162.33333333333334,162.33333333333334,163.33333333333334,163.33333333333334,163.33333333333334,163.33333333333334,164.33333333333334,166.33333333333334,167.33333333333334,166.33333333333334,163.33333333333334,160.33333333333334,162.33333333333334,163.33333333333334,163.33333333333334,164.33333333333334,164.33333333333334,164.33333333333334,163.33333333333334,163.33333333333334,163.33333333333334,162.33333333333334,160.33333333333334,158.33333333333334,158.33333333333334,160.33333333333334,162.33333333333334,163.33333333333334,162.33333333333334,162.33333333333334,160.33333333333334,159.33333333333334,159.33333333333334,160.33333333333334,161.33333333333334,161.33333333333334,166.33333333333334,165.33333333333334,163.33333333333334,160.33333333333334,159.33333333333334,158.33333333333334,157.33333333333334,157.33333333333334,159.66666666666666,160.66666666666666,161.66666666666666,161.66666666666666,160.66666666666666,160.66666666666666,160.66666666666666,161.66666666666666,159.66666666666666,162.66666666666666,165.66666666666666,165.66666666666666,164.66666666666666,163.66666666666666,163.66666666666666,163.66666666666666,160.66666666666666,162.66666666666666,163.66666666666666,164.66666666666666,164.66666666666666,162.66666666666666,160.66666666666666,159.66666666666666,160.66666666666666,162.66666666666666,165.66666666666666,165.66666666666666,163.66666666666666,162.66666666666666,162.66666666666666,162.66666666666666,165.66666666666666,166.66666666666666,165.66666666666666,164.66666666666666,162.66666666666666,162.66666666666666,165.66666666666666,167.66666666666666,168.66666666666666,167.66666666666666,165.66666666666666,164.66666666666666,163.66666666666666,163.66666666666666,163.66666666666666,163.66666666666666,164.66666666666666,163.66666666666666,162.66666666666666,161.66666666666666,161.66666666666666,161.66666666666666,162.66666666666666,162.66666666666666,161.66666666666666,162.66666666666666,163.66666666666666,164.66666666666666,164.66666666666666,163.66666666666666,161.66666666666666,160.66666666666666,163.66666666666666,163.66666666666666,161.66666666666666,160.66666666666666,159.66666666666666,158.66666666666666,158.66666666666666,158.66666666666666,157.66666666666666,158.66666666666666,159.66666666666666,160.66666666666666,161.66666666666666,161.66666666666666,161.66666666666666,161.66666666666666,159.66666666666666,159.66666666666666,159.66666666666666,159.66666666666666,159.66666666666666,158.66666666666666,157.66666666666666,157.66666666666666,157.66666666666666,157.66666666666666,157.66666666666666,158.66666666666666,162.66666666666666,165.66666666666666,164.66666666666666,162.66666666666666,148.66666666666666,121.66666666666667,103.66666666666667,106.66666666666667,110.0,103.0,158.33333333333334,159.33333333333334,160.33333333333334,161.33333333333334,162.33333333333334,162.33333333333334,162.33333333333334,161.33333333333334,164.33333333333334,164.33333333333334,164.33333333333334,166.33333333333334,167.33333333333334,167.33333333333334,165.33333333333334,163.33333333333334,161.33333333333334,162.33333333333334,163.33333333333334,164.33333333333334,164.33333333333334,164.33333333333334,163.33333333333334,163.33333333333334,162.33333333333334,161.33333333333334,160.33333333333334,159.33333333333334,159.33333333333334,160.33333333333334,161.33333333333334,162.33333333333334,160.33333333333334,160.33333333333334,159.33333333333334,159.33333333333334,159.33333333333334,160.33333333333334,161.33333333333334,161.33333333333334,166.33333333333334,164.33333333333334,162.33333333333334,160.33333333333334,159.33333333333334,158.33333333333334,159.33333333333334,159.33333333333334,160.66666666666666,160.66666666666666,160.66666666666666,160.66666666666666,160.66666666666666,160.66666666666666,160.66666666666666,160.66666666666666,157.66666666666666,159.66666666666666,161.66666666666666,161.66666666666666,159.66666666666666,158.66666666666666,159.66666666666666,160.66666666666666,160.66666666666666,162.66666666666666,164.66666666666666,165.66666666666666,164.66666666666666,161.66666666666666,157.66666666666666,155.66666666666666,159.66666666666666,161.66666666666666,163.66666666666666,163.66666666666666,162.66666666666666,160.66666666666666,159.66666666666666,160.66666666666666,162.66666666666666,163.66666666666666,164.66666666666666,163.66666666666666,161.66666666666666,161.66666666666666,163.66666666666666,165.66666666666666,161.66666666666666,161.66666666666666,160.66666666666666,161.66666666666666,162.66666666666666,163.66666666666666,164.66666666666666,165.66666666666666,164.66666666666666,164.66666666666666,163.66666666666666,162.66666666666666,162.66666666666666,163.66666666666666,163.66666666666666,164.66666666666666,159.66666666666666,161.66666666666666,162.66666666666666,163.66666666666666,163.66666666666666,161.66666666666666,159.66666666666666,158.66666666666666,160.66666666666666,160.66666666666666,161.66666666666666,161.66666666666666,160.66666666666666,159.66666666666666,158.66666666666666,157.66666666666666,157.66666666666666,158.66666666666666,159.66666666666666,160.66666666666666,160.66666666666666,160.66666666666666,159.66666666666666,159.66666666666666,159.66666666666666,159.66666666666666,158.66666666666666,158.66666666666666,157.66666666666666,157.66666666666666,157.66666666666666,156.66666666666666,154.66666666666666,155.66666666666666,154.66666666666666,155.66666666666666,158.66666666666666,161.66666666666666,158.66666666666666,152.33333333333334,135.66666666666666,118.66666666666667,107.66666666666667,107.66666666666667,105.0,95.0,159.33333333333334,160.33333333333334,161.33333333333334,162.33333333333334,162.33333333333334,162.33333333333334,161.33333333333334,160.33333333333334,162.33333333333334,160.33333333333334,160.33333333333334,161.33333333333334,163.33333333333334,165.33333333333334,164.33333333333334,163.33333333333334,159.33333333333334,160.33333333333334,161.33333333333334,162.33333333333334,163.33333333333334,162.33333333333334,162.33333333333334,162.33333333333334,160.33333333333334,160.33333333333334,160.33333333333334,160.33333333333334,160.33333333333334,160.33333333333334,160.33333333333334,160.33333333333334,158.33333333333334,158.33333333333334,158.33333333333334,159.33333333333334,159.33333333333334,160.33333333333334,161.33333333333334,161.33333333333334,162.33333333333334,162.33333333333334,162.33333333333334,163.33333333333334,162.33333333333334,161.33333333333334,160.33333333333334,160.33333333333334,161.66666666666666,160.66666666666666,159.66666666666666,159.66666666666666,160.66666666666666,160.66666666666666,160.66666666666666,160.66666666666666,156.66666666666666,157.66666666666666,157.66666666666666,156.66666666666666,155.66666666666666,154.66666666666666,156.66666666666666,158.66666666666666,159.66666666666666,160.66666666666666,160.66666666666666,160.66666666666666,160.66666666666666,158.66666666666666,157.66666666666666,156.66666666666666,161.66666666666666,163.66666666666666,165.66666666666666,165.66666666666666,163.66666666666666,160.66666666666666,160.66666666666666,160.66666666666666,159.66666666666666,161.66666666666666,163.66666666666666,162.66666666666666,161.66666666666666,160.66666666666666,160.66666666666666,161.66666666666666,157.66666666666666,157.66666666666666,158.66666666666666,158.66666666666666,160.66666666666666,162.66666666666666,163.66666666666666,164.66666666666666,161.66666666666666,160.66666666666666,160.66666666666666,159.66666666666666,159.66666666666666,160.66666666666666,161.66666666666666,161.66666666666666,159.66666666666666,159.66666666666666,159.66666666666666,158.66666666666666,158.66666666666666,157.66666666666666,157.66666666666666,157.66666666666666,155.66666666666666,157.66666666666666,159.66666666666666,161.66666666666666,160.66666666666666,159.66666666666666,156.66666666666666,154.66666666666666,157.66666666666666,157.66666666666666,157.66666666666666,158.66666666666666,157.66666666666666,157.66666666666666,156.66666666666666,155.66666666666666,158.66666666666666,157.66666666666666,157.66666666666666,157.66666666666666,157.66666666666666,158.66666666666666,159.66666666666666,159.66666666666666,157.66666666666666,159.66666666666666,158.66666666666666,157.66666666666666,160.66666666666666,162.66666666666666,155.66666666666666,146.33333333333334,128.66666666666666,119.0,110.0,106.0,101.0,94.0,160.33333333333334,160.33333333333334,162.33333333333334,163.33333333333334,163.33333333333334,162.33333333333334,160.33333333333334,159.33333333333334,157.33333333333334,155.33333333333334,154.33333333333334,155.33333333333334,158.33333333333334,160.33333333333334,160.33333333333334,160.33333333333334,158.33333333333334,158.33333333333334,159.33333333333334,160.33333333333334,161.33333333333334,161.33333333333334,161.33333333333334,160.33333333333334,159.33333333333334,160.33333333333334,160.33333333333334,161.33333333333334,161.33333333333334,160.33333333333334,160.33333333333334,159.33333333333334,157.33333333333334,157.33333333333334,158.33333333333334,158.33333333333334,159.33333333333334,160.33333333333334,161.33333333333334,161.33333333333334,158.33333333333334,160.33333333333334,163.33333333333334,166.33333333333334,166.33333333333334,164.33333333333334,161.33333333333334,159.33333333333334,161.66666666666666,159.66666666666666,158.66666666666666,158.66666666666666,159.66666666666666,160.66666666666666,160.66666666666666,159.66666666666666,157.66666666666666,158.66666666666666,157.66666666666666,155.66666666666666,153.66666666666666,153.66666666666666,155.66666666666666,158.66666666666666,158.66666666666666,157.66666666666666,156.66666666666666,156.66666666666666,156.66666666666666,156.66666666666666,157.66666666666666,158.66666666666666,158.66666666666666,160.66666666666666,162.66666666666666,161.66666666666666,159.66666666666666,157.66666666666666,156.66666666666666,156.66666666666666,157.66666666666666,159.66666666666666,162.66666666666666,162.66666666666666,161.66666666666666,159.66666666666666,159.66666666666666,159.66666666666666,159.66666666666666,158.66666666666666,158.66666666666666,158.66666666666666,158.66666666666666,159.66666666666666,160.66666666666666,160.66666666666666,156.66666666666666,156.66666666666666,155.66666666666666,155.66666666666666,155.66666666666666,155.66666666666666,156.66666666666666,157.66666666666666,160.66666666666666,158.66666666666666,155.66666666666666,153.66666666666666,153.66666666666666,154.66666666666666,156.66666666666666,157.66666666666666,151.66666666666666,154.66666666666666,157.66666666666666,160.66666666666666,160.66666666666666,158.66666666666666,155.66666666666666,152.66666666666666,156.66666666666666,156.66666666666666,156.66666666666666,156.66666666666666,155.66666666666666,154.66666666666666,153.66666666666666,152.66666666666666,156.66666666666666,156.66666666666666,156.66666666666666,157.66666666666666,158.66666666666666,160.66666666666666,161.66666666666666,162.66666666666666,163.66666666666666,165.66666666666666,165.66666666666666,163.66666666666666,165.66666666666666,166.66666666666666,157.66666666666666,146.33333333333334,126.66666666666667,119.0,110.0,103.0,98.0,96.0,157.33333333333334,158.33333333333334,161.33333333333334,162.33333333333334,163.33333333333334,162.33333333333334,160.33333333333334,159.33333333333334,161.33333333333334,160.33333333333334,160.33333333333334,159.33333333333334,159.33333333333334,160.33333333333334,160.33333333333334,161.33333333333334,159.33333333333334,159.33333333333334,160.33333333333334,161.33333333333334,162.33333333333334,162.33333333333334,163.33333333333334,163.33333333333334,162.33333333333334,160.33333333333334,159.33333333333334,159.33333333333334,160.33333333333334,160.33333333333334,158.33333333333334,156.33333333333334,157.33333333333334,157.33333333333334,157.33333333333334,157.33333333333334,157.33333333333334,157.33333333333334,157.33333333333334,157.33333333333334,161.33333333333334,160.33333333333334,160.33333333333334,159.33333333333334,159.33333333333334,160.33333333333334,160.33333333333334,161.33333333333334,157.66666666666666,159.66666666666666,159.66666666666666,156.66666666666666,156.66666666666666,159.66666666666666,160.66666666666666,158.66666666666666,159.66666666666666,159.66666666666666,159.66666666666666,159.66666666666666,159.66666666666666,158.66666666666666,157.66666666666666,156.66666666666666,158.66666666666666,155.66666666666666,155.66666666666666,158.66666666666666,158.66666666666666,155.66666666666666,155.66666666666666,158.66666666666666,157.66666666666666,157.66666666666666,157.66666666666666,158.66666666666666,158.66666666666666,159.66666666666666,159.66666666666666,159.66666666666666,159.66666666666666,158.66666666666666,158.66666666666666,158.66666666666666,159.66666666666666,161.66666666666666,163.66666666666666,164.66666666666666,157.66666666666666,161.66666666666666,161.66666666666666,155.66666666666666,151.66666666666666,154.66666666666666,158.66666666666666,159.66666666666666,154.66666666666666,154.66666666666666,154.66666666666666,154.66666666666666,154.66666666666666,154.66666666666666,154.66666666666666,154.66666666666666,156.66666666666666,157.66666666666666,157.66666666666666,158.66666666666666,158.66666666666666,159.66666666666666,159.66666666666666,160.66666666666666,160.66666666666666,160.66666666666666,159.66666666666666,159.66666666666666,157.66666666666666,155.66666666666666,154.66666666666666,153.66666666666666,155.66666666666666,156.66666666666666,156.66666666666666,158.66666666666666,159.66666666666666,160.66666666666666,161.66666666666666,161.66666666666666,159.66666666666666,158.66666666666666,157.66666666666666,157.66666666666666,158.66666666666666,160.66666666666666,162.66666666666666,163.66666666666666,165.66666666666666,162.66666666666666,164.66666666666666,162.66666666666666,159.66666666666666,165.66666666666666,161.66666666666666,144.33333333333334,117.66666666666667,112.0,109.0,100.0,89.66666666666667,93.66666666666667,157.33333333333334,158.33333333333334,160.33333333333334,161.33333333333334,161.33333333333334,161.33333333333334,160.33333333333334,159.33333333333334,160.33333333333334,160.33333333333334,159.33333333333334,159.33333333333334,159.33333333333334,159.33333333333334,160.33333333333334,160.33333333333334,156.33333333333334,157.33333333333334,157.33333333333334,158.33333333333334,159.33333333333334,160.33333333333334,160.33333333333334,161.33333333333334,161.33333333333334,160.33333333333334,158.33333333333334,158.33333333333334,159.33333333333334,159.33333333333334,158.33333333333334,156.33333333333334,155.33333333333334,155.33333333333334,155.33333333333334,155.33333333333334,155.33333333333334,155.33333333333334,155.33333333333334,155.33333333333334,159.33333333333334,159.33333333333334,158.33333333333334,158.33333333333334,158.33333333333334,158.33333333333334,159.33333333333334,159.33333333333334,157.66666666666666,160.66666666666666,159.66666666666666,156.66666666666666,156.66666666666666,160.66666666666666,160.66666666666666,158.66666666666666,158.66666666666666,158.66666666666666,158.66666666666666,158.66666666666666,157.66666666666666,156.66666666666666,155.66666666666666,154.66666666666666,159.66666666666666,156.66666666666666,156.66666666666666,159.66666666666666,159.66666666666666,156.66666666666666,156.66666666666666,159.66666666666666,157.66666666666666,157.66666666666666,158.66666666666666,158.66666666666666,158.66666666666666,159.66666666666666,159.66666666666666,159.66666666666666,159.66666666666666,158.66666666666666,158.66666666666666,157.66666666666666,158.66666666666666,159.66666666666666,161.66666666666666,162.66666666666666,156.66666666666666,161.66666666666666,161.66666666666666,155.66666666666666,153.66666666666666,155.66666666666666,158.66666666666666,158.66666666666666,157.66666666666666,157.66666666666666,157.66666666666666,157.66666666666666,157.66666666666666,157.66666666666666,157.66666666666666,157.66666666666666,157.66666666666666,157.66666666666666,157.66666666666666,158.66666666666666,158.66666666666666,158.66666666666666,158.66666666666666,158.66666666666666,158.66666666666666,158.66666666666666,158.66666666666666,157.66666666666666,156.66666666666666,154.66666666666666,153.66666666666666,152.66666666666666,155.66666666666666,156.66666666666666,156.66666666666666,157.66666666666666,158.66666666666666,158.66666666666666,159.66666666666666,159.66666666666666,158.66666666666666,158.66666666666666,157.66666666666666,157.66666666666666,158.66666666666666,159.66666666666666,161.66666666666666,162.66666666666666,164.66666666666666,161.66666666666666,164.66666666666666,162.66666666666666,159.66666666666666,165.66666666666666,162.66666666666666,144.33333333333334,123.66666666666667,105.0,94.0,91.0,86.66666666666667,90.66666666666667,158.33333333333334,158.33333333333334,158.33333333333334,159.33333333333334,159.33333333333334,159.33333333333334,160.33333333333334,160.33333333333334,160.33333333333334,159.33333333333334,158.33333333333334,158.33333333333334,158.33333333333334,158.33333333333334,159.33333333333334,160.33333333333334,156.33333333333334,156.33333333333334,156.33333333333334,157.33333333333334,158.33333333333334,159.33333333333334,159.33333333333334,160.33333333333334,160.33333333333334,159.33333333333334,157.33333333333334,158.33333333333334,159.33333333333334,159.33333333333334,158.33333333333334,156.33333333333334,156.33333333333334,156.33333333333334,156.33333333333334,156.33333333333334,156.33333333333334,156.33333333333334,156.33333333333334,156.33333333333334,158.33333333333334,157.33333333333334,157.33333333333334,156.33333333333334,156.33333333333334,157.33333333333334,157.33333333333334,158.33333333333334,158.66666666666666,161.66666666666666,160.66666666666666,156.66666666666666,156.66666666666666,160.66666666666666,160.66666666666666,158.66666666666666,158.66666666666666,157.66666666666666,157.66666666666666,156.66666666666666,155.66666666666666,154.66666666666666,153.66666666666666,153.66666666666666,159.66666666666666,156.66666666666666,156.66666666666666,159.66666666666666,159.66666666666666,156.66666666666666,156.66666666666666,159.66666666666666,157.66666666666666,157.66666666666666,158.66666666666666,158.66666666666666,158.66666666666666,159.66666666666666,159.66666666666666,159.66666666666666,159.66666666666666,158.66666666666666,158.66666666666666,157.66666666666666,158.66666666666666,158.66666666666666,159.66666666666666,160.66666666666666,155.66666666666666,160.66666666666666,160.66666666666666,156.66666666666666,154.66666666666666,157.66666666666666,158.66666666666666,156.66666666666666,158.66666666666666,158.66666666666666,158.66666666666666,158.66666666666666,158.66666666666666,158.66666666666666,158.66666666666666,158.66666666666666,158.66666666666666,158.66666666666666,158.66666666666666,157.66666666666666,157.66666666666666,157.66666666666666,157.66666666666666,157.66666666666666,155.66666666666666,155.66666666666666,156.66666666666666,155.66666666666666,155.66666666666666,154.66666666666666,153.66666666666666,152.66666666666666,156.66666666666666,156.66666666666666,156.66666666666666,156.66666666666666,156.66666666666666,156.66666666666666,156.66666666666666,156.66666666666666,157.66666666666666,157.66666666666666,157.66666666666666,157.66666666666666,158.66666666666666,159.66666666666666,160.66666666666666,161.66666666666666,162.66666666666666,160.66666666666666,162.66666666666666,161.66666666666666,158.66666666666666,165.66666666666666,162.66666666666666,145.33333333333334,129.0,91.66666666666667,71.66666666666667,77.66666666666667,82.66666666666667,85.66666666666667,157.33333333333334,157.33333333333334,157.33333333333334,157.33333333333334,157.33333333333334,158.33333333333334,159.33333333333334,160.33333333333334,158.33333333333334,158.33333333333334,157.33333333333334,157.33333333333334,157.33333333333334,157.33333333333334,158.33333333333334,158.33333333333334,157.33333333333334,157.33333333333334,158.33333333333334,158.33333333333334,159.33333333333334,160.33333333333334,161.33333333333334,161.33333333333334,159.33333333333334,157.33333333333334,156.33333333333334,157.33333333333334,158.33333333333334,159.33333333333334,157.33333333333334,156.33333333333334,158.33333333333334,158.33333333333334,158.33333333333334,158.33333333333334,158.33333333333334,158.33333333333334,158.33333333333334,158.33333333333334,158.33333333333334,157.33333333333334,156.33333333333334,156.33333333333334,156.33333333333334,156.33333333333334,157.33333333333334,158.33333333333334,159.66666666666666,161.66666666666666,160.66666666666666,156.66666666666666,156.66666666666666,159.66666666666666,160.66666666666666,157.66666666666666,158.66666666666666,158.66666666666666,157.66666666666666,155.66666666666666,155.66666666666666,154.66666666666666,154.66666666666666,154.66666666666666,159.66666666666666,156.66666666666666,156.66666666666666,159.66666666666666,159.66666666666666,156.66666666666666,156.66666666666666,159.66666666666666,157.66666666666666,157.66666666666666,157.66666666666666,158.66666666666666,158.66666666666666,158.66666666666666,159.66666666666666,159.66666666666666,160.66666666666666,159.66666666666666,159.66666666666666,159.66666666666666,158.66666666666666,158.66666666666666,159.66666666666666,159.66666666666666,155.66666666666666,158.66666666666666,160.66666666666666,157.66666666666666,156.66666666666666,158.66666666666666,158.66666666666666,155.66666666666666,156.66666666666666,156.66666666666666,156.66666666666666,156.66666666666666,156.66666666666666,156.66666666666666,156.66666666666666,156.66666666666666,158.66666666666666,158.66666666666666,157.66666666666666,157.66666666666666,156.66666666666666,155.66666666666666,155.66666666666666,155.66666666666666,154.66666666666666,155.66666666666666,155.66666666666666,155.66666666666666,155.66666666666666,155.66666666666666,154.66666666666666,153.66666666666666,156.66666666666666,156.66666666666666,156.66666666666666,155.66666666666666,155.66666666666666,154.66666666666666,154.66666666666666,154.66666666666666,156.66666666666666,156.66666666666666,156.66666666666666,157.66666666666666,157.66666666666666,158.66666666666666,159.66666666666666,160.66666666666666,160.66666666666666,158.66666666666666,161.66666666666666,160.66666666666666,157.66666666666666,165.66666666666666,162.66666666666666,145.33333333333334,126.0,73.66666666666667,47.666666666666664,64.66666666666667,79.66666666666667,81.66666666666667,156.33333333333334,156.33333333333334,155.33333333333334,155.33333333333334,156.33333333333334,157.33333333333334,158.33333333333334,158.33333333333334,157.33333333333334,157.33333333333334,156.33333333333334,156.33333333333334,156.33333333333334,156.33333333333334,157.33333333333334,157.33333333333334,155.33333333333334,156.33333333333334,156.33333333333334,157.33333333333334,158.33333333333334,159.33333333333334,159.33333333333334,160.33333333333334,157.33333333333334,156.33333333333334,155.33333333333334,156.33333333333334,157.33333333333334,158.33333333333334,157.33333333333334,156.33333333333334,158.33333333333334,158.33333333333334,158.33333333333334,158.33333333333334,158.33333333333334,158.33333333333334,158.33333333333334,158.33333333333334,158.33333333333334,158.33333333333334,157.33333333333334,156.33333333333334,156.33333333333334,157.33333333333334,158.33333333333334,158.33333333333334,158.66666666666666,161.66666666666666,160.66666666666666,156.66666666666666,155.66666666666666,158.66666666666666,158.66666666666666,156.66666666666666,159.66666666666666,158.66666666666666,157.66666666666666,156.66666666666666,155.66666666666666,155.66666666666666,156.66666666666666,157.66666666666666,158.66666666666666,155.66666666666666,155.66666666666666,158.66666666666666,158.66666666666666,155.66666666666666,155.66666666666666,158.66666666666666,155.66666666666666,156.66666666666666,156.66666666666666,156.66666666666666,157.66666666666666,157.66666666666666,157.66666666666666,158.66666666666666,160.66666666666666,160.66666666666666,160.66666666666666,160.66666666666666,160.66666666666666,159.66666666666666,159.66666666666666,159.66666666666666,155.66666666666666,158.66666666666666,158.66666666666666,156.66666666666666,157.66666666666666,160.66666666666666,158.66666666666666,155.66666666666666,156.66666666666666,156.66666666666666,156.66666666666666,156.66666666666666,156.66666666666666,156.66666666666666,156.66666666666666,156.66666666666666,157.66666666666666,157.66666666666666,157.66666666666666,156.66666666666666,155.66666666666666,155.66666666666666,154.66666666666666,154.66666666666666,155.66666666666666,156.66666666666666,156.66666666666666,156.66666666666666,156.66666666666666,156.66666666666666,155.66666666666666,154.66666666666666,157.66666666666666,156.66666666666666,156.66666666666666,155.66666666666666,154.66666666666666,154.66666666666666,153.66666666666666,153.66666666666666,154.66666666666666,155.66666666666666,156.66666666666666,157.66666666666666,157.66666666666666,158.66666666666666,158.66666666666666,158.66666666666666,158.66666666666666,156.66666666666666,158.66666666666666,157.66666666666666,155.66666666666666,162.66666666666666,160.66666666666666,143.33333333333334,113.0,57.666666666666664,33.666666666666664,58.666666666666664,79.0,81.0,154.33333333333334,154.33333333333334,155.33333333333334,155.33333333333334,156.33333333333334,156.33333333333334,156.33333333333334,156.33333333333334,156.33333333333334,156.33333333333334,155.33333333333334,154.33333333333334,154.33333333333334,155.33333333333334,156.33333333333334,156.33333333333334,152.33333333333334,152.33333333333334,153.33333333333334,154.33333333333334,155.33333333333334,155.33333333333334,156.33333333333334,156.33333333333334,156.33333333333334,155.33333333333334,154.33333333333334,155.33333333333334,157.33333333333334,158.33333333333334,157.33333333333334,155.33333333333334,155.33333333333334,155.33333333333334,155.33333333333334,155.33333333333334,155.33333333333334,155.33333333333334,155.33333333333334,155.33333333333334,158.33333333333334,157.33333333333334,157.33333333333334,156.33333333333334,156.33333333333334,157.33333333333334,157.33333333333334,158.33333333333334,157.66666666666666,160.66666666666666,158.66666666666666,154.66666666666666,154.66666666666666,156.66666666666666,157.66666666666666,154.66666666666666,157.66666666666666,156.66666666666666,155.66666666666666,155.66666666666666,155.66666666666666,156.66666666666666,158.66666666666666,159.66666666666666,157.66666666666666,154.66666666666666,154.66666666666666,157.66666666666666,157.66666666666666,154.66666666666666,154.66666666666666,157.66666666666666,154.66666666666666,154.66666666666666,154.66666666666666,155.66666666666666,155.66666666666666,155.66666666666666,156.66666666666666,156.66666666666666,157.66666666666666,158.66666666666666,159.66666666666666,159.66666666666666,159.66666666666666,159.66666666666666,158.66666666666666,158.66666666666666,156.66666666666666,158.66666666666666,157.66666666666666,154.66666666666666,156.66666666666666,160.66666666666666,160.66666666666666,155.66666666666666,158.66666666666666,158.66666666666666,158.66666666666666,158.66666666666666,158.66666666666666,158.66666666666666,158.66666666666666,158.66666666666666,155.66666666666666,155.66666666666666,155.66666666666666,155.66666666666666,155.66666666666666,154.66666666666666,154.66666666666666,154.66666666666666,156.66666666666666,156.66666666666666,157.66666666666666,157.66666666666666,156.66666666666666,155.66666666666666,154.66666666666666,153.66666666666666,156.66666666666666,156.66666666666666,156.66666666666666,155.66666666666666,155.66666666666666,154.66666666666666,154.66666666666666,153.66666666666666,153.66666666666666,154.66666666666666,155.66666666666666,156.66666666666666,157.66666666666666,157.66666666666666,157.66666666666666,157.66666666666666,156.66666666666666,154.66666666666666,156.66666666666666,155.66666666666666,153.66666666666666,159.66666666666666,156.66666666666666,139.33333333333334,98.0,49.666666666666664,33.666666666666664,62.666666666666664,83.0,83.0,152.33333333333334,153.33333333333334,154.33333333333334,156.33333333333334,156.33333333333334,156.33333333333334,155.33333333333334,154.33333333333334,155.33333333333334,155.33333333333334,154.33333333333334,154.33333333333334,154.33333333333334,154.33333333333334,155.33333333333334,155.33333333333334,151.33333333333334,151.33333333333334,152.33333333333334,153.33333333333334,154.33333333333334,154.33333333333334,155.33333333333334,155.33333333333334,155.33333333333334,154.33333333333334,153.33333333333334,154.33333333333334,156.33333333333334,157.33333333333334,157.33333333333334,155.33333333333334,154.33333333333334,154.33333333333334,154.33333333333334,154.33333333333334,154.33333333333334,154.33333333333334,154.33333333333334,154.33333333333334,156.33333333333334,156.33333333333334,155.33333333333334,155.33333333333334,155.33333333333334,155.33333333333334,156.33333333333334,156.33333333333334,156.66666666666666,158.66666666666666,157.66666666666666,153.66666666666666,152.66666666666666,155.66666666666666,155.66666666666666,152.66666666666666,154.66666666666666,154.66666666666666,153.66666666666666,153.66666666666666,154.66666666666666,156.66666666666666,159.66666666666666,161.66666666666666,155.66666666666666,152.66666666666666,152.66666666666666,155.66666666666666,155.66666666666666,152.66666666666666,152.66666666666666,155.66666666666666,152.66666666666666,152.66666666666666,152.66666666666666,153.66666666666666,153.66666666666666,153.66666666666666,154.66666666666666,154.66666666666666,153.66666666666666,154.66666666666666,156.66666666666666,157.66666666666666,158.66666666666666,158.66666666666666,157.66666666666666,156.66666666666666,158.66666666666666,158.66666666666666,155.66666666666666,153.66666666666666,155.66666666666666,161.66666666666666,161.66666666666666,156.66666666666666,157.66666666666666,157.66666666666666,157.66666666666666,157.66666666666666,157.66666666666666,157.66666666666666,157.66666666666666,157.66666666666666,154.66666666666666,154.66666666666666,154.66666666666666,154.66666666666666,154.66666666666666,155.66666666666666,155.66666666666666,155.66666666666666,156.66666666666666,156.66666666666666,156.66666666666666,156.66666666666666,155.66666666666666,153.66666666666666,152.66666666666666,151.66666666666666,156.66666666666666,156.66666666666666,156.66666666666666,156.66666666666666,155.66666666666666,155.66666666666666,155.66666666666666,155.66666666666666,152.66666666666666,153.66666666666666,155.66666666666666,156.66666666666666,157.66666666666666,157.66666666666666,156.66666666666666,156.66666666666666,155.66666666666666,153.66666666666666,155.66666666666666,153.66666666666666,150.66666666666666,156.66666666666666,153.66666666666666,136.33333333333334,86.66666666666667,51.0,46.0,74.0,88.0,86.0,150.33333333333334,152.33333333333334,154.33333333333334,156.33333333333334,157.33333333333334,156.33333333333334,154.33333333333334,152.33333333333334,155.33333333333334,154.33333333333334,154.33333333333334,153.33333333333334,153.33333333333334,154.33333333333334,154.33333333333334,155.33333333333334,153.33333333333334,153.33333333333334,154.33333333333334,155.33333333333334,155.33333333333334,156.33333333333334,157.33333333333334,157.33333333333334,155.33333333333334,153.33333333333334,153.33333333333334,154.33333333333334,156.33333333333334,157.33333333333334,156.33333333333334,155.33333333333334,155.33333333333334,155.33333333333334,155.33333333333334,155.33333333333334,155.33333333333334,155.33333333333334,155.33333333333334,155.33333333333334,155.33333333333334,154.33333333333334,154.33333333333334,153.33333333333334,153.33333333333334,154.33333333333334,154.33333333333334,155.33333333333334,156.66666666666666,158.66666666666666,156.66666666666666,152.66666666666666,151.66666666666666,154.66666666666666,154.66666666666666,151.66666666666666,152.66666666666666,151.66666666666666,150.66666666666666,151.66666666666666,152.66666666666666,155.66666666666666,159.66666666666666,161.66666666666666,154.66666666666666,151.66666666666666,151.66666666666666,154.66666666666666,154.66666666666666,151.66666666666666,151.66666666666666,154.66666666666666,151.66666666666666,151.66666666666666,151.66666666666666,152.66666666666666,152.66666666666666,152.66666666666666,153.66666666666666,153.66666666666666,150.66666666666666,151.66666666666666,153.66666666666666,155.66666666666666,156.66666666666666,156.66666666666666,155.66666666666666,155.66666666666666,159.66666666666666,158.66666666666666,154.66666666666666,151.66666666666666,155.66666666666666,161.66666666666666,161.66666666666666,157.66666666666666,154.66666666666666,154.66666666666666,154.66666666666666,154.66666666666666,154.66666666666666,154.66666666666666,154.66666666666666,154.66666666666666,152.66666666666666,153.66666666666666,153.66666666666666,154.66666666666666,154.66666666666666,155.66666666666666,155.66666666666666,156.66666666666666,156.66666666666666,156.66666666666666,155.66666666666666,154.66666666666666,153.66666666666666,151.66666666666666,149.66666666666666,148.66666666666666,156.66666666666666,156.66666666666666,156.66666666666666,156.66666666666666,156.66666666666666,156.66666666666666,156.66666666666666,156.66666666666666,151.66666666666666,152.66666666666666,154.66666666666666,156.66666666666666,157.66666666666666,157.66666666666666,156.66666666666666,155.66666666666666,155.66666666666666,152.66666666666666,154.66666666666666,152.66666666666666,148.66666666666666,154.66666666666666,151.66666666666666,133.33333333333334,81.0,54.666666666666664,55.666666666666664,83.0,93.0,89.0,152.66666666666666,153.66666666666666,154.66666666666666,155.66666666666666,155.66666666666666,154.66666666666666,153.66666666666666,152.66666666666666,153.66666666666666,153.66666666666666,153.66666666666666,153.66666666666666,153.66666666666666,153.66666666666666,153.66666666666666,153.66666666666666,151.33333333333334,150.33333333333334,150.33333333333334,150.33333333333334,150.33333333333334,151.33333333333334,152.33333333333334,153.33333333333334,151.33333333333334,151.33333333333334,151.33333333333334,151.33333333333334,151.33333333333334,151.33333333333334,151.33333333333334,151.33333333333334,156.33333333333334,155.33333333333334,153.33333333333334,154.33333333333334,155.33333333333334,155.33333333333334,154.33333333333334,152.33333333333334,150.33333333333334,151.33333333333334,151.33333333333334,152.33333333333334,154.33333333333334,155.33333333333334,155.33333333333334,156.33333333333334,156.66666666666666,158.66666666666666,158.66666666666666,155.66666666666666,152.66666666666666,151.66666666666666,154.66666666666666,158.66666666666666,151.66666666666666,153.66666666666666,155.66666666666666,156.66666666666666,157.66666666666666,157.66666666666666,157.66666666666666,156.66666666666666,153.66666666666666,152.66666666666666,152.66666666666666,151.66666666666666,151.66666666666666,152.66666666666666,152.66666666666666,153.66666666666666,153.66666666666666,152.66666666666666,151.66666666666666,152.66666666666666,154.66666666666666,155.66666666666666,155.66666666666666,153.66666666666666,154.66666666666666,156.66666666666666,158.66666666666666,159.66666666666666,158.66666666666666,157.66666666666666,158.66666666666666,159.66666666666666,159.66666666666666,158.66666666666666,155.66666666666666,154.66666666666666,154.66666666666666,155.66666666666666,157.66666666666666,159.66666666666666,153.66666666666666,155.66666666666666,157.66666666666666,157.66666666666666,155.66666666666666,154.66666666666666,155.66666666666666,156.66666666666666,152.66666666666666,155.66666666666666,156.66666666666666,154.66666666666666,156.66666666666666,158.66666666666666,154.66666666666666,148.66666666666666,150.66666666666666,151.66666666666666,151.66666666666666,152.66666666666666,154.66666666666666,155.66666666666666,156.66666666666666,156.66666666666666,156.66666666666666,155.66666666666666,154.66666666666666,154.66666666666666,153.66666666666666,153.66666666666666,154.66666666666666,154.66666666666666,154.66666666666666,155.66666666666666,156.66666666666666,157.66666666666666,157.66666666666666,156.66666666666666,155.66666666666666,154.66666666666666,154.66666666666666,154.66666666666666,154.66666666666666,150.66666666666666,154.66666666666666,168.66666666666666,156.66666666666666,121.33333333333333,67.66666666666667,61.0,70.0,82.66666666666667,84.0,86.66666666666667,148.66666666666666,149.66666666666666,150.66666666666666,151.66666666666666,151.66666666666666,150.66666666666666,149.66666666666666,148.66666666666666,153.66666666666666,153.66666666666666,153.66666666666666,153.66666666666666,153.66666666666666,153.66666666666666,153.66666666666666,153.66666666666666,152.33333333333334,152.33333333333334,153.33333333333334,153.33333333333334,153.33333333333334,154.33333333333334,154.33333333333334,154.33333333333334,153.33333333333334,153.33333333333334,153.33333333333334,153.33333333333334,153.33333333333334,153.33333333333334,153.33333333333334,153.33333333333334,155.33333333333334,153.33333333333334,151.33333333333334,151.33333333333334,152.33333333333334,153.33333333333334,152.33333333333334,151.33333333333334,152.33333333333334,152.33333333333334,153.33333333333334,153.33333333333334,153.33333333333334,153.33333333333334,154.33333333333334,154.33333333333334,152.66666666666666,153.66666666666666,153.66666666666666,152.66666666666666,151.66666666666666,152.66666666666666,153.66666666666666,155.66666666666666,149.66666666666666,150.66666666666666,152.66666666666666,153.66666666666666,154.66666666666666,154.66666666666666,154.66666666666666,154.66666666666666,154.66666666666666,154.66666666666666,153.66666666666666,153.66666666666666,153.66666666666666,153.66666666666666,154.66666666666666,154.66666666666666,153.66666666666666,152.66666666666666,151.66666666666666,152.66666666666666,154.66666666666666,155.66666666666666,155.66666666666666,153.66666666666666,153.66666666666666,156.66666666666666,158.66666666666666,158.66666666666666,157.66666666666666,156.66666666666666,157.66666666666666,158.66666666666666,157.66666666666666,156.66666666666666,154.66666666666666,153.66666666666666,154.66666666666666,155.66666666666666,157.66666666666666,158.66666666666666,152.66666666666666,154.66666666666666,156.66666666666666,156.66666666666666,154.66666666666666,153.66666666666666,154.66666666666666,155.66666666666666,155.66666666666666,158.66666666666666,158.66666666666666,156.66666666666666,157.66666666666666,159.66666666666666,156.66666666666666,150.66666666666666,153.66666666666666,154.66666666666666,154.66666666666666,155.66666666666666,156.66666666666666,157.66666666666666,158.66666666666666,158.66666666666666,155.66666666666666,154.66666666666666,154.66666666666666,153.66666666666666,152.66666666666666,152.66666666666666,153.66666666666666,153.66666666666666,152.66666666666666,153.66666666666666,155.66666666666666,156.66666666666666,156.66666666666666,155.66666666666666,153.66666666666666,152.66666666666666,154.66666666666666,153.66666666666666,152.66666666666666,147.66666666666666,151.66666666666666,164.66666666666666,151.66666666666666,116.66666666666667,70.66666666666667,59.666666666666664,68.0,86.66666666666667,91.0,92.66666666666667,151.66666666666666,152.66666666666666,152.66666666666666,153.66666666666666,153.66666666666666,152.66666666666666,152.66666666666666,151.66666666666666,153.66666666666666,153.66666666666666,153.66666666666666,153.66666666666666,153.66666666666666,153.66666666666666,153.66666666666666,153.66666666666666,151.33333333333334,152.33333333333334,153.33333333333334,154.33333333333334,155.33333333333334,154.33333333333334,153.33333333333334,153.33333333333334,152.33333333333334,152.33333333333334,152.33333333333334,152.33333333333334,152.33333333333334,152.33333333333334,152.33333333333334,152.33333333333334,154.33333333333334,152.33333333333334,149.33333333333334,148.33333333333334,149.33333333333334,150.33333333333334,150.33333333333334,150.33333333333334,154.33333333333334,154.33333333333334,154.33333333333334,153.33333333333334,153.33333333333334,152.33333333333334,152.33333333333334,152.33333333333334,148.66666666666666,147.66666666666666,147.66666666666666,149.66666666666666,151.66666666666666,152.66666666666666,151.66666666666666,150.66666666666666,147.66666666666666,147.66666666666666,149.66666666666666,150.66666666666666,151.66666666666666,151.66666666666666,151.66666666666666,150.66666666666666,153.66666666666666,153.66666666666666,152.66666666666666,152.66666666666666,152.66666666666666,152.66666666666666,153.66666666666666,153.66666666666666,151.66666666666666,150.66666666666666,149.66666666666666,150.66666666666666,152.66666666666666,153.66666666666666,152.66666666666666,151.66666666666666,150.66666666666666,152.66666666666666,154.66666666666666,154.66666666666666,153.66666666666666,152.66666666666666,153.66666666666666,154.66666666666666,154.66666666666666,153.66666666666666,152.66666666666666,152.66666666666666,152.66666666666666,154.66666666666666,156.66666666666666,157.66666666666666,151.66666666666666,153.66666666666666,155.66666666666666,155.66666666666666,153.66666666666666,152.66666666666666,153.66666666666666,153.66666666666666,155.66666666666666,158.66666666666666,157.66666666666666,155.66666666666666,155.66666666666666,157.66666666666666,154.66666666666666,148.66666666666666,153.66666666666666,154.66666666666666,154.66666666666666,155.66666666666666,155.66666666666666,156.66666666666666,156.66666666666666,157.66666666666666,154.66666666666666,153.66666666666666,152.66666666666666,151.66666666666666,151.66666666666666,151.66666666666666,151.66666666666666,151.66666666666666,151.66666666666666,152.66666666666666,153.66666666666666,154.66666666666666,154.66666666666666,153.66666666666666,152.66666666666666,151.66666666666666,153.66666666666666,150.66666666666666,149.66666666666666,146.66666666666666,150.66666666666666,163.66666666666666,151.66666666666666,117.66666666666667,75.66666666666667,59.666666666666664,69.0,97.66666666666667,106.0,105.66666666666667,153.66666666666666,153.66666666666666,153.66666666666666,153.66666666666666,153.66666666666666,153.66666666666666,153.66666666666666,153.66666666666666,152.66666666666666,152.66666666666666,152.66666666666666,152.66666666666666,152.66666666666666,152.66666666666666,152.66666666666666,152.66666666666666,147.33333333333334,149.33333333333334,151.33333333333334,153.33333333333334,154.33333333333334,153.33333333333334,151.33333333333334,149.33333333333334,149.33333333333334,149.33333333333334,149.33333333333334,149.33333333333334,149.33333333333334,149.33333333333334,149.33333333333334,149.33333333333334,154.33333333333334,152.33333333333334,149.33333333333334,148.33333333333334,149.33333333333334,150.33333333333334,150.33333333333334,150.33333333333334,153.33333333333334,153.33333333333334,153.33333333333334,153.33333333333334,153.33333333333334,153.33333333333334,153.33333333333334,153.33333333333334,148.66666666666666,147.66666666666666,146.66666666666666,148.66666666666666,152.66666666666666,152.66666666666666,148.66666666666666,145.66666666666666,147.66666666666666,147.66666666666666,148.66666666666666,148.66666666666666,149.66666666666666,149.66666666666666,149.66666666666666,149.66666666666666,151.66666666666666,150.66666666666666,149.66666666666666,149.66666666666666,149.66666666666666,149.66666666666666,150.66666666666666,151.66666666666666,149.66666666666666,148.66666666666666,147.66666666666666,147.66666666666666,149.66666666666666,150.66666666666666,149.66666666666666,147.66666666666666,145.66666666666666,148.66666666666666,150.66666666666666,150.66666666666666,149.66666666666666,148.66666666666666,149.66666666666666,150.66666666666666,151.66666666666666,150.66666666666666,150.66666666666666,150.66666666666666,150.66666666666666,152.66666666666666,153.66666666666666,154.66666666666666,150.66666666666666,152.66666666666666,154.66666666666666,154.66666666666666,152.66666666666666,151.66666666666666,151.66666666666666,152.66666666666666,152.66666666666666,154.66666666666666,153.66666666666666,150.66666666666666,150.66666666666666,152.66666666666666,149.66666666666666,144.66666666666666,150.66666666666666,150.66666666666666,151.66666666666666,151.66666666666666,151.66666666666666,151.66666666666666,151.66666666666666,151.66666666666666,152.66666666666666,152.66666666666666,151.66666666666666,150.66666666666666,149.66666666666666,149.66666666666666,150.66666666666666,150.66666666666666,149.66666666666666,150.66666666666666,151.66666666666666,152.66666666666666,152.66666666666666,151.66666666666666,150.66666666666666,149.66666666666666,149.66666666666666,146.66666666666666,146.66666666666666,147.66666666666666,153.66666666666666,165.66666666666666,154.66666666666666,123.66666666666667,79.66666666666667,60.666666666666664,75.0,110.66666666666667,123.0,117.66666666666667,149.66666666666666,149.66666666666666,149.66666666666666,149.66666666666666,149.66666666666666,149.66666666666666,149.66666666666666,149.66666666666666,152.66666666666666,152.66666666666666,152.66666666666666,152.66666666666666,152.66666666666666,152.66666666666666,152.66666666666666,152.66666666666666,147.33333333333334,149.33333333333334,151.33333333333334,153.33333333333334,154.33333333333334,153.33333333333334,151.33333333333334,149.33333333333334,149.33333333333334,149.33333333333334,149.33333333333334,149.33333333333334,149.33333333333334,149.33333333333334,149.33333333333334,149.33333333333334,155.33333333333334,153.33333333333334,150.33333333333334,150.33333333333334,151.33333333333334,152.33333333333334,152.33333333333334,151.33333333333334,151.33333333333334,151.33333333333334,152.33333333333334,153.33333333333334,153.33333333333334,154.33333333333334,155.33333333333334,155.33333333333334,152.66666666666666,150.66666666666666,149.66666666666666,150.66666666666666,152.66666666666666,151.66666666666666,147.66666666666666,143.66666666666666,149.66666666666666,149.66666666666666,149.66666666666666,149.66666666666666,149.66666666666666,149.66666666666666,150.66666666666666,150.66666666666666,151.66666666666666,150.66666666666666,149.66666666666666,149.66666666666666,149.66666666666666,149.66666666666666,150.66666666666666,151.66666666666666,151.66666666666666,149.66666666666666,148.66666666666666,148.66666666666666,150.66666666666666,150.66666666666666,149.66666666666666,148.66666666666666,146.66666666666666,148.66666666666666,150.66666666666666,150.66666666666666,149.66666666666666,148.66666666666666,149.66666666666666,150.66666666666666,149.66666666666666,149.66666666666666,149.66666666666666,149.66666666666666,150.66666666666666,150.66666666666666,151.66666666666666,152.66666666666666,150.66666666666666,152.66666666666666,153.66666666666666,153.66666666666666,152.66666666666666,151.66666666666666,151.66666666666666,152.66666666666666,150.66666666666666,152.66666666666666,150.66666666666666,147.66666666666666,148.66666666666666,150.66666666666666,148.66666666666666,143.66666666666666,149.66666666666666,149.66666666666666,149.66666666666666,149.66666666666666,149.66666666666666,148.66666666666666,148.66666666666666,148.66666666666666,151.66666666666666,151.66666666666666,150.66666666666666,149.66666666666666,148.66666666666666,149.66666666666666,149.66666666666666,149.66666666666666,148.66666666666666,149.66666666666666,150.66666666666666,151.66666666666666,151.66666666666666,150.66666666666666,149.66666666666666,148.66666666666666,148.66666666666666,144.66666666666666,145.66666666666666,147.66666666666666,153.66666666666666,162.66666666666666,150.66666666666666,120.66666666666667,77.66666666666667,62.666666666666664,81.0,118.66666666666667,129.0,120.66666666666667,151.66666666666666,150.66666666666666,150.66666666666666,149.66666666666666,149.66666666666666,150.66666666666666,150.66666666666666,151.66666666666666,151.66666666666666,151.66666666666666,151.66666666666666,151.66666666666666,151.66666666666666,151.66666666666666,151.66666666666666,151.66666666666666,151.33333333333334,152.33333333333334,153.33333333333334,154.33333333333334,155.33333333333334,154.33333333333334,153.33333333333334,153.33333333333334,152.33333333333334,152.33333333333334,152.33333333333334,152.33333333333334,152.33333333333334,152.33333333333334,152.33333333333334,152.33333333333334,155.33333333333334,153.33333333333334,152.33333333333334,152.33333333333334,154.33333333333334,154.33333333333334,152.33333333333334,150.33333333333334,150.33333333333334,150.33333333333334,151.33333333333334,152.33333333333334,154.33333333333334,155.33333333333334,156.33333333333334,156.33333333333334,155.66666666666666,154.66666666666666,152.66666666666666,152.66666666666666,151.66666666666666,150.66666666666666,147.66666666666666,145.66666666666666,151.66666666666666,151.66666666666666,150.66666666666666,150.66666666666666,150.66666666666666,150.66666666666666,151.66666666666666,152.66666666666666,153.66666666666666,153.66666666666666,152.66666666666666,152.66666666666666,152.66666666666666,152.66666666666666,153.66666666666666,153.66666666666666,154.66666666666666,153.66666666666666,151.66666666666666,152.66666666666666,153.66666666666666,153.66666666666666,152.66666666666666,150.66666666666666,149.66666666666666,151.66666666666666,153.66666666666666,153.66666666666666,152.66666666666666,151.66666666666666,152.66666666666666,153.66666666666666,151.66666666666666,151.66666666666666,152.66666666666666,151.66666666666666,151.66666666666666,151.66666666666666,151.66666666666666,151.66666666666666,150.66666666666666,152.66666666666666,154.66666666666666,154.66666666666666,152.66666666666666,151.66666666666666,151.66666666666666,152.66666666666666,152.66666666666666,153.66666666666666,152.66666666666666,149.66666666666666,150.66666666666666,154.66666666666666,152.66666666666666,148.66666666666666,152.66666666666666,152.66666666666666,151.66666666666666,151.66666666666666,150.66666666666666,149.66666666666666,149.66666666666666,149.66666666666666,151.66666666666666,151.66666666666666,150.66666666666666,149.66666666666666,148.66666666666666,148.66666666666666,149.66666666666666,149.66666666666666,147.66666666666666,148.66666666666666,149.66666666666666,150.66666666666666,150.66666666666666,149.66666666666666,148.66666666666666,147.66666666666666,150.66666666666666,144.66666666666666,145.66666666666666,148.66666666666666,151.66666666666666,155.66666666666666,139.66666666666666,108.66666666666667,74.66666666666667,66.66666666666667,87.0,117.66666666666667,123.0,113.66666666666667,154.66666666666666,153.66666666666666,152.66666666666666,151.66666666666666,151.66666666666666,152.66666666666666,153.66666666666666,154.66666666666666,151.66666666666666,151.66666666666666,151.66666666666666,151.66666666666666,151.66666666666666,151.66666666666666,151.66666666666666,151.66666666666666,152.33333333333334,152.33333333333334,153.33333333333334,153.33333333333334,153.33333333333334,154.33333333333334,154.33333333333334,154.33333333333334,153.33333333333334,153.33333333333334,153.33333333333334,153.33333333333334,153.33333333333334,153.33333333333334,153.33333333333334,153.33333333333334,153.33333333333334,152.33333333333334,153.33333333333334,154.33333333333334,155.33333333333334,154.33333333333334,151.33333333333334,148.33333333333334,152.33333333333334,152.33333333333334,152.33333333333334,153.33333333333334,153.33333333333334,154.33333333333334,154.33333333333334,154.33333333333334,154.66666666666666,154.66666666666666,154.66666666666666,152.66666666666666,149.66666666666666,148.66666666666666,149.66666666666666,150.66666666666666,153.66666666666666,152.66666666666666,151.66666666666666,150.66666666666666,150.66666666666666,151.66666666666666,152.66666666666666,152.66666666666666,154.66666666666666,154.66666666666666,153.66666666666666,153.66666666666666,153.66666666666666,153.66666666666666,154.66666666666666,154.66666666666666,154.66666666666666,153.66666666666666,151.66666666666666,151.66666666666666,153.66666666666666,153.66666666666666,151.66666666666666,150.66666666666666,149.66666666666666,151.66666666666666,153.66666666666666,153.66666666666666,152.66666666666666,151.66666666666666,152.66666666666666,153.66666666666666,157.66666666666666,157.66666666666666,156.66666666666666,156.66666666666666,155.66666666666666,154.66666666666666,153.66666666666666,153.66666666666666,151.66666666666666,153.66666666666666,154.66666666666666,154.66666666666666,153.66666666666666,152.66666666666666,152.66666666666666,153.66666666666666,153.66666666666666,155.66666666666666,153.66666666666666,151.66666666666666,153.66666666666666,157.66666666666666,157.66666666666666,153.66666666666666,154.66666666666666,154.66666666666666,153.66666666666666,152.66666666666666,151.66666666666666,150.66666666666666,150.66666666666666,149.66666666666666,152.66666666666666,151.66666666666666,150.66666666666666,149.66666666666666,149.66666666666666,149.66666666666666,149.66666666666666,149.66666666666666,147.66666666666666,148.66666666666666,149.66666666666666,150.66666666666666,150.66666666666666,149.66666666666666,148.66666666666666,147.66666666666666,151.66666666666666,144.66666666666666,146.66666666666666,150.66666666666666,152.66666666666666,152.66666666666666,133.66666666666666,102.66666666666667,77.66666666666667,75.66666666666667,94.0,114.66666666666667,113.0,105.66666666666667,150.66666666666666,149.66666666666666,148.66666666666666,147.66666666666666,147.66666666666666,148.66666666666666,149.66666666666666,150.66666666666666,151.66666666666666,151.66666666666666,151.66666666666666,151.66666666666666,151.66666666666666,151.66666666666666,151.66666666666666,151.66666666666666,151.33333333333334,150.33333333333334,150.33333333333334,150.33333333333334,150.33333333333334,151.33333333333334,152.33333333333334,153.33333333333334,151.33333333333334,151.33333333333334,151.33333333333334,151.33333333333334,151.33333333333334,151.33333333333334,151.33333333333334,151.33333333333334,151.33333333333334,151.33333333333334,153.33333333333334,155.33333333333334,156.33333333333334,154.33333333333334,150.33333333333334,147.33333333333334,154.33333333333334,154.33333333333334,153.33333333333334,153.33333333333334,153.33333333333334,153.33333333333334,152.33333333333334,152.33333333333334,151.66666666666666,153.66666666666666,154.66666666666666,151.66666666666666,148.66666666666666,147.66666666666666,151.66666666666666,155.66666666666666,153.66666666666666,152.66666666666666,151.66666666666666,150.66666666666666,150.66666666666666,150.66666666666666,152.66666666666666,152.66666666666666,153.66666666666666,152.66666666666666,152.66666666666666,151.66666666666666,151.66666666666666,152.66666666666666,152.66666666666666,153.66666666666666,152.66666666666666,150.66666666666666,148.66666666666666,148.66666666666666,149.66666666666666,150.66666666666666,148.66666666666666,146.66666666666666,146.66666666666666,148.66666666666666,150.66666666666666,150.66666666666666,149.66666666666666,149.66666666666666,149.66666666666666,150.66666666666666,161.66666666666666,161.66666666666666,161.66666666666666,160.66666666666666,159.66666666666666,157.66666666666666,156.66666666666666,155.66666666666666,151.66666666666666,153.66666666666666,155.66666666666666,155.66666666666666,153.66666666666666,152.66666666666666,152.66666666666666,153.66666666666666,153.66666666666666,154.66666666666666,153.66666666666666,151.66666666666666,153.66666666666666,158.66666666666666,158.66666666666666,154.66666666666666,154.66666666666666,153.66666666666666,153.66666666666666,152.66666666666666,150.66666666666666,149.66666666666666,149.66666666666666,148.66666666666666,152.66666666666666,151.66666666666666,150.66666666666666,149.66666666666666,149.66666666666666,149.66666666666666,150.66666666666666,150.66666666666666,147.66666666666666,148.66666666666666,150.66666666666666,151.66666666666666,151.66666666666666,150.66666666666666,148.66666666666666,147.66666666666666,150.66666666666666,144.66666666666666,147.66666666666666,153.66666666666666,156.66666666666666,155.66666666666666,135.66666666666666,104.66666666666667,84.66666666666667,85.66666666666667,101.0,112.66666666666667,106.0,101.66666666666667,149.66666666666666,150.66666666666666,150.66666666666666,151.66666666666666,151.66666666666666,150.66666666666666,150.66666666666666,149.66666666666666,153.66666666666666,153.66666666666666,152.66666666666666,152.66666666666666,151.66666666666666,150.66666666666666,149.66666666666666,149.66666666666666,152.33333333333334,153.33333333333334,152.33333333333334,150.33333333333334,147.33333333333334,148.33333333333334,152.33333333333334,156.33333333333334,154.33333333333334,151.33333333333334,149.33333333333334,150.33333333333334,152.33333333333334,153.33333333333334,151.33333333333334,148.33333333333334,150.33333333333334,150.33333333333334,150.33333333333334,151.33333333333334,152.33333333333334,153.33333333333334,155.33333333333334,155.33333333333334,150.33333333333334,151.33333333333334,152.33333333333334,154.33333333333334,154.33333333333334,153.33333333333334,152.33333333333334,151.33333333333334,151.66666666666666,151.66666666666666,153.66666666666666,154.66666666666666,154.66666666666666,153.66666666666666,151.66666666666666,151.66666666666666,153.66666666666666,151.66666666666666,149.66666666666666,149.66666666666666,150.66666666666666,151.66666666666666,150.66666666666666,149.66666666666666,149.66666666666666,149.66666666666666,149.66666666666666,149.66666666666666,149.66666666666666,149.66666666666666,149.66666666666666,149.66666666666666,149.66666666666666,149.66666666666666,150.66666666666666,150.66666666666666,150.66666666666666,151.66666666666666,151.66666666666666,151.66666666666666,147.66666666666666,149.66666666666666,151.66666666666666,151.66666666666666,150.66666666666666,149.66666666666666,151.66666666666666,153.66666666666666,152.66666666666666,152.66666666666666,152.66666666666666,152.66666666666666,152.66666666666666,152.66666666666666,152.66666666666666,152.66666666666666,152.66666666666666,152.66666666666666,153.66666666666666,155.66666666666666,157.66666666666666,155.66666666666666,151.66666666666666,148.66666666666666,144.66666666666666,145.66666666666666,146.66666666666666,148.66666666666666,150.66666666666666,152.66666666666666,153.66666666666666,154.66666666666666,154.66666666666666,154.66666666666666,153.66666666666666,152.66666666666666,151.66666666666666,151.66666666666666,151.66666666666666,151.66666666666666,149.66666666666666,148.66666666666666,147.66666666666666,146.66666666666666,146.66666666666666,147.66666666666666,149.66666666666666,150.66666666666666,150.66666666666666,150.66666666666666,150.66666666666666,150.66666666666666,150.66666666666666,149.66666666666666,148.66666666666666,147.66666666666666,147.66666666666666,145.66666666666666,150.66666666666666,153.66666666666666,152.66666666666666,151.66666666666666,134.66666666666666,104.66666666666667,85.66666666666667,96.66666666666667,105.0,110.66666666666667,111.0,96.66666666666667,149.66666666666666,149.66666666666666,150.66666666666666,150.66666666666666,150.66666666666666,150.66666666666666,149.66666666666666,149.66666666666666,150.66666666666666,150.66666666666666,150.66666666666666,151.66666666666666,151.66666666666666,151.66666666666666,152.66666666666666,152.66666666666666,151.33333333333334,152.33333333333334,152.33333333333334,151.33333333333334,148.33333333333334,148.33333333333334,151.33333333333334,154.33333333333334,153.33333333333334,152.33333333333334,151.33333333333334,151.33333333333334,151.33333333333334,151.33333333333334,150.33333333333334,148.33333333333334,150.33333333333334,150.33333333333334,149.33333333333334,150.33333333333334,150.33333333333334,151.33333333333334,153.33333333333334,153.33333333333334,151.33333333333334,152.33333333333334,153.33333333333334,153.33333333333334,153.33333333333334,152.33333333333334,151.33333333333334,150.33333333333334,150.66666666666666,151.66666666666666,152.66666666666666,153.66666666666666,153.66666666666666,152.66666666666666,151.66666666666666,150.66666666666666,152.66666666666666,150.66666666666666,148.66666666666666,148.66666666666666,149.66666666666666,150.66666666666666,150.66666666666666,149.66666666666666,149.66666666666666,149.66666666666666,149.66666666666666,149.66666666666666,149.66666666666666,150.66666666666666,150.66666666666666,150.66666666666666,149.66666666666666,150.66666666666666,150.66666666666666,150.66666666666666,151.66666666666666,151.66666666666666,151.66666666666666,152.66666666666666,149.66666666666666,150.66666666666666,152.66666666666666,152.66666666666666,150.66666666666666,150.66666666666666,152.66666666666666,153.66666666666666,151.66666666666666,151.66666666666666,151.66666666666666,151.66666666666666,151.66666666666666,151.66666666666666,151.66666666666666,151.66666666666666,154.66666666666666,152.66666666666666,151.66666666666666,151.66666666666666,153.66666666666666,153.66666666666666,151.66666666666666,149.66666666666666,144.66666666666666,145.66666666666666,146.66666666666666,147.66666666666666,149.66666666666666,151.66666666666666,153.66666666666666,153.66666666666666,153.66666666666666,153.66666666666666,151.66666666666666,151.66666666666666,151.66666666666666,152.66666666666666,153.66666666666666,154.66666666666666,149.66666666666666,149.66666666666666,148.66666666666666,148.66666666666666,148.66666666666666,148.66666666666666,149.66666666666666,149.66666666666666,150.66666666666666,151.66666666666666,151.66666666666666,151.66666666666666,151.66666666666666,150.66666666666666,149.66666666666666,148.66666666666666,157.66666666666666,150.66666666666666,148.66666666666666,145.66666666666666,141.66666666666666,145.66666666666666,137.66666666666666,115.66666666666667,86.66666666666667,91.66666666666667,95.0,105.66666666666667,118.0,113.66666666666667,148.66666666666666,148.66666666666666,149.66666666666666,149.66666666666666,149.66666666666666,149.66666666666666,148.66666666666666,148.66666666666666,147.66666666666666,147.66666666666666,148.66666666666666,150.66666666666666,151.66666666666666,153.66666666666666,154.66666666666666,154.66666666666666,150.33333333333334,151.33333333333334,152.33333333333334,152.33333333333334,150.33333333333334,150.33333333333334,151.33333333333334,152.33333333333334,152.33333333333334,153.33333333333334,153.33333333333334,152.33333333333334,149.33333333333334,148.33333333333334,148.33333333333334,149.33333333333334,150.33333333333334,150.33333333333334,149.33333333333334,149.33333333333334,149.33333333333334,150.33333333333334,150.33333333333334,151.33333333333334,152.33333333333334,153.33333333333334,153.33333333333334,153.33333333333334,152.33333333333334,151.33333333333334,150.33333333333334,149.33333333333334,150.66666666666666,151.66666666666666,152.66666666666666,152.66666666666666,152.66666666666666,152.66666666666666,151.66666666666666,150.66666666666666,150.66666666666666,148.66666666666666,146.66666666666666,146.66666666666666,148.66666666666666,149.66666666666666,149.66666666666666,148.66666666666666,150.66666666666666,150.66666666666666,150.66666666666666,150.66666666666666,150.66666666666666,150.66666666666666,150.66666666666666,150.66666666666666,149.66666666666666,149.66666666666666,149.66666666666666,150.66666666666666,150.66666666666666,150.66666666666666,151.66666666666666,151.66666666666666,149.66666666666666,151.66666666666666,152.66666666666666,152.66666666666666,151.66666666666666,150.66666666666666,152.66666666666666,153.66666666666666,151.66666666666666,151.66666666666666,151.66666666666666,151.66666666666666,151.66666666666666,151.66666666666666,151.66666666666666,151.66666666666666,154.66666666666666,152.66666666666666,149.66666666666666,148.66666666666666,149.66666666666666,150.66666666666666,150.66666666666666,150.66666666666666,145.66666666666666,145.66666666666666,145.66666666666666,146.66666666666666,148.66666666666666,150.66666666666666,151.66666666666666,152.66666666666666,153.66666666666666,152.66666666666666,150.66666666666666,150.66666666666666,151.66666666666666,153.66666666666666,155.66666666666666,157.66666666666666,149.66666666666666,149.66666666666666,149.66666666666666,150.66666666666666,150.66666666666666,149.66666666666666,149.66666666666666,148.66666666666666,150.66666666666666,151.66666666666666,151.66666666666666,151.66666666666666,151.66666666666666,150.66666666666666,149.66666666666666,149.66666666666666,154.66666666666666,149.66666666666666,147.66666666666666,142.66666666666666,138.66666666666666,144.66666666666666,142.66666666666666,125.66666666666667,95.66666666666667,93.66666666666667,91.0,104.66666666666667,130.0,136.66666666666666,147.66666666666666,148.66666666666666,148.66666666666666,149.66666666666666,149.66666666666666,148.66666666666666,148.66666666666666,147.66666666666666,146.66666666666666,147.66666666666666,148.66666666666666,149.66666666666666,151.66666666666666,152.66666666666666,153.66666666666666,154.66666666666666,150.33333333333334,151.33333333333334,152.33333333333334,152.33333333333334,152.33333333333334,151.33333333333334,151.33333333333334,151.33333333333334,151.33333333333334,153.33333333333334,155.33333333333334,152.33333333333334,148.33333333333334,146.33333333333334,147.33333333333334,150.33333333333334,152.33333333333334,151.33333333333334,150.33333333333334,150.33333333333334,149.33333333333334,150.33333333333334,150.33333333333334,151.33333333333334,154.33333333333334,153.33333333333334,153.33333333333334,152.33333333333334,151.33333333333334,150.33333333333334,149.33333333333334,148.33333333333334,150.66666666666666,150.66666666666666,151.66666666666666,151.66666666666666,151.66666666666666,151.66666666666666,150.66666666666666,150.66666666666666,148.66666666666666,147.66666666666666,145.66666666666666,145.66666666666666,147.66666666666666,149.66666666666666,148.66666666666666,147.66666666666666,151.66666666666666,151.66666666666666,151.66666666666666,150.66666666666666,150.66666666666666,150.66666666666666,150.66666666666666,150.66666666666666,147.66666666666666,147.66666666666666,147.66666666666666,148.66666666666666,148.66666666666666,149.66666666666666,149.66666666666666,149.66666666666666,149.66666666666666,150.66666666666666,151.66666666666666,151.66666666666666,149.66666666666666,149.66666666666666,150.66666666666666,152.66666666666666,152.66666666666666,152.66666666666666,152.66666666666666,152.66666666666666,152.66666666666666,152.66666666666666,152.66666666666666,152.66666666666666,153.66666666666666,151.66666666666666,149.66666666666666,149.66666666666666,150.66666666666666,151.66666666666666,150.66666666666666,149.66666666666666,145.66666666666666,145.66666666666666,145.66666666666666,145.66666666666666,146.66666666666666,148.66666666666666,149.66666666666666,151.66666666666666,154.66666666666666,153.66666666666666,151.66666666666666,149.66666666666666,150.66666666666666,152.66666666666666,155.66666666666666,157.66666666666666,148.66666666666666,149.66666666666666,150.66666666666666,151.66666666666666,151.66666666666666,150.66666666666666,148.66666666666666,147.66666666666666,149.66666666666666,149.66666666666666,150.66666666666666,150.66666666666666,150.66666666666666,149.66666666666666,148.66666666666666,148.66666666666666,139.66666666666666,140.66666666666666,147.66666666666666,148.66666666666666,144.66666666666666,149.66666666666666,145.66666666666666,127.66666666666667,107.66666666666667,105.66666666666667,99.0,110.66666666666667,137.0,147.66666666666666,147.66666666666666,148.66666666666666,148.66666666666666,149.66666666666666,149.66666666666666,148.66666666666666,148.66666666666666,147.66666666666666,148.66666666666666,149.66666666666666,149.66666666666666,150.66666666666666,150.66666666666666,151.66666666666666,151.66666666666666,151.66666666666666,151.33333333333334,151.33333333333334,151.33333333333334,152.33333333333334,152.33333333333334,152.33333333333334,151.33333333333334,150.33333333333334,150.33333333333334,152.33333333333334,154.33333333333334,152.33333333333334,148.33333333333334,146.33333333333334,147.33333333333334,150.33333333333334,153.33333333333334,153.33333333333334,152.33333333333334,151.33333333333334,151.33333333333334,151.33333333333334,152.33333333333334,152.33333333333334,154.33333333333334,153.33333333333334,152.33333333333334,151.33333333333334,150.33333333333334,149.33333333333334,149.33333333333334,148.33333333333334,150.66666666666666,150.66666666666666,149.66666666666666,149.66666666666666,149.66666666666666,149.66666666666666,150.66666666666666,150.66666666666666,147.66666666666666,146.66666666666666,144.66666666666666,145.66666666666666,147.66666666666666,148.66666666666666,148.66666666666666,148.66666666666666,151.66666666666666,151.66666666666666,151.66666666666666,150.66666666666666,150.66666666666666,149.66666666666666,149.66666666666666,149.66666666666666,145.66666666666666,145.66666666666666,145.66666666666666,146.66666666666666,146.66666666666666,146.66666666666666,147.66666666666666,147.66666666666666,147.66666666666666,148.66666666666666,149.66666666666666,149.66666666666666,147.66666666666666,146.66666666666666,147.66666666666666,149.66666666666666,153.66666666666666,153.66666666666666,153.66666666666666,153.66666666666666,153.66666666666666,153.66666666666666,153.66666666666666,153.66666666666666,151.66666666666666,151.66666666666666,152.66666666666666,153.66666666666666,154.66666666666666,153.66666666666666,150.66666666666666,147.66666666666666,146.66666666666666,145.66666666666666,144.66666666666666,143.66666666666666,144.66666666666666,145.66666666666666,147.66666666666666,149.66666666666666,155.66666666666666,154.66666666666666,151.66666666666666,150.66666666666666,149.66666666666666,150.66666666666666,152.66666666666666,153.66666666666666,149.66666666666666,149.66666666666666,150.66666666666666,151.66666666666666,150.66666666666666,149.66666666666666,147.66666666666666,146.66666666666666,146.66666666666666,146.66666666666666,147.66666666666666,148.66666666666666,148.66666666666666,147.66666666666666,147.66666666666666,146.66666666666666,135.66666666666666,138.66666666666666,147.66666666666666,150.66666666666666,146.66666666666666,150.66666666666666,144.66666666666666,124.66666666666667,112.66666666666667,115.66666666666667,111.0,113.66666666666667,131.0,138.66666666666666,148.66666666666666,148.66666666666666,149.66666666666666,149.66666666666666,149.66666666666666,149.66666666666666,148.66666666666666,148.66666666666666,150.66666666666666,150.66666666666666,150.66666666666666,150.66666666666666,149.66666666666666,149.66666666666666,149.66666666666666,149.66666666666666,152.33333333333334,151.33333333333334,150.33333333333334,150.33333333333334,152.33333333333334,152.33333333333334,151.33333333333334,150.33333333333334,149.33333333333334,150.33333333333334,151.33333333333334,150.33333333333334,149.33333333333334,148.33333333333334,148.33333333333334,149.33333333333334,153.33333333333334,152.33333333333334,152.33333333333334,151.33333333333334,151.33333333333334,152.33333333333334,153.33333333333334,153.33333333333334,153.33333333333334,152.33333333333334,151.33333333333334,150.33333333333334,149.33333333333334,149.33333333333334,149.33333333333334,150.33333333333334,150.66666666666666,149.66666666666666,148.66666666666666,148.66666666666666,148.66666666666666,148.66666666666666,149.66666666666666,150.66666666666666,147.66666666666666,145.66666666666666,144.66666666666666,145.66666666666666,147.66666666666666,149.66666666666666,149.66666666666666,148.66666666666666,151.66666666666666,150.66666666666666,150.66666666666666,149.66666666666666,149.66666666666666,148.66666666666666,147.66666666666666,147.66666666666666,144.66666666666666,144.66666666666666,145.66666666666666,145.66666666666666,145.66666666666666,146.66666666666666,146.66666666666666,146.66666666666666,146.66666666666666,148.66666666666666,148.66666666666666,148.66666666666666,146.66666666666666,145.66666666666666,146.66666666666666,147.66666666666666,152.66666666666666,152.66666666666666,152.66666666666666,152.66666666666666,152.66666666666666,152.66666666666666,152.66666666666666,152.66666666666666,151.66666666666666,151.66666666666666,152.66666666666666,154.66666666666666,156.66666666666666,154.66666666666666,150.66666666666666,146.66666666666666,146.66666666666666,145.66666666666666,143.66666666666666,142.66666666666666,142.66666666666666,143.66666666666666,146.66666666666666,147.66666666666666,153.66666666666666,152.66666666666666,151.66666666666666,150.66666666666666,149.66666666666666,149.66666666666666,149.66666666666666,149.66666666666666,149.66666666666666,149.66666666666666,149.66666666666666,149.66666666666666,148.66666666666666,147.66666666666666,146.66666666666666,145.66666666666666,144.66666666666666,145.66666666666666,145.66666666666666,146.66666666666666,147.66666666666666,146.66666666666666,146.66666666666666,146.66666666666666,145.66666666666666,143.66666666666666,146.66666666666666,144.66666666666666,141.66666666666666,145.66666666666666,139.66666666666666,119.66666666666667,109.66666666666667,119.66666666666667,119.0,115.66666666666667,122.0,123.66666666666667,149.66666666666666,149.66666666666666,150.66666666666666,150.66666666666666,150.66666666666666,150.66666666666666,149.66666666666666,149.66666666666666,149.66666666666666,149.66666666666666,149.66666666666666,149.66666666666666,149.66666666666666,149.66666666666666,149.66666666666666,149.66666666666666,154.33333333333334,151.33333333333334,148.33333333333334,148.33333333333334,151.33333333333334,152.33333333333334,152.33333333333334,151.33333333333334,149.33333333333334,148.33333333333334,148.33333333333334,148.33333333333334,150.33333333333334,151.33333333333334,150.33333333333334,149.33333333333334,150.33333333333334,150.33333333333334,150.33333333333334,150.33333333333334,151.33333333333334,152.33333333333334,153.33333333333334,154.33333333333334,152.33333333333334,151.33333333333334,150.33333333333334,149.33333333333334,149.33333333333334,149.33333333333334,150.33333333333334,151.33333333333334,150.66666666666666,149.66666666666666,148.66666666666666,147.66666666666666,147.66666666666666,148.66666666666666,149.66666666666666,150.66666666666666,147.66666666666666,146.66666666666666,145.66666666666666,146.66666666666666,148.66666666666666,150.66666666666666,150.66666666666666,149.66666666666666,150.66666666666666,150.66666666666666,149.66666666666666,148.66666666666666,147.66666666666666,146.66666666666666,146.66666666666666,145.66666666666666,145.66666666666666,146.66666666666666,146.66666666666666,146.66666666666666,147.66666666666666,147.66666666666666,147.66666666666666,148.66666666666666,147.66666666666666,148.66666666666666,149.66666666666666,148.66666666666666,146.66666666666666,145.66666666666666,146.66666666666666,147.66666666666666,150.66666666666666,150.66666666666666,150.66666666666666,150.66666666666666,150.66666666666666,150.66666666666666,150.66666666666666,150.66666666666666,151.66666666666666,150.66666666666666,150.66666666666666,151.66666666666666,152.66666666666666,152.66666666666666,149.66666666666666,147.66666666666666,147.66666666666666,145.66666666666666,142.66666666666666,140.66666666666666,140.66666666666666,142.66666666666666,144.66666666666666,146.66666666666666,148.66666666666666,149.66666666666666,150.66666666666666,150.66666666666666,150.66666666666666,149.66666666666666,148.66666666666666,147.66666666666666,150.66666666666666,149.66666666666666,148.66666666666666,146.66666666666666,146.66666666666666,145.66666666666666,145.66666666666666,145.66666666666666,144.66666666666666,145.66666666666666,146.66666666666666,147.66666666666666,147.66666666666666,147.66666666666666,147.66666666666666,146.66666666666666,150.66666666666666,144.66666666666666,144.66666666666666,142.66666666666666,139.66666666666666,143.66666666666666,135.66666666666666,113.66666666666667,108.66666666666667,123.66666666666667,127.0,122.66666666666667,124.0,122.66666666666667,149.66666666666666,150.66666666666666,150.66666666666666,151.66666666666666,151.66666666666666,150.66666666666666,150.66666666666666,149.66666666666666,148.66666666666666,148.66666666666666,148.66666666666666,149.66666666666666,149.66666666666666,150.66666666666666,150.66666666666666,150.66666666666666,156.33333333333334,152.33333333333334,148.33333333333334,147.33333333333334,150.33333333333334,152.33333333333334,153.33333333333334,152.33333333333334,149.33333333333334,147.33333333333334,145.33333333333334,147.33333333333334,151.33333333333334,153.33333333333334,151.33333333333334,149.33333333333334,148.33333333333334,148.33333333333334,148.33333333333334,149.33333333333334,150.33333333333334,151.33333333333334,153.33333333333334,153.33333333333334,151.33333333333334,150.33333333333334,149.33333333333334,148.33333333333334,148.33333333333334,150.33333333333334,151.33333333333334,152.33333333333334,149.66666666666666,149.66666666666666,147.66666666666666,146.66666666666666,146.66666666666666,147.66666666666666,149.66666666666666,149.66666666666666,148.66666666666666,146.66666666666666,145.66666666666666,146.66666666666666,149.66666666666666,151.66666666666666,151.66666666666666,150.66666666666666,149.66666666666666,149.66666666666666,148.66666666666666,147.66666666666666,146.66666666666666,145.66666666666666,145.66666666666666,144.66666666666666,147.66666666666666,147.66666666666666,148.66666666666666,148.66666666666666,148.66666666666666,149.66666666666666,149.66666666666666,149.66666666666666,148.66666666666666,149.66666666666666,150.66666666666666,149.66666666666666,147.66666666666666,146.66666666666666,146.66666666666666,148.66666666666666,148.66666666666666,148.66666666666666,148.66666666666666,148.66666666666666,148.66666666666666,148.66666666666666,148.66666666666666,148.66666666666666,152.66666666666666,150.66666666666666,148.66666666666666,147.66666666666666,148.66666666666666,149.66666666666666,149.66666666666666,148.66666666666666,147.66666666666666,145.66666666666666,142.66666666666666,140.66666666666666,139.66666666666666,141.66666666666666,144.66666666666666,145.66666666666666,143.66666666666666,145.66666666666666,148.66666666666666,150.66666666666666,151.66666666666666,150.66666666666666,148.66666666666666,147.66666666666666,150.66666666666666,149.66666666666666,147.66666666666666,145.66666666666666,144.66666666666666,144.66666666666666,144.66666666666666,145.66666666666666,145.66666666666666,145.66666666666666,146.66666666666666,147.66666666666666,148.66666666666666,148.66666666666666,148.66666666666666,148.66666666666666,144.66666666666666,140.66666666666666,143.66666666666666,144.66666666666666,144.66666666666666,147.66666666666666,134.66666666666666,108.33333333333333,111.66666666666667,130.0,134.66666666666666,131.0,134.66666666666666,131.66666666666666,146.66666666666666,145.66666666666666,144.66666666666666,146.66666666666666,149.66666666666666,150.66666666666666,150.66666666666666,149.66666666666666,147.66666666666666,146.66666666666666,145.66666666666666,144.66666666666666,145.66666666666666,146.66666666666666,148.66666666666666,149.66666666666666,148.66666666666666,148.66666666666666,148.66666666666666,148.66666666666666,148.66666666666666,148.66666666666666,148.66666666666666,149.66666666666666,149.66666666666666,149.66666666666666,150.66666666666666,150.66666666666666,150.66666666666666,149.66666666666666,149.66666666666666,148.66666666666666,147.66666666666666,148.66666666666666,149.66666666666666,148.66666666666666,147.66666666666666,147.66666666666666,149.66666666666666,151.66666666666666,154.66666666666666,152.66666666666666,149.66666666666666,147.66666666666666,145.66666666666666,145.66666666666666,146.66666666666666,147.66666666666666,142.66666666666666,145.66666666666666,147.66666666666666,148.66666666666666,147.66666666666666,146.66666666666666,146.66666666666666,147.66666666666666,147.66666666666666,147.66666666666666,147.66666666666666,147.66666666666666,147.66666666666666,147.66666666666666,147.66666666666666,147.66666666666666,144.33333333333334,145.33333333333334,147.33333333333334,148.33333333333334,147.33333333333334,145.33333333333334,143.33333333333334,141.33333333333334,146.33333333333334,147.33333333333334,150.33333333333334,152.33333333333334,154.33333333333334,154.33333333333334,154.33333333333334,154.33333333333334,149.66666666666666,150.66666666666666,151.66666666666666,152.66666666666666,152.66666666666666,151.66666666666666,150.66666666666666,149.66666666666666,145.66666666666666,146.66666666666666,147.66666666666666,149.66666666666666,149.66666666666666,150.66666666666666,150.66666666666666,149.66666666666666,147.66666666666666,148.66666666666666,148.66666666666666,148.66666666666666,148.66666666666666,147.66666666666666,146.66666666666666,145.66666666666666,143.66666666666666,146.66666666666666,147.66666666666666,145.66666666666666,141.66666666666666,139.66666666666666,140.66666666666666,143.66666666666666,144.33333333333334,145.33333333333334,146.33333333333334,148.33333333333334,148.33333333333334,149.33333333333334,149.33333333333334,149.33333333333334,150.33333333333334,149.33333333333334,147.33333333333334,146.33333333333334,145.33333333333334,144.33333333333334,144.33333333333334,144.33333333333334,144.66666666666666,145.66666666666666,145.66666666666666,145.66666666666666,145.66666666666666,145.66666666666666,146.66666666666666,146.66666666666666,143.66666666666666,142.66666666666666,140.66666666666666,141.66666666666666,148.66666666666666,147.66666666666666,129.66666666666666,109.33333333333333,115.66666666666667,126.66666666666667,138.66666666666666,155.66666666666666,139.0,117.0,142.66666666666666,141.66666666666666,140.66666666666666,141.66666666666666,144.66666666666666,145.66666666666666,144.66666666666666,143.66666666666666,145.66666666666666,145.66666666666666,144.66666666666666,144.66666666666666,145.66666666666666,146.66666666666666,147.66666666666666,147.66666666666666,148.66666666666666,148.66666666666666,147.66666666666666,147.66666666666666,146.66666666666666,145.66666666666666,145.66666666666666,145.66666666666666,146.66666666666666,147.66666666666666,148.66666666666666,149.66666666666666,149.66666666666666,150.66666666666666,149.66666666666666,149.66666666666666,147.66666666666666,148.66666666666666,148.66666666666666,147.66666666666666,145.66666666666666,145.66666666666666,146.66666666666666,148.66666666666666,151.66666666666666,150.66666666666666,147.66666666666666,144.66666666666666,143.66666666666666,143.66666666666666,144.66666666666666,145.66666666666666,142.66666666666666,144.66666666666666,147.66666666666666,147.66666666666666,146.66666666666666,145.66666666666666,145.66666666666666,146.66666666666666,146.66666666666666,146.66666666666666,146.66666666666666,146.66666666666666,146.66666666666666,146.66666666666666,146.66666666666666,146.66666666666666,144.33333333333334,145.33333333333334,146.33333333333334,147.33333333333334,146.33333333333334,145.33333333333334,143.33333333333334,142.33333333333334,145.33333333333334,146.33333333333334,148.33333333333334,149.33333333333334,150.33333333333334,150.33333333333334,149.33333333333334,149.33333333333334,145.66666666666666,145.66666666666666,146.66666666666666,147.66666666666666,147.66666666666666,146.66666666666666,145.66666666666666,145.66666666666666,144.66666666666666,145.66666666666666,146.66666666666666,147.66666666666666,147.66666666666666,147.66666666666666,146.66666666666666,146.66666666666666,146.66666666666666,147.66666666666666,147.66666666666666,147.66666666666666,147.66666666666666,146.66666666666666,145.66666666666666,144.66666666666666,143.66666666666666,145.66666666666666,146.66666666666666,145.66666666666666,142.66666666666666,140.66666666666666,141.66666666666666,142.66666666666666,142.33333333333334,143.33333333333334,144.33333333333334,145.33333333333334,146.33333333333334,147.33333333333334,146.33333333333334,146.33333333333334,149.33333333333334,148.33333333333334,147.33333333333334,145.33333333333334,145.33333333333334,144.33333333333334,145.33333333333334,145.33333333333334,144.66666666666666,144.66666666666666,144.66666666666666,144.66666666666666,144.66666666666666,143.66666666666666,143.66666666666666,143.66666666666666,142.66666666666666,141.66666666666666,139.66666666666666,140.66666666666666,145.66666666666666,144.66666666666666,126.66666666666667,109.0,120.0,134.0,144.0,157.0,141.0,117.0,144.66666666666666,143.66666666666666,142.66666666666666,143.66666666666666,144.66666666666666,145.66666666666666,144.66666666666666,143.66666666666666,142.66666666666666,143.66666666666666,144.66666666666666,145.66666666666666,145.66666666666666,145.66666666666666,145.66666666666666,144.66666666666666,148.66666666666666,147.66666666666666,146.66666666666666,145.66666666666666,144.66666666666666,143.66666666666666,142.66666666666666,142.66666666666666,143.66666666666666,144.66666666666666,145.66666666666666,147.66666666666666,148.66666666666666,149.66666666666666,149.66666666666666,149.66666666666666,147.66666666666666,147.66666666666666,147.66666666666666,146.66666666666666,143.66666666666666,143.66666666666666,144.66666666666666,146.66666666666666,148.66666666666666,147.66666666666666,144.66666666666666,142.66666666666666,141.66666666666666,141.66666666666666,142.66666666666666,142.66666666666666,141.66666666666666,143.66666666666666,145.66666666666666,145.66666666666666,144.66666666666666,143.66666666666666,144.66666666666666,145.66666666666666,144.66666666666666,144.66666666666666,144.66666666666666,144.66666666666666,144.66666666666666,144.66666666666666,144.66666666666666,144.66666666666666,145.33333333333334,145.33333333333334,145.33333333333334,144.33333333333334,144.33333333333334,144.33333333333334,143.33333333333334,143.33333333333334,144.33333333333334,144.33333333333334,145.33333333333334,146.33333333333334,145.33333333333334,145.33333333333334,144.33333333333334,144.33333333333334,142.66666666666666,143.66666666666666,144.66666666666666,144.66666666666666,144.66666666666666,144.66666666666666,143.66666666666666,142.66666666666666,144.66666666666666,144.66666666666666,145.66666666666666,145.66666666666666,145.66666666666666,144.66666666666666,143.66666666666666,142.66666666666666,145.66666666666666,145.66666666666666,146.66666666666666,146.66666666666666,145.66666666666666,144.66666666666666,143.66666666666666,143.66666666666666,143.66666666666666,145.66666666666666,146.66666666666666,145.66666666666666,143.66666666666666,141.66666666666666,141.66666666666666,142.66666666666666,140.33333333333334,140.33333333333334,142.33333333333334,143.33333333333334,144.33333333333334,144.33333333333334,144.33333333333334,144.33333333333334,147.33333333333334,146.33333333333334,145.33333333333334,145.33333333333334,145.33333333333334,145.33333333333334,146.33333333333334,146.33333333333334,144.66666666666666,144.66666666666666,143.66666666666666,143.66666666666666,142.66666666666666,141.66666666666666,141.66666666666666,141.66666666666666,143.66666666666666,141.66666666666666,139.66666666666666,140.66666666666666,143.66666666666666,139.66666666666666,123.66666666666667,109.0,122.0,140.66666666666666,147.66666666666666,158.66666666666666,146.66666666666666,125.66666666666667,146.66666666666666,145.66666666666666,143.66666666666666,144.66666666666666,145.66666666666666,146.66666666666666,144.66666666666666,143.66666666666666,140.66666666666666,141.66666666666666,143.66666666666666,145.66666666666666,145.66666666666666,144.66666666666666,143.66666666666666,142.66666666666666,145.66666666666666,145.66666666666666,145.66666666666666,144.66666666666666,144.66666666666666,143.66666666666666,143.66666666666666,142.66666666666666,143.66666666666666,144.66666666666666,145.66666666666666,146.66666666666666,146.66666666666666,146.66666666666666,146.66666666666666,146.66666666666666,148.66666666666666,148.66666666666666,148.66666666666666,146.66666666666666,143.66666666666666,142.66666666666666,143.66666666666666,145.66666666666666,146.66666666666666,145.66666666666666,143.66666666666666,142.66666666666666,141.66666666666666,141.66666666666666,141.66666666666666,141.66666666666666,140.66666666666666,142.66666666666666,144.66666666666666,143.66666666666666,142.66666666666666,141.66666666666666,142.66666666666666,143.66666666666666,144.66666666666666,144.66666666666666,144.66666666666666,144.66666666666666,144.66666666666666,144.66666666666666,144.66666666666666,144.66666666666666,145.33333333333334,144.33333333333334,143.33333333333334,143.33333333333334,142.33333333333334,143.33333333333334,144.33333333333334,144.33333333333334,141.33333333333334,142.33333333333334,142.33333333333334,143.33333333333334,143.33333333333334,143.33333333333334,143.33333333333334,143.33333333333334,144.66666666666666,145.66666666666666,145.66666666666666,145.66666666666666,145.66666666666666,145.66666666666666,145.66666666666666,144.66666666666666,145.66666666666666,145.66666666666666,145.66666666666666,145.66666666666666,144.66666666666666,142.66666666666666,141.66666666666666,140.66666666666666,144.66666666666666,144.66666666666666,144.66666666666666,144.66666666666666,144.66666666666666,143.66666666666666,142.66666666666666,141.66666666666666,143.66666666666666,144.66666666666666,145.66666666666666,145.66666666666666,144.66666666666666,142.66666666666666,141.66666666666666,141.66666666666666,139.33333333333334,139.33333333333334,141.33333333333334,142.33333333333334,143.33333333333334,143.33333333333334,143.33333333333334,143.33333333333334,145.33333333333334,144.33333333333334,144.33333333333334,144.33333333333334,145.33333333333334,146.33333333333334,147.33333333333334,147.33333333333334,145.66666666666666,145.66666666666666,144.66666666666666,143.66666666666666,142.66666666666666,141.66666666666666,140.66666666666666,140.66666666666666,144.66666666666666,142.66666666666666,140.66666666666666,141.66666666666666,142.66666666666666,136.66666666666666,122.66666666666667,111.33333333333333,133.66666666666666,157.0,160.0,167.0,165.0,152.0,143.66666666666666,142.66666666666666,140.66666666666666,141.66666666666666,142.66666666666666,143.66666666666666,141.66666666666666,140.66666666666666,140.66666666666666,141.66666666666666,143.66666666666666,144.66666666666666,145.66666666666666,144.66666666666666,143.66666666666666,142.66666666666666,143.66666666666666,143.66666666666666,143.66666666666666,144.66666666666666,144.66666666666666,145.66666666666666,145.66666666666666,146.66666666666666,145.66666666666666,145.66666666666666,146.66666666666666,146.66666666666666,145.66666666666666,144.66666666666666,143.66666666666666,142.66666666666666,149.66666666666666,149.66666666666666,149.66666666666666,147.66666666666666,144.66666666666666,143.66666666666666,144.66666666666666,146.66666666666666,145.66666666666666,145.66666666666666,144.66666666666666,143.66666666666666,142.66666666666666,142.66666666666666,142.66666666666666,142.66666666666666,141.66666666666666,142.66666666666666,143.66666666666666,142.66666666666666,140.66666666666666,140.66666666666666,141.66666666666666,143.66666666666666,144.66666666666666,144.66666666666666,144.66666666666666,144.66666666666666,144.66666666666666,144.66666666666666,144.66666666666666,144.66666666666666,143.33333333333334,143.33333333333334,142.33333333333334,142.33333333333334,142.33333333333334,142.33333333333334,143.33333333333334,144.33333333333334,140.33333333333334,140.33333333333334,141.33333333333334,142.33333333333334,143.33333333333334,145.33333333333334,146.33333333333334,146.33333333333334,146.66666666666666,145.66666666666666,145.66666666666666,145.66666666666666,145.66666666666666,145.66666666666666,145.66666666666666,146.66666666666666,146.66666666666666,146.66666666666666,146.66666666666666,146.66666666666666,145.66666666666666,143.66666666666666,142.66666666666666,141.66666666666666,143.66666666666666,143.66666666666666,143.66666666666666,143.66666666666666,143.66666666666666,142.66666666666666,141.66666666666666,141.66666666666666,142.66666666666666,143.66666666666666,144.66666666666666,145.66666666666666,145.66666666666666,144.66666666666666,142.66666666666666,140.66666666666666,139.33333333333334,140.33333333333334,141.33333333333334,143.33333333333334,143.33333333333334,144.33333333333334,144.33333333333334,143.33333333333334,144.33333333333334,144.33333333333334,143.33333333333334,144.33333333333334,144.33333333333334,145.33333333333334,147.33333333333334,147.33333333333334,146.66666666666666,146.66666666666666,145.66666666666666,144.66666666666666,143.66666666666666,142.66666666666666,141.66666666666666,141.66666666666666,146.66666666666666,143.66666666666666,142.66666666666666,143.66666666666666,141.66666666666666,133.66666666666666,122.66666666666667,115.33333333333333,162.0,185.66666666666666,176.66666666666666,176.66666666666666,184.66666666666666,179.66666666666666,143.66666666666666,142.66666666666666,141.66666666666666,142.66666666666666,143.66666666666666,144.66666666666666,143.66666666666666,142.66666666666666,141.66666666666666,142.66666666666666,143.66666666666666,143.66666666666666,144.66666666666666,144.66666666666666,144.66666666666666,143.66666666666666,140.66666666666666,141.66666666666666,142.66666666666666,143.66666666666666,144.66666666666666,145.66666666666666,146.66666666666666,146.66666666666666,147.66666666666666,147.66666666666666,146.66666666666666,146.66666666666666,145.66666666666666,143.66666666666666,141.66666666666666,141.66666666666666,148.66666666666666,149.66666666666666,149.66666666666666,147.66666666666666,145.66666666666666,144.66666666666666,145.66666666666666,147.66666666666666,145.66666666666666,145.66666666666666,144.66666666666666,144.66666666666666,143.66666666666666,143.66666666666666,142.66666666666666,142.66666666666666,142.66666666666666,143.66666666666666,143.66666666666666,141.66666666666666,139.66666666666666,139.66666666666666,141.66666666666666,143.66666666666666,144.66666666666666,144.66666666666666,144.66666666666666,144.66666666666666,144.66666666666666,144.66666666666666,144.66666666666666,144.66666666666666,141.33333333333334,141.33333333333334,141.33333333333334,142.33333333333334,142.33333333333334,142.33333333333334,142.33333333333334,143.33333333333334,140.33333333333334,140.33333333333334,141.33333333333334,142.33333333333334,143.33333333333334,146.33333333333334,147.33333333333334,149.33333333333334,144.66666666666666,144.66666666666666,143.66666666666666,143.66666666666666,143.66666666666666,143.66666666666666,144.66666666666666,144.66666666666666,147.66666666666666,147.66666666666666,147.66666666666666,146.66666666666666,145.66666666666666,144.66666666666666,143.66666666666666,142.66666666666666,143.66666666666666,143.66666666666666,143.66666666666666,143.66666666666666,143.66666666666666,142.66666666666666,141.66666666666666,140.66666666666666,142.66666666666666,142.66666666666666,143.66666666666666,145.66666666666666,146.66666666666666,145.66666666666666,142.66666666666666,139.66666666666666,140.33333333333334,140.33333333333334,142.33333333333334,143.33333333333334,144.33333333333334,144.33333333333334,144.33333333333334,144.33333333333334,144.33333333333334,143.33333333333334,143.33333333333334,143.33333333333334,144.33333333333334,145.33333333333334,146.33333333333334,147.33333333333334,145.66666666666666,145.66666666666666,145.66666666666666,144.66666666666666,143.66666666666666,143.66666666666666,142.66666666666666,142.66666666666666,145.66666666666666,142.66666666666666,142.66666666666666,143.66666666666666,140.66666666666666,131.66666666666666,122.66666666666667,120.33333333333333,186.66666666666666,205.0,178.0,166.0,180.0,181.0,143.66666666666666,142.66666666666666,141.66666666666666,142.66666666666666,145.66666666666666,146.66666666666666,145.66666666666666,144.66666666666666,143.66666666666666,143.66666666666666,143.66666666666666,143.66666666666666,143.66666666666666,144.66666666666666,145.66666666666666,145.66666666666666,140.66666666666666,140.66666666666666,141.66666666666666,141.66666666666666,142.66666666666666,143.66666666666666,143.66666666666666,143.66666666666666,146.66666666666666,146.66666666666666,146.66666666666666,146.66666666666666,145.66666666666666,144.66666666666666,143.66666666666666,142.66666666666666,145.66666666666666,146.66666666666666,147.66666666666666,145.66666666666666,144.66666666666666,143.66666666666666,145.66666666666666,147.66666666666666,143.66666666666666,143.66666666666666,144.66666666666666,144.66666666666666,143.66666666666666,143.66666666666666,142.66666666666666,142.66666666666666,143.66666666666666,144.66666666666666,143.66666666666666,141.66666666666666,139.66666666666666,139.66666666666666,141.66666666666666,143.66666666666666,142.66666666666666,142.66666666666666,142.66666666666666,142.66666666666666,142.66666666666666,142.66666666666666,142.66666666666666,142.66666666666666,139.33333333333334,140.33333333333334,141.33333333333334,143.33333333333334,143.33333333333334,143.33333333333334,142.33333333333334,141.33333333333334,142.33333333333334,142.33333333333334,142.33333333333334,142.33333333333334,143.33333333333334,144.33333333333334,146.33333333333334,147.33333333333334,144.66666666666666,143.66666666666666,142.66666666666666,141.66666666666666,141.66666666666666,142.66666666666666,143.66666666666666,144.66666666666666,146.66666666666666,146.66666666666666,146.66666666666666,146.66666666666666,145.66666666666666,144.66666666666666,143.66666666666666,142.66666666666666,143.66666666666666,143.66666666666666,144.66666666666666,144.66666666666666,143.66666666666666,142.66666666666666,141.66666666666666,141.66666666666666,142.66666666666666,141.66666666666666,142.66666666666666,145.66666666666666,147.66666666666666,146.66666666666666,142.66666666666666,138.66666666666666,139.33333333333334,140.33333333333334,141.33333333333334,142.33333333333334,143.33333333333334,143.33333333333334,143.33333333333334,143.33333333333334,144.33333333333334,144.33333333333334,143.33333333333334,143.33333333333334,143.33333333333334,144.33333333333334,145.33333333333334,146.33333333333334,143.66666666666666,143.66666666666666,143.66666666666666,142.66666666666666,142.66666666666666,142.66666666666666,142.66666666666666,142.66666666666666,143.66666666666666,140.66666666666666,140.66666666666666,142.66666666666666,138.66666666666666,128.66666666666666,122.66666666666667,123.33333333333333,201.66666666666666,211.66666666666666,167.66666666666666,143.66666666666666,161.66666666666666,165.66666666666666,137.66666666666666,136.66666666666666,136.66666666666666,137.66666666666666,140.66666666666666,142.66666666666666,141.66666666666666,140.66666666666666,145.66666666666666,144.66666666666666,143.66666666666666,142.66666666666666,143.66666666666666,144.66666666666666,146.66666666666666,147.66666666666666,140.66666666666666,140.66666666666666,140.66666666666666,140.66666666666666,140.66666666666666,140.66666666666666,140.66666666666666,139.66666666666666,144.66666666666666,144.66666666666666,145.66666666666666,146.66666666666666,146.66666666666666,146.66666666666666,145.66666666666666,145.66666666666666,143.66666666666666,144.66666666666666,145.66666666666666,144.66666666666666,142.66666666666666,143.66666666666666,144.66666666666666,146.66666666666666,142.66666666666666,142.66666666666666,143.66666666666666,143.66666666666666,143.66666666666666,142.66666666666666,141.66666666666666,141.66666666666666,144.66666666666666,144.66666666666666,144.66666666666666,142.66666666666666,139.66666666666666,139.66666666666666,141.66666666666666,143.66666666666666,141.66666666666666,141.66666666666666,141.66666666666666,141.66666666666666,141.66666666666666,141.66666666666666,141.66666666666666,141.66666666666666,137.33333333333334,139.33333333333334,141.33333333333334,143.33333333333334,144.33333333333334,143.33333333333334,141.33333333333334,140.33333333333334,144.33333333333334,144.33333333333334,142.33333333333334,141.33333333333334,142.33333333333334,143.33333333333334,144.33333333333334,145.33333333333334,146.66666666666666,145.66666666666666,143.66666666666666,143.66666666666666,143.66666666666666,143.66666666666666,145.66666666666666,146.66666666666666,144.66666666666666,144.66666666666666,145.66666666666666,145.66666666666666,145.66666666666666,144.66666666666666,143.66666666666666,142.66666666666666,143.66666666666666,144.66666666666666,144.66666666666666,144.66666666666666,144.66666666666666,143.66666666666666,142.66666666666666,141.66666666666666,141.66666666666666,141.66666666666666,142.66666666666666,145.66666666666666,148.66666666666666,147.66666666666666,142.66666666666666,138.66666666666666,138.33333333333334,139.33333333333334,140.33333333333334,141.33333333333334,142.33333333333334,143.33333333333334,142.33333333333334,142.33333333333334,145.33333333333334,144.33333333333334,144.33333333333334,143.33333333333334,143.33333333333334,144.33333333333334,144.33333333333334,145.33333333333334,140.66666666666666,140.66666666666666,141.66666666666666,141.66666666666666,141.66666666666666,141.66666666666666,141.66666666666666,142.66666666666666,141.66666666666666,138.66666666666666,138.66666666666666,141.66666666666666,136.66666666666666,126.66666666666667,121.66666666666667,123.66666666666667,210.33333333333334,216.66666666666666,161.66666666666666,131.66666666666666,151.66666666666666,158.66666666666666,140.66666666666666,139.66666666666666,139.66666666666666,138.66666666666666,137.66666666666666,137.66666666666666,137.66666666666666,137.66666666666666,143.66666666666666,142.66666666666666,140.66666666666666,139.66666666666666,138.66666666666666,137.66666666666666,137.66666666666666,137.66666666666666,140.66666666666666,138.66666666666666,138.66666666666666,139.66666666666666,141.66666666666666,142.66666666666666,142.66666666666666,140.66666666666666,140.66666666666666,142.66666666666666,146.66666666666666,148.66666666666666,149.66666666666666,148.66666666666666,145.66666666666666,144.66666666666666,143.66666666666666,142.66666666666666,141.66666666666666,140.66666666666666,141.66666666666666,142.66666666666666,143.66666666666666,144.66666666666666,143.66666666666666,144.66666666666666,144.66666666666666,143.66666666666666,141.66666666666666,139.66666666666666,140.66666666666666,141.66666666666666,142.66666666666666,141.66666666666666,139.66666666666666,138.66666666666666,138.66666666666666,139.66666666666666,141.66666666666666,142.66666666666666,141.66666666666666,141.66666666666666,141.66666666666666,141.66666666666666,141.66666666666666,141.66666666666666,141.66666666666666,141.66666666666666,142.33333333333334,142.33333333333334,142.33333333333334,141.33333333333334,141.33333333333334,140.33333333333334,140.33333333333334,140.33333333333334,144.33333333333334,143.33333333333334,140.33333333333334,139.33333333333334,138.33333333333334,140.33333333333334,141.33333333333334,143.33333333333334,138.66666666666666,138.66666666666666,140.66666666666666,143.66666666666666,146.66666666666666,146.66666666666666,144.66666666666666,141.66666666666666,142.66666666666666,143.66666666666666,144.66666666666666,145.66666666666666,145.66666666666666,143.66666666666666,141.66666666666666,140.66666666666666,140.66666666666666,141.66666666666666,143.66666666666666,144.66666666666666,144.66666666666666,143.66666666666666,141.66666666666666,140.66666666666666,139.66666666666666,140.66666666666666,142.66666666666666,143.66666666666666,144.66666666666666,143.66666666666666,142.66666666666666,141.66666666666666,141.33333333333334,140.33333333333334,140.33333333333334,140.33333333333334,140.33333333333334,141.33333333333334,142.33333333333334,143.33333333333334,147.33333333333334,146.33333333333334,146.33333333333334,145.33333333333334,145.33333333333334,144.33333333333334,144.33333333333334,144.33333333333334,141.66666666666666,142.66666666666666,143.66666666666666,144.66666666666666,144.66666666666666,142.66666666666666,141.66666666666666,139.66666666666666,140.66666666666666,135.66666666666666,139.66666666666666,146.66666666666666,139.66666666666666,122.66666666666667,118.66666666666667,126.66666666666667,207.33333333333334,196.33333333333334,135.33333333333334,117.33333333333333,148.33333333333334,155.33333333333334,141.66666666666666,141.66666666666666,142.66666666666666,143.66666666666666,142.66666666666666,141.66666666666666,140.66666666666666,140.66666666666666,140.66666666666666,140.66666666666666,139.66666666666666,138.66666666666666,138.66666666666666,138.66666666666666,139.66666666666666,139.66666666666666,142.66666666666666,141.66666666666666,140.66666666666666,141.66666666666666,142.66666666666666,143.66666666666666,142.66666666666666,141.66666666666666,142.66666666666666,143.66666666666666,146.66666666666666,147.66666666666666,147.66666666666666,145.66666666666666,143.66666666666666,141.66666666666666,141.66666666666666,140.66666666666666,139.66666666666666,139.66666666666666,139.66666666666666,141.66666666666666,142.66666666666666,144.66666666666666,143.66666666666666,144.66666666666666,145.66666666666666,144.66666666666666,141.66666666666666,140.66666666666666,140.66666666666666,142.66666666666666,141.66666666666666,141.66666666666666,140.66666666666666,140.66666666666666,140.66666666666666,140.66666666666666,141.66666666666666,141.66666666666666,141.66666666666666,141.66666666666666,141.66666666666666,141.66666666666666,141.66666666666666,141.66666666666666,141.66666666666666,141.66666666666666,142.33333333333334,142.33333333333334,142.33333333333334,141.33333333333334,141.33333333333334,140.33333333333334,140.33333333333334,140.33333333333334,142.33333333333334,141.33333333333334,139.33333333333334,139.33333333333334,139.33333333333334,141.33333333333334,143.33333333333334,145.33333333333334,143.66666666666666,142.66666666666666,142.66666666666666,143.66666666666666,144.66666666666666,144.66666666666666,141.66666666666666,139.66666666666666,143.66666666666666,144.66666666666666,144.66666666666666,144.66666666666666,143.66666666666666,143.66666666666666,142.66666666666666,141.66666666666666,140.66666666666666,141.66666666666666,143.66666666666666,144.66666666666666,144.66666666666666,143.66666666666666,141.66666666666666,140.66666666666666,140.66666666666666,141.66666666666666,142.66666666666666,143.66666666666666,144.66666666666666,143.66666666666666,142.66666666666666,142.66666666666666,143.33333333333334,142.33333333333334,141.33333333333334,140.33333333333334,140.33333333333334,140.33333333333334,142.33333333333334,142.33333333333334,146.33333333333334,146.33333333333334,145.33333333333334,145.33333333333334,145.33333333333334,144.33333333333334,144.33333333333334,144.33333333333334,142.66666666666666,142.66666666666666,142.66666666666666,142.66666666666666,142.66666666666666,141.66666666666666,140.66666666666666,140.66666666666666,142.66666666666666,137.66666666666666,139.66666666666666,144.66666666666666,137.66666666666666,120.66666666666667,112.66666666666667,115.66666666666667,171.33333333333334,168.33333333333334,120.33333333333333,110.33333333333333,139.33333333333334,146.33333333333334,140.66666666666666,141.66666666666666,143.66666666666666,144.66666666666666,144.66666666666666,143.66666666666666,142.66666666666666,141.66666666666666,139.66666666666666,138.66666666666666,138.66666666666666,138.66666666666666,138.66666666666666,139.66666666666666,140.66666666666666,141.66666666666666,142.66666666666666,141.66666666666666,139.66666666666666,140.66666666666666,141.66666666666666,141.66666666666666,140.66666666666666,138.66666666666666,142.66666666666666,143.66666666666666,145.66666666666666,145.66666666666666,144.66666666666666,142.66666666666666,139.66666666666666,138.66666666666666,138.66666666666666,137.66666666666666,137.66666666666666,137.66666666666666,138.66666666666666,140.66666666666666,142.66666666666666,143.66666666666666,144.66666666666666,145.66666666666666,146.66666666666666,144.66666666666666,142.66666666666666,140.66666666666666,141.66666666666666,142.66666666666666,140.66666666666666,141.66666666666666,141.66666666666666,142.66666666666666,142.66666666666666,141.66666666666666,141.66666666666666,140.66666666666666,142.66666666666666,142.66666666666666,142.66666666666666,142.66666666666666,142.66666666666666,142.66666666666666,142.66666666666666,142.66666666666666,142.33333333333334,142.33333333333334,142.33333333333334,141.33333333333334,141.33333333333334,140.33333333333334,140.33333333333334,140.33333333333334,140.33333333333334,139.33333333333334,138.33333333333334,139.33333333333334,140.33333333333334,142.33333333333334,144.33333333333334,146.33333333333334,144.66666666666666,143.66666666666666,142.66666666666666,142.66666666666666,143.66666666666666,143.66666666666666,142.66666666666666,140.66666666666666,145.66666666666666,144.66666666666666,143.66666666666666,143.66666666666666,142.66666666666666,142.66666666666666,142.66666666666666,143.66666666666666,140.66666666666666,141.66666666666666,142.66666666666666,143.66666666666666,143.66666666666666,142.66666666666666,141.66666666666666,140.66666666666666,140.66666666666666,141.66666666666666,142.66666666666666,143.66666666666666,143.66666666666666,143.66666666666666,143.66666666666666,142.66666666666666,146.33333333333334,144.33333333333334,141.33333333333334,139.33333333333334,139.33333333333334,139.33333333333334,141.33333333333334,142.33333333333334,145.33333333333334,145.33333333333334,145.33333333333334,144.33333333333334,144.33333333333334,144.33333333333334,143.33333333333334,143.33333333333334,142.66666666666666,142.66666666666666,141.66666666666666,140.66666666666666,140.66666666666666,140.66666666666666,140.66666666666666,140.66666666666666,143.66666666666666,137.66666666666666,138.66666666666666,143.66666666666666,140.66666666666666,126.66666666666667,114.66666666666667,109.66666666666667,130.33333333333334,136.66666666666666,103.66666666666667,99.66666666666667,122.66666666666667,123.66666666666667,138.66666666666666,138.66666666666666,139.66666666666666,139.66666666666666,140.66666666666666,140.66666666666666,141.66666666666666,141.66666666666666,140.66666666666666,139.66666666666666,139.66666666666666,138.66666666666666,138.66666666666666,139.66666666666666,139.66666666666666,140.66666666666666,140.66666666666666,138.66666666666666,136.66666666666666,136.66666666666666,137.66666666666666,137.66666666666666,136.66666666666666,134.66666666666666,140.66666666666666,141.66666666666666,142.66666666666666,143.66666666666666,142.66666666666666,141.66666666666666,139.66666666666666,137.66666666666666,137.66666666666666,136.66666666666666,136.66666666666666,136.66666666666666,138.66666666666666,140.66666666666666,143.66666666666666,144.66666666666666,144.66666666666666,145.66666666666666,146.66666666666666,145.66666666666666,142.66666666666666,141.66666666666666,141.66666666666666,142.66666666666666,140.66666666666666,141.66666666666666,142.66666666666666,143.66666666666666,143.66666666666666,142.66666666666666,141.66666666666666,140.66666666666666,142.66666666666666,142.66666666666666,142.66666666666666,142.66666666666666,142.66666666666666,142.66666666666666,142.66666666666666,142.66666666666666,142.33333333333334,142.33333333333334,142.33333333333334,141.33333333333334,141.33333333333334,140.33333333333334,140.33333333333334,140.33333333333334,140.33333333333334,140.33333333333334,139.33333333333334,139.33333333333334,140.33333333333334,142.33333333333334,143.33333333333334,144.33333333333334,142.66666666666666,140.66666666666666,139.66666666666666,141.66666666666666,143.66666666666666,145.66666666666666,146.66666666666666,145.66666666666666,146.66666666666666,145.66666666666666,143.66666666666666,141.66666666666666,141.66666666666666,142.66666666666666,143.66666666666666,144.66666666666666,140.66666666666666,141.66666666666666,142.66666666666666,142.66666666666666,142.66666666666666,142.66666666666666,141.66666666666666,140.66666666666666,141.66666666666666,141.66666666666666,142.66666666666666,142.66666666666666,143.66666666666666,143.66666666666666,143.66666666666666,143.66666666666666,148.33333333333334,146.33333333333334,143.33333333333334,140.33333333333334,138.33333333333334,139.33333333333334,140.33333333333334,141.33333333333334,144.33333333333334,144.33333333333334,144.33333333333334,143.33333333333334,143.33333333333334,143.33333333333334,143.33333333333334,143.33333333333334,143.66666666666666,141.66666666666666,140.66666666666666,138.66666666666666,138.66666666666666,139.66666666666666,140.66666666666666,141.66666666666666,139.66666666666666,135.66666666666666,136.66666666666666,143.66666666666666,146.66666666666666,138.66666666666666,123.66666666666667,113.33333333333333,109.66666666666667,120.66666666666667,98.66666666666667,94.66666666666667,102.66666666666667,96.66666666666667,140.66666666666666,138.66666666666666,136.66666666666666,135.66666666666666,135.66666666666666,138.66666666666666,141.66666666666666,143.66666666666666,142.66666666666666,141.66666666666666,140.66666666666666,139.66666666666666,138.66666666666666,137.66666666666666,137.66666666666666,138.66666666666666,139.66666666666666,138.66666666666666,136.66666666666666,136.66666666666666,137.66666666666666,137.66666666666666,135.66666666666666,134.66666666666666,137.66666666666666,138.66666666666666,139.66666666666666,140.66666666666666,141.66666666666666,140.66666666666666,140.66666666666666,139.66666666666666,137.66666666666666,137.66666666666666,137.66666666666666,137.66666666666666,138.66666666666666,141.66666666666666,143.66666666666666,145.66666666666666,144.66666666666666,145.66666666666666,146.66666666666666,144.66666666666666,142.66666666666666,140.66666666666666,141.66666666666666,142.66666666666666,139.66666666666666,140.66666666666666,142.66666666666666,143.66666666666666,143.66666666666666,142.66666666666666,140.66666666666666,139.66666666666666,141.66666666666666,141.66666666666666,141.66666666666666,141.66666666666666,141.66666666666666,141.66666666666666,141.66666666666666,141.66666666666666,142.33333333333334,142.33333333333334,142.33333333333334,141.33333333333334,141.33333333333334,140.33333333333334,140.33333333333334,140.33333333333334,142.33333333333334,141.33333333333334,141.33333333333334,141.33333333333334,140.33333333333334,141.33333333333334,141.33333333333334,141.33333333333334,142.66666666666666,141.66666666666666,140.66666666666666,141.66666666666666,144.66666666666666,146.66666666666666,146.66666666666666,146.66666666666666,146.66666666666666,145.66666666666666,143.66666666666666,141.66666666666666,141.66666666666666,142.66666666666666,143.66666666666666,144.66666666666666,140.66666666666666,141.66666666666666,141.66666666666666,141.66666666666666,141.66666666666666,141.66666666666666,141.66666666666666,140.66666666666666,141.66666666666666,141.66666666666666,141.66666666666666,141.66666666666666,142.66666666666666,142.66666666666666,143.66666666666666,143.66666666666666,148.33333333333334,146.33333333333334,144.33333333333334,141.33333333333334,139.33333333333334,139.33333333333334,140.33333333333334,140.33333333333334,142.33333333333334,142.33333333333334,142.33333333333334,143.33333333333334,143.33333333333334,143.33333333333334,143.33333333333334,143.33333333333334,143.66666666666666,141.66666666666666,140.66666666666666,138.66666666666666,138.66666666666666,139.66666666666666,140.66666666666666,141.66666666666666,135.66666666666666,134.66666666666666,135.66666666666666,140.66666666666666,147.66666666666666,144.66666666666666,128.66666666666666,112.33333333333333,110.66666666666667,121.0,105.0,97.0,91.0,80.0,142.66666666666666,141.66666666666666,138.66666666666666,137.66666666666666,137.66666666666666,139.66666666666666,142.66666666666666,144.66666666666666,143.66666666666666,142.66666666666666,140.66666666666666,139.66666666666666,138.66666666666666,137.66666666666666,137.66666666666666,137.66666666666666,141.66666666666666,139.66666666666666,138.66666666666666,138.66666666666666,140.66666666666666,140.66666666666666,139.66666666666666,137.66666666666666,136.66666666666666,137.66666666666666,138.66666666666666,139.66666666666666,140.66666666666666,140.66666666666666,140.66666666666666,140.66666666666666,138.66666666666666,137.66666666666666,137.66666666666666,137.66666666666666,138.66666666666666,140.66666666666666,142.66666666666666,143.66666666666666,143.66666666666666,144.66666666666666,144.66666666666666,143.66666666666666,141.66666666666666,139.66666666666666,140.66666666666666,141.66666666666666,139.66666666666666,140.66666666666666,140.66666666666666,141.66666666666666,141.66666666666666,140.66666666666666,140.66666666666666,139.66666666666666,139.66666666666666,139.66666666666666,139.66666666666666,139.66666666666666,139.66666666666666,139.66666666666666,139.66666666666666,139.66666666666666,142.33333333333334,142.33333333333334,142.33333333333334,141.33333333333334,141.33333333333334,140.33333333333334,140.33333333333334,140.33333333333334,142.33333333333334,142.33333333333334,142.33333333333334,141.33333333333334,141.33333333333334,140.33333333333334,140.33333333333334,140.33333333333334,146.66666666666666,144.66666666666666,143.66666666666666,143.66666666666666,144.66666666666666,145.66666666666666,143.66666666666666,141.66666666666666,145.66666666666666,144.66666666666666,143.66666666666666,143.66666666666666,142.66666666666666,142.66666666666666,142.66666666666666,143.66666666666666,140.66666666666666,140.66666666666666,140.66666666666666,140.66666666666666,140.66666666666666,140.66666666666666,140.66666666666666,140.66666666666666,142.66666666666666,141.66666666666666,141.66666666666666,141.66666666666666,141.66666666666666,142.66666666666666,143.66666666666666,144.66666666666666,147.33333333333334,146.33333333333334,144.33333333333334,143.33333333333334,141.33333333333334,140.33333333333334,140.33333333333334,140.33333333333334,141.33333333333334,141.33333333333334,141.33333333333334,142.33333333333334,142.33333333333334,142.33333333333334,143.33333333333334,143.33333333333334,142.66666666666666,142.66666666666666,141.66666666666666,140.66666666666666,140.66666666666666,140.66666666666666,140.66666666666666,140.66666666666666,136.66666666666666,137.66666666666666,136.66666666666666,137.66666666666666,142.66666666666666,142.66666666666666,125.66666666666667,106.33333333333333,114.66666666666667,124.0,112.0,104.0,88.0,76.0,141.66666666666666,141.66666666666666,141.66666666666666,141.66666666666666,141.66666666666666,141.66666666666666,140.66666666666666,140.66666666666666,141.66666666666666,141.66666666666666,139.66666666666666,138.66666666666666,138.66666666666666,138.66666666666666,138.66666666666666,138.66666666666666,140.66666666666666,139.66666666666666,138.66666666666666,139.66666666666666,141.66666666666666,141.66666666666666,141.66666666666666,139.66666666666666,138.66666666666666,138.66666666666666,139.66666666666666,139.66666666666666,139.66666666666666,139.66666666666666,139.66666666666666,139.66666666666666,138.66666666666666,137.66666666666666,136.66666666666666,136.66666666666666,136.66666666666666,138.66666666666666,139.66666666666666,141.66666666666666,142.66666666666666,143.66666666666666,143.66666666666666,142.66666666666666,139.66666666666666,138.66666666666666,139.66666666666666,140.66666666666666,139.66666666666666,139.66666666666666,138.66666666666666,138.66666666666666,138.66666666666666,138.66666666666666,139.66666666666666,139.66666666666666,138.66666666666666,138.66666666666666,138.66666666666666,138.66666666666666,138.66666666666666,138.66666666666666,138.66666666666666,138.66666666666666,142.33333333333334,142.33333333333334,142.33333333333334,141.33333333333334,141.33333333333334,140.33333333333334,140.33333333333334,140.33333333333334,140.33333333333334,140.33333333333334,141.33333333333334,141.33333333333334,142.33333333333334,142.33333333333334,141.33333333333334,141.33333333333334,144.66666666666666,144.66666666666666,144.66666666666666,145.66666666666666,146.66666666666666,145.66666666666666,143.66666666666666,140.66666666666666,143.66666666666666,144.66666666666666,144.66666666666666,144.66666666666666,143.66666666666666,143.66666666666666,142.66666666666666,141.66666666666666,141.66666666666666,140.66666666666666,140.66666666666666,140.66666666666666,140.66666666666666,140.66666666666666,140.66666666666666,141.66666666666666,142.66666666666666,142.66666666666666,141.66666666666666,140.66666666666666,141.66666666666666,142.66666666666666,143.66666666666666,144.66666666666666,144.33333333333334,145.33333333333334,145.33333333333334,145.33333333333334,144.33333333333334,142.33333333333334,140.33333333333334,139.33333333333334,140.33333333333334,140.33333333333334,141.33333333333334,141.33333333333334,141.33333333333334,142.33333333333334,142.33333333333334,142.33333333333334,142.66666666666666,142.66666666666666,142.66666666666666,142.66666666666666,142.66666666666666,141.66666666666666,140.66666666666666,140.66666666666666,137.66666666666666,141.66666666666666,140.66666666666666,136.66666666666666,140.66666666666666,141.66666666666666,125.66666666666667,104.33333333333333,114.0,121.66666666666667,113.66666666666667,106.66666666666667,86.66666666666667,74.66666666666667,138.66666666666666,140.66666666666666,142.66666666666666,144.66666666666666,143.66666666666666,141.66666666666666,137.66666666666666,134.66666666666666,139.66666666666666,139.66666666666666,138.66666666666666,138.66666666666666,138.66666666666666,139.66666666666666,140.66666666666666,141.66666666666666,138.66666666666666,136.66666666666666,136.66666666666666,137.66666666666666,139.66666666666666,140.66666666666666,140.66666666666666,138.66666666666666,141.66666666666666,141.66666666666666,140.66666666666666,139.66666666666666,139.66666666666666,138.66666666666666,137.66666666666666,137.66666666666666,137.66666666666666,136.66666666666666,135.66666666666666,134.66666666666666,134.66666666666666,135.66666666666666,137.66666666666666,138.66666666666666,141.66666666666666,142.66666666666666,142.66666666666666,141.66666666666666,139.66666666666666,137.66666666666666,138.66666666666666,139.66666666666666,140.66666666666666,139.66666666666666,137.66666666666666,136.66666666666666,136.66666666666666,137.66666666666666,139.66666666666666,140.66666666666666,137.66666666666666,137.66666666666666,137.66666666666666,137.66666666666666,137.66666666666666,137.66666666666666,137.66666666666666,137.66666666666666,142.33333333333334,142.33333333333334,142.33333333333334,141.33333333333334,141.33333333333334,140.33333333333334,140.33333333333334,140.33333333333334,137.33333333333334,138.33333333333334,140.33333333333334,141.33333333333334,142.33333333333334,143.33333333333334,143.33333333333334,143.33333333333334,140.66666666666666,140.66666666666666,142.66666666666666,145.66666666666666,148.66666666666666,148.66666666666666,146.66666666666666,143.66666666666666,142.66666666666666,143.66666666666666,144.66666666666666,145.66666666666666,145.66666666666666,143.66666666666666,141.66666666666666,140.66666666666666,141.66666666666666,140.66666666666666,140.66666666666666,139.66666666666666,139.66666666666666,140.66666666666666,140.66666666666666,141.66666666666666,143.66666666666666,142.66666666666666,141.66666666666666,140.66666666666666,141.66666666666666,142.66666666666666,144.66666666666666,145.66666666666666,142.33333333333334,144.33333333333334,145.33333333333334,146.33333333333334,145.33333333333334,143.33333333333334,140.33333333333334,139.33333333333334,139.33333333333334,140.33333333333334,140.33333333333334,141.33333333333334,141.33333333333334,142.33333333333334,142.33333333333334,142.33333333333334,141.66666666666666,142.66666666666666,143.66666666666666,144.66666666666666,144.66666666666666,142.66666666666666,141.66666666666666,139.66666666666666,138.66666666666666,144.66666666666666,143.66666666666666,137.66666666666666,140.66666666666666,143.66666666666666,129.66666666666666,108.33333333333333,109.0,116.0,111.66666666666667,105.0,82.66666666666667,70.0,135.66666666666666,137.66666666666666,140.66666666666666,142.66666666666666,142.66666666666666,139.66666666666666,136.66666666666666,134.66666666666666,138.66666666666666,138.66666666666666,137.66666666666666,137.66666666666666,137.66666666666666,138.66666666666666,139.66666666666666,139.66666666666666,140.66666666666666,139.66666666666666,138.66666666666666,138.66666666666666,140.66666666666666,141.66666666666666,140.66666666666666,138.66666666666666,138.66666666666666,137.66666666666666,137.66666666666666,136.66666666666666,136.66666666666666,137.66666666666666,137.66666666666666,138.66666666666666,140.66666666666666,137.66666666666666,135.66666666666666,135.66666666666666,136.66666666666666,138.66666666666666,138.66666666666666,137.66666666666666,137.66666666666666,139.66666666666666,138.66666666666666,134.66666666666666,134.66666666666666,138.66666666666666,139.66666666666666,137.66666666666666,137.66666666666666,138.66666666666666,139.66666666666666,140.66666666666666,140.66666666666666,138.66666666666666,137.66666666666666,136.66666666666666,141.66666666666666,139.66666666666666,137.66666666666666,137.66666666666666,139.66666666666666,140.66666666666666,140.66666666666666,139.66666666666666,138.33333333333334,138.33333333333334,139.33333333333334,139.33333333333334,139.33333333333334,139.33333333333334,140.33333333333334,140.33333333333334,136.33333333333334,137.33333333333334,138.33333333333334,138.33333333333334,138.33333333333334,140.33333333333334,144.33333333333334,147.33333333333334,142.66666666666666,141.66666666666666,140.66666666666666,142.66666666666666,144.66666666666666,146.66666666666666,146.66666666666666,144.66666666666666,143.66666666666666,143.66666666666666,144.66666666666666,144.66666666666666,145.66666666666666,145.66666666666666,146.66666666666666,146.66666666666666,138.33333333333334,138.33333333333334,139.33333333333334,139.33333333333334,140.33333333333334,141.33333333333334,142.33333333333334,142.33333333333334,140.33333333333334,140.33333333333334,141.33333333333334,142.33333333333334,144.33333333333334,145.33333333333334,146.33333333333334,147.33333333333334,144.33333333333334,145.33333333333334,146.33333333333334,146.33333333333334,145.33333333333334,144.33333333333334,142.33333333333334,141.33333333333334,138.33333333333334,138.33333333333334,139.33333333333334,140.33333333333334,141.33333333333334,143.33333333333334,145.33333333333334,146.33333333333334,140.66666666666666,142.66666666666666,144.66666666666666,146.66666666666666,147.66666666666666,146.66666666666666,144.66666666666666,143.66666666666666,144.66666666666666,147.66666666666666,142.66666666666666,135.66666666666666,136.66666666666666,138.66666666666666,127.66666666666667,110.66666666666667,100.0,98.0,93.0,83.0,72.0,64.0,138.66666666666666,138.66666666666666,138.66666666666666,138.66666666666666,138.66666666666666,138.66666666666666,138.66666666666666,137.66666666666666,139.66666666666666,138.66666666666666,137.66666666666666,137.66666666666666,137.66666666666666,138.66666666666666,138.66666666666666,139.66666666666666,139.66666666666666,138.66666666666666,136.66666666666666,137.66666666666666,139.66666666666666,139.66666666666666,138.66666666666666,137.66666666666666,137.66666666666666,137.66666666666666,136.66666666666666,136.66666666666666,136.66666666666666,136.66666666666666,137.66666666666666,137.66666666666666,140.66666666666666,137.66666666666666,135.66666666666666,135.66666666666666,136.66666666666666,138.66666666666666,138.66666666666666,137.66666666666666,137.66666666666666,139.66666666666666,138.66666666666666,134.66666666666666,134.66666666666666,138.66666666666666,139.66666666666666,137.66666666666666,137.66666666666666,138.66666666666666,138.66666666666666,139.66666666666666,139.66666666666666,138.66666666666666,138.66666666666666,137.66666666666666,141.66666666666666,139.66666666666666,137.66666666666666,137.66666666666666,139.66666666666666,140.66666666666666,139.66666666666666,139.66666666666666,137.33333333333334,137.33333333333334,138.33333333333334,139.33333333333334,139.33333333333334,140.33333333333334,141.33333333333334,141.33333333333334,138.33333333333334,139.33333333333334,140.33333333333334,139.33333333333334,138.33333333333334,139.33333333333334,142.33333333333334,144.33333333333334,142.66666666666666,141.66666666666666,141.66666666666666,142.66666666666666,145.66666666666666,146.66666666666666,146.66666666666666,145.66666666666666,140.66666666666666,140.66666666666666,141.66666666666666,141.66666666666666,141.66666666666666,142.66666666666666,142.66666666666666,142.66666666666666,143.33333333333334,143.33333333333334,143.33333333333334,143.33333333333334,142.33333333333334,142.33333333333334,142.33333333333334,142.33333333333334,140.33333333333334,140.33333333333334,141.33333333333334,142.33333333333334,144.33333333333334,145.33333333333334,146.33333333333334,146.33333333333334,144.33333333333334,144.33333333333334,145.33333333333334,145.33333333333334,145.33333333333334,144.33333333333334,142.33333333333334,141.33333333333334,138.33333333333334,138.33333333333334,138.33333333333334,139.33333333333334,140.33333333333334,142.33333333333334,144.33333333333334,145.33333333333334,141.66666666666666,143.66666666666666,145.66666666666666,146.66666666666666,147.66666666666666,146.66666666666666,144.66666666666666,143.66666666666666,145.66666666666666,147.66666666666666,143.66666666666666,136.66666666666666,137.66666666666666,141.66666666666666,132.66666666666666,117.33333333333333,98.33333333333333,95.0,88.0,77.0,67.0,60.0,141.66666666666666,139.66666666666666,136.66666666666666,134.66666666666666,134.66666666666666,136.66666666666666,139.66666666666666,141.66666666666666,139.66666666666666,138.66666666666666,137.66666666666666,137.66666666666666,137.66666666666666,137.66666666666666,138.66666666666666,138.66666666666666,137.66666666666666,136.66666666666666,135.66666666666666,135.66666666666666,137.66666666666666,137.66666666666666,136.66666666666666,135.66666666666666,136.66666666666666,136.66666666666666,135.66666666666666,135.66666666666666,135.66666666666666,135.66666666666666,136.66666666666666,136.66666666666666,139.66666666666666,137.66666666666666,135.66666666666666,135.66666666666666,137.66666666666666,138.66666666666666,138.66666666666666,137.66666666666666,136.66666666666666,139.66666666666666,138.66666666666666,135.66666666666666,135.66666666666666,138.66666666666666,139.66666666666666,136.66666666666666,138.66666666666666,138.66666666666666,138.66666666666666,137.66666666666666,137.66666666666666,138.66666666666666,138.66666666666666,139.66666666666666,141.66666666666666,139.66666666666666,137.66666666666666,137.66666666666666,139.66666666666666,140.66666666666666,139.66666666666666,138.66666666666666,136.33333333333334,137.33333333333334,138.33333333333334,138.33333333333334,140.33333333333334,140.33333333333334,141.33333333333334,142.33333333333334,140.33333333333334,141.33333333333334,141.33333333333334,140.33333333333334,138.33333333333334,138.33333333333334,140.33333333333334,142.33333333333334,142.66666666666666,141.66666666666666,140.66666666666666,142.66666666666666,144.66666666666666,145.66666666666666,145.66666666666666,144.66666666666666,139.66666666666666,139.66666666666666,140.66666666666666,140.66666666666666,140.66666666666666,140.66666666666666,141.66666666666666,141.66666666666666,146.33333333333334,145.33333333333334,145.33333333333334,144.33333333333334,143.33333333333334,142.33333333333334,141.33333333333334,141.33333333333334,140.33333333333334,140.33333333333334,141.33333333333334,142.33333333333334,143.33333333333334,144.33333333333334,145.33333333333334,145.33333333333334,144.33333333333334,144.33333333333334,144.33333333333334,145.33333333333334,144.33333333333334,143.33333333333334,143.33333333333334,142.33333333333334,138.33333333333334,138.33333333333334,138.33333333333334,138.33333333333334,139.33333333333334,141.33333333333334,142.33333333333334,143.33333333333334,142.66666666666666,143.66666666666666,145.66666666666666,146.66666666666666,147.66666666666666,146.66666666666666,145.66666666666666,144.66666666666666,146.66666666666666,146.66666666666666,142.66666666666666,137.66666666666666,139.66666666666666,143.66666666666666,137.66666666666666,127.33333333333333,101.33333333333333,93.33333333333333,81.33333333333333,71.33333333333333,64.33333333333333,60.333333333333336,140.66666666666666,138.66666666666666,136.66666666666666,134.66666666666666,134.66666666666666,136.66666666666666,139.66666666666666,141.66666666666666,139.66666666666666,138.66666666666666,137.66666666666666,137.66666666666666,136.66666666666666,136.66666666666666,137.66666666666666,137.66666666666666,137.66666666666666,135.66666666666666,134.66666666666666,134.66666666666666,135.66666666666666,136.66666666666666,134.66666666666666,133.66666666666666,136.66666666666666,135.66666666666666,135.66666666666666,134.66666666666666,134.66666666666666,135.66666666666666,135.66666666666666,136.66666666666666,139.66666666666666,137.66666666666666,135.66666666666666,136.66666666666666,137.66666666666666,138.66666666666666,137.66666666666666,136.66666666666666,136.66666666666666,139.66666666666666,138.66666666666666,135.66666666666666,135.66666666666666,138.66666666666666,139.66666666666666,136.66666666666666,139.66666666666666,138.66666666666666,137.66666666666666,136.66666666666666,136.66666666666666,138.66666666666666,139.66666666666666,140.66666666666666,140.66666666666666,138.66666666666666,136.66666666666666,137.66666666666666,138.66666666666666,139.66666666666666,139.66666666666666,138.66666666666666,138.33333333333334,138.33333333333334,139.33333333333334,139.33333333333334,139.33333333333334,139.33333333333334,140.33333333333334,140.33333333333334,139.33333333333334,140.33333333333334,141.33333333333334,140.33333333333334,139.33333333333334,139.33333333333334,140.33333333333334,142.33333333333334,141.66666666666666,140.66666666666666,139.66666666666666,140.66666666666666,142.66666666666666,143.66666666666666,142.66666666666666,141.66666666666666,141.66666666666666,141.66666666666666,141.66666666666666,141.66666666666666,141.66666666666666,141.66666666666666,141.66666666666666,141.66666666666666,143.33333333333334,143.33333333333334,142.33333333333334,142.33333333333334,141.33333333333334,140.33333333333334,140.33333333333334,139.33333333333334,140.33333333333334,140.33333333333334,141.33333333333334,142.33333333333334,143.33333333333334,144.33333333333334,144.33333333333334,145.33333333333334,143.33333333333334,143.33333333333334,144.33333333333334,144.33333333333334,143.33333333333334,143.33333333333334,143.33333333333334,143.33333333333334,138.33333333333334,138.33333333333334,138.33333333333334,138.33333333333334,138.33333333333334,139.33333333333334,141.33333333333334,141.33333333333334,142.66666666666666,143.66666666666666,144.66666666666666,145.66666666666666,146.66666666666666,146.66666666666666,145.66666666666666,144.66666666666666,145.66666666666666,144.66666666666666,141.66666666666666,137.66666666666666,139.66666666666666,144.66666666666666,141.66666666666666,133.66666666666666,111.33333333333333,98.33333333333333,80.33333333333333,66.33333333333333,60.333333333333336,59.333333333333336,136.66666666666666,136.66666666666666,136.66666666666666,136.66666666666666,137.66666666666666,137.66666666666666,138.66666666666666,138.66666666666666,139.66666666666666,138.66666666666666,137.66666666666666,136.66666666666666,136.66666666666666,136.66666666666666,136.66666666666666,136.66666666666666,137.66666666666666,136.66666666666666,134.66666666666666,134.66666666666666,135.66666666666666,135.66666666666666,134.66666666666666,132.66666666666666,136.66666666666666,135.66666666666666,135.66666666666666,134.66666666666666,134.66666666666666,135.66666666666666,135.66666666666666,136.66666666666666,138.66666666666666,137.66666666666666,136.66666666666666,137.66666666666666,138.66666666666666,139.66666666666666,137.66666666666666,135.66666666666666,135.66666666666666,138.66666666666666,139.66666666666666,136.66666666666666,136.66666666666666,139.66666666666666,138.66666666666666,135.66666666666666,138.66666666666666,138.66666666666666,137.66666666666666,136.66666666666666,137.66666666666666,138.66666666666666,140.66666666666666,141.66666666666666,140.66666666666666,138.66666666666666,136.66666666666666,136.66666666666666,138.66666666666666,139.66666666666666,138.66666666666666,137.66666666666666,141.33333333333334,141.33333333333334,140.33333333333334,139.33333333333334,139.33333333333334,138.33333333333334,137.33333333333334,137.33333333333334,137.33333333333334,138.33333333333334,140.33333333333334,141.33333333333334,140.33333333333334,140.33333333333334,141.33333333333334,143.33333333333334,139.66666666666666,138.66666666666666,137.66666666666666,138.66666666666666,140.66666666666666,141.66666666666666,140.66666666666666,138.66666666666666,141.66666666666666,141.66666666666666,141.66666666666666,141.66666666666666,141.66666666666666,141.66666666666666,141.66666666666666,140.66666666666666,141.33333333333334,141.33333333333334,141.33333333333334,141.33333333333334,141.33333333333334,141.33333333333334,141.33333333333334,141.33333333333334,140.33333333333334,140.33333333333334,141.33333333333334,141.33333333333334,142.33333333333334,143.33333333333334,143.33333333333334,144.33333333333334,143.33333333333334,143.33333333333334,142.33333333333334,142.33333333333334,143.33333333333334,143.33333333333334,143.33333333333334,143.33333333333334,139.33333333333334,139.33333333333334,138.33333333333334,138.33333333333334,138.33333333333334,139.33333333333334,140.33333333333334,140.33333333333334,142.66666666666666,143.66666666666666,143.66666666666666,144.66666666666666,144.66666666666666,145.66666666666666,144.66666666666666,144.66666666666666,143.66666666666666,142.66666666666666,139.66666666666666,137.66666666666666,139.66666666666666,142.66666666666666,141.66666666666666,137.66666666666666,127.33333333333333,110.33333333333333,84.33333333333333,63.333333333333336,51.333333333333336,48.333333333333336,133.66666666666666,134.66666666666666,136.66666666666666,138.66666666666666,139.66666666666666,138.66666666666666,137.66666666666666,136.66666666666666,139.66666666666666,138.66666666666666,137.66666666666666,136.66666666666666,135.66666666666666,135.66666666666666,135.66666666666666,135.66666666666666,139.66666666666666,137.66666666666666,136.66666666666666,136.66666666666666,136.66666666666666,136.66666666666666,135.66666666666666,133.66666666666666,136.66666666666666,136.66666666666666,135.66666666666666,135.66666666666666,135.66666666666666,135.66666666666666,136.66666666666666,136.66666666666666,137.66666666666666,136.66666666666666,136.66666666666666,137.66666666666666,139.66666666666666,139.66666666666666,137.66666666666666,135.66666666666666,135.66666666666666,138.66666666666666,139.66666666666666,136.66666666666666,136.66666666666666,139.66666666666666,138.66666666666666,135.66666666666666,137.66666666666666,137.66666666666666,137.66666666666666,137.66666666666666,138.66666666666666,139.66666666666666,140.66666666666666,141.66666666666666,139.66666666666666,137.66666666666666,136.66666666666666,136.66666666666666,137.66666666666666,138.66666666666666,138.66666666666666,137.66666666666666,141.33333333333334,141.33333333333334,140.33333333333334,139.33333333333334,139.33333333333334,138.33333333333334,137.33333333333334,137.33333333333334,136.33333333333334,138.33333333333334,140.33333333333334,141.33333333333334,141.33333333333334,140.33333333333334,141.33333333333334,143.33333333333334,139.66666666666666,138.66666666666666,137.66666666666666,137.66666666666666,139.66666666666666,140.66666666666666,139.66666666666666,137.66666666666666,140.66666666666666,140.66666666666666,139.66666666666666,139.66666666666666,139.66666666666666,138.66666666666666,138.66666666666666,138.66666666666666,142.33333333333334,142.33333333333334,142.33333333333334,142.33333333333334,142.33333333333334,142.33333333333334,142.33333333333334,142.33333333333334,140.33333333333334,140.33333333333334,141.33333333333334,141.33333333333334,142.33333333333334,142.33333333333334,142.33333333333334,143.33333333333334,142.33333333333334,142.33333333333334,142.33333333333334,141.33333333333334,142.33333333333334,143.33333333333334,143.33333333333334,144.33333333333334,141.33333333333334,140.33333333333334,140.33333333333334,139.33333333333334,139.33333333333334,139.33333333333334,139.33333333333334,140.33333333333334,141.66666666666666,141.66666666666666,142.66666666666666,142.66666666666666,142.66666666666666,143.66666666666666,143.66666666666666,143.66666666666666,143.66666666666666,141.66666666666666,139.66666666666666,138.66666666666666,139.66666666666666,140.66666666666666,139.66666666666666,137.66666666666666,139.66666666666666,123.33333333333333,97.33333333333333,73.33333333333333,56.333333333333336,48.333333333333336,133.66666666666666,134.66666666666666,135.66666666666666,137.66666666666666,138.66666666666666,138.66666666666666,138.66666666666666,137.66666666666666,139.66666666666666,138.66666666666666,137.66666666666666,136.66666666666666,135.66666666666666,135.66666666666666,135.66666666666666,135.66666666666666,141.66666666666666,140.66666666666666,138.66666666666666,138.66666666666666,138.66666666666666,138.66666666666666,136.66666666666666,135.66666666666666,137.66666666666666,137.66666666666666,136.66666666666666,136.66666666666666,136.66666666666666,136.66666666666666,137.66666666666666,137.66666666666666,137.66666666666666,136.66666666666666,136.66666666666666,138.66666666666666,139.66666666666666,139.66666666666666,137.66666666666666,134.66666666666666,134.66666666666666,138.66666666666666,139.66666666666666,137.66666666666666,137.66666666666666,139.66666666666666,138.66666666666666,134.66666666666666,135.66666666666666,136.66666666666666,137.66666666666666,138.66666666666666,139.66666666666666,140.66666666666666,140.66666666666666,140.66666666666666,139.66666666666666,137.66666666666666,135.66666666666666,136.66666666666666,137.66666666666666,138.66666666666666,138.66666666666666,137.66666666666666,138.33333333333334,138.33333333333334,138.33333333333334,139.33333333333334,139.33333333333334,140.33333333333334,140.33333333333334,140.33333333333334,137.33333333333334,139.33333333333334,142.33333333333334,142.33333333333334,141.33333333333334,139.33333333333334,139.33333333333334,140.33333333333334,141.66666666666666,139.66666666666666,138.66666666666666,139.66666666666666,140.66666666666666,141.66666666666666,140.66666666666666,138.66666666666666,141.66666666666666,140.66666666666666,140.66666666666666,140.66666666666666,139.66666666666666,139.66666666666666,138.66666666666666,138.66666666666666,143.33333333333334,142.33333333333334,142.33333333333334,141.33333333333334,140.33333333333334,140.33333333333334,139.33333333333334,139.33333333333334,140.33333333333334,140.33333333333334,141.33333333333334,141.33333333333334,141.33333333333334,142.33333333333334,142.33333333333334,142.33333333333334,142.33333333333334,142.33333333333334,141.33333333333334,141.33333333333334,141.33333333333334,142.33333333333334,144.33333333333334,145.33333333333334,143.33333333333334,142.33333333333334,141.33333333333334,140.33333333333334,139.33333333333334,139.33333333333334,140.33333333333334,140.33333333333334,140.66666666666666,140.66666666666666,140.66666666666666,140.66666666666666,140.66666666666666,141.66666666666666,142.66666666666666,142.66666666666666,144.66666666666666,142.66666666666666,141.66666666666666,141.66666666666666,140.66666666666666,139.66666666666666,137.66666666666666,137.66666666666666,143.66666666666666,134.66666666666666,118.66666666666667,101.66666666666667,87.66666666666667,81.66666666666667,134.66666666666666,134.66666666666666,134.66666666666666,135.66666666666666,136.66666666666666,137.66666666666666,138.66666666666666,139.66666666666666,139.66666666666666,138.66666666666666,137.66666666666666,136.66666666666666,135.66666666666666,134.66666666666666,134.66666666666666,134.66666666666666,143.66666666666666,141.66666666666666,139.66666666666666,139.66666666666666,140.66666666666666,139.66666666666666,137.66666666666666,136.66666666666666,138.66666666666666,137.66666666666666,137.66666666666666,136.66666666666666,136.66666666666666,137.66666666666666,137.66666666666666,138.66666666666666,137.66666666666666,136.66666666666666,136.66666666666666,138.66666666666666,139.66666666666666,139.66666666666666,137.66666666666666,134.66666666666666,134.66666666666666,138.66666666666666,139.66666666666666,137.66666666666666,137.66666666666666,139.66666666666666,138.66666666666666,134.66666666666666,134.66666666666666,135.66666666666666,137.66666666666666,139.66666666666666,140.66666666666666,140.66666666666666,139.66666666666666,139.66666666666666,139.66666666666666,137.66666666666666,135.66666666666666,135.66666666666666,137.66666666666666,138.66666666666666,138.66666666666666,137.66666666666666,135.33333333333334,135.33333333333334,136.33333333333334,138.33333333333334,140.33333333333334,142.33333333333334,143.33333333333334,143.33333333333334,139.33333333333334,142.33333333333334,143.33333333333334,143.33333333333334,140.33333333333334,138.33333333333334,137.33333333333334,137.33333333333334,143.66666666666666,141.66666666666666,140.66666666666666,140.66666666666666,142.66666666666666,142.66666666666666,141.66666666666666,140.66666666666666,144.66666666666666,143.66666666666666,143.66666666666666,143.66666666666666,142.66666666666666,141.66666666666666,141.66666666666666,141.66666666666666,142.33333333333334,141.33333333333334,140.33333333333334,139.33333333333334,137.33333333333334,135.33333333333334,134.33333333333334,133.33333333333334,140.33333333333334,140.33333333333334,141.33333333333334,141.33333333333334,141.33333333333334,141.33333333333334,142.33333333333334,142.33333333333334,142.33333333333334,141.33333333333334,140.33333333333334,140.33333333333334,141.33333333333334,142.33333333333334,144.33333333333334,145.33333333333334,144.33333333333334,143.33333333333334,142.33333333333334,141.33333333333334,140.33333333333334,140.33333333333334,140.33333333333334,140.33333333333334,140.66666666666666,139.66666666666666,139.66666666666666,139.66666666666666,139.66666666666666,140.66666666666666,141.66666666666666,142.66666666666666,145.66666666666666,143.66666666666666,143.66666666666666,143.66666666666666,142.66666666666666,139.66666666666666,136.66666666666666,136.66666666666666,141.66666666666666,140.66666666666666,137.66666666666666,130.66666666666666,124.66666666666667,122.66666666666667,133.66666666666666,134.66666666666666,134.66666666666666,135.66666666666666,135.66666666666666,136.66666666666666,136.66666666666666,136.66666666666666,134.66666666666666,135.66666666666666,136.66666666666666,137.66666666666666,138.66666666666666,139.66666666666666,139.66666666666666,139.66666666666666,141.66666666666666,139.66666666666666,137.66666666666666,138.66666666666666,140.66666666666666,141.66666666666666,140.66666666666666,137.66666666666666,139.66666666666666,139.66666666666666,138.66666666666666,136.66666666666666,134.66666666666666,134.66666666666666,136.66666666666666,138.66666666666666,138.66666666666666,138.66666666666666,137.66666666666666,137.66666666666666,137.66666666666666,137.66666666666666,136.66666666666666,136.66666666666666,134.66666666666666,136.66666666666666,138.66666666666666,138.66666666666666,136.66666666666666,135.66666666666666,135.66666666666666,136.66666666666666,135.66666666666666,136.66666666666666,138.66666666666666,139.66666666666666,139.66666666666666,138.66666666666666,136.66666666666666,135.66666666666666,138.66666666666666,135.66666666666666,133.66666666666666,133.66666666666666,135.66666666666666,137.66666666666666,138.66666666666666,137.66666666666666,141.33333333333334,140.33333333333334,139.33333333333334,139.33333333333334,140.33333333333334,141.33333333333334,143.33333333333334,144.33333333333334,141.33333333333334,142.33333333333334,142.33333333333334,140.33333333333334,139.33333333333334,139.33333333333334,141.33333333333334,144.33333333333334,142.66666666666666,142.66666666666666,142.66666666666666,141.66666666666666,141.66666666666666,140.66666666666666,140.66666666666666,140.66666666666666,141.66666666666666,141.66666666666666,141.66666666666666,141.66666666666666,141.66666666666666,141.66666666666666,141.66666666666666,141.66666666666666,140.33333333333334,140.33333333333334,138.33333333333334,137.33333333333334,137.33333333333334,137.33333333333334,137.33333333333334,137.33333333333334,136.33333333333334,137.33333333333334,139.33333333333334,140.33333333333334,141.33333333333334,140.33333333333334,140.33333333333334,139.33333333333334,141.33333333333334,141.33333333333334,142.33333333333334,143.33333333333334,143.33333333333334,144.33333333333334,145.33333333333334,145.33333333333334,146.33333333333334,145.33333333333334,143.33333333333334,144.33333333333334,145.33333333333334,145.33333333333334,143.33333333333334,142.33333333333334,144.66666666666666,139.66666666666666,138.66666666666666,142.66666666666666,144.66666666666666,142.66666666666666,142.66666666666666,145.66666666666666,143.66666666666666,143.66666666666666,143.66666666666666,142.66666666666666,141.66666666666666,140.66666666666666,138.66666666666666,138.66666666666666,135.66666666666666,135.66666666666666,135.66666666666666,136.66666666666666,137.66666666666666,138.66666666666666,134.66666666666666,134.66666666666666,135.66666666666666,135.66666666666666,136.66666666666666,136.66666666666666,136.66666666666666,137.66666666666666,134.66666666666666,135.66666666666666,136.66666666666666,137.66666666666666,138.66666666666666,138.66666666666666,138.66666666666666,138.66666666666666,138.66666666666666,136.66666666666666,134.66666666666666,135.66666666666666,137.66666666666666,138.66666666666666,136.66666666666666,134.66666666666666,139.66666666666666,139.66666666666666,139.66666666666666,137.66666666666666,135.66666666666666,135.66666666666666,137.66666666666666,139.66666666666666,140.66666666666666,139.66666666666666,139.66666666666666,138.66666666666666,136.66666666666666,135.66666666666666,135.66666666666666,134.66666666666666,136.66666666666666,137.66666666666666,138.66666666666666,138.66666666666666,136.66666666666666,136.66666666666666,137.66666666666666,138.66666666666666,137.66666666666666,138.66666666666666,139.66666666666666,139.66666666666666,139.66666666666666,139.66666666666666,138.66666666666666,137.66666666666666,138.66666666666666,136.66666666666666,134.66666666666666,134.66666666666666,136.66666666666666,138.66666666666666,138.66666666666666,138.66666666666666,143.33333333333334,142.33333333333334,141.33333333333334,140.33333333333334,140.33333333333334,140.33333333333334,142.33333333333334,143.33333333333334,140.33333333333334,141.33333333333334,141.33333333333334,139.33333333333334,138.33333333333334,138.33333333333334,140.33333333333334,143.33333333333334,142.66666666666666,142.66666666666666,142.66666666666666,141.66666666666666,141.66666666666666,140.66666666666666,140.66666666666666,140.66666666666666,141.66666666666666,141.66666666666666,141.66666666666666,141.66666666666666,141.66666666666666,141.66666666666666,141.66666666666666,141.66666666666666,141.33333333333334,141.33333333333334,140.33333333333334,139.33333333333334,138.33333333333334,138.33333333333334,139.33333333333334,139.33333333333334,140.33333333333334,139.33333333333334,139.33333333333334,138.33333333333334,139.33333333333334,140.33333333333334,141.33333333333334,142.33333333333334,140.33333333333334,140.33333333333334,140.33333333333334,141.33333333333334,142.33333333333334,143.33333333333334,143.33333333333334,144.33333333333334,144.33333333333334,142.33333333333334,142.33333333333334,143.33333333333334,146.33333333333334,148.33333333333334,148.33333333333334,148.33333333333334,144.66666666666666,139.66666666666666,138.66666666666666,142.66666666666666,144.66666666666666,142.66666666666666,142.66666666666666,144.66666666666666,143.66666666666666,143.66666666666666,143.66666666666666,143.66666666666666,142.66666666666666,140.66666666666666,139.66666666666666,138.66666666666666,138.66666666666666,137.66666666666666,136.66666666666666,135.66666666666666,135.66666666666666,135.66666666666666,135.66666666666666,135.66666666666666,136.66666666666666,136.66666666666666,136.66666666666666,137.66666666666666,137.66666666666666,137.66666666666666,134.66666666666666,135.66666666666666,136.66666666666666,137.66666666666666,138.66666666666666,138.66666666666666,138.66666666666666,138.66666666666666,136.66666666666666,135.66666666666666,134.66666666666666,135.66666666666666,136.66666666666666,137.66666666666666,136.66666666666666,134.66666666666666,139.66666666666666,139.66666666666666,140.66666666666666,138.66666666666666,136.66666666666666,136.66666666666666,137.66666666666666,139.66666666666666,141.66666666666666,140.66666666666666,139.66666666666666,138.66666666666666,136.66666666666666,135.66666666666666,134.66666666666666,133.66666666666666,138.66666666666666,139.66666666666666,139.66666666666666,137.66666666666666,136.66666666666666,136.66666666666666,138.66666666666666,140.66666666666666,138.66666666666666,138.66666666666666,139.66666666666666,140.66666666666666,140.66666666666666,139.66666666666666,138.66666666666666,138.66666666666666,139.66666666666666,137.66666666666666,136.66666666666666,136.66666666666666,138.66666666666666,140.66666666666666,140.66666666666666,139.66666666666666,146.33333333333334,145.33333333333334,143.33333333333334,141.33333333333334,140.33333333333334,140.33333333333334,141.33333333333334,142.33333333333334,142.33333333333334,143.33333333333334,144.33333333333334,142.33333333333334,141.33333333333334,141.33333333333334,143.33333333333334,145.33333333333334,142.66666666666666,142.66666666666666,141.66666666666666,141.66666666666666,141.66666666666666,141.66666666666666,140.66666666666666,140.66666666666666,141.66666666666666,141.66666666666666,141.66666666666666,141.66666666666666,141.66666666666666,141.66666666666666,141.66666666666666,141.66666666666666,142.33333333333334,141.33333333333334,140.33333333333334,140.33333333333334,139.33333333333334,139.33333333333334,140.33333333333334,140.33333333333334,141.33333333333334,139.33333333333334,137.33333333333334,135.33333333333334,135.33333333333334,138.33333333333334,141.33333333333334,143.33333333333334,138.33333333333334,139.33333333333334,139.33333333333334,140.33333333333334,141.33333333333334,142.33333333333334,142.33333333333334,142.33333333333334,142.33333333333334,141.33333333333334,140.33333333333334,142.33333333333334,146.33333333333334,150.33333333333334,152.33333333333334,152.33333333333334,144.66666666666666,139.66666666666666,138.66666666666666,141.66666666666666,143.66666666666666,142.66666666666666,141.66666666666666,144.66666666666666,143.66666666666666,143.66666666666666,143.66666666666666,143.66666666666666,143.66666666666666,141.66666666666666,140.66666666666666,139.66666666666666,140.33333333333334,139.33333333333334,137.33333333333334,136.33333333333334,134.33333333333334,133.33333333333334,136.66666666666666,136.66666666666666,136.66666666666666,136.66666666666666,136.66666666666666,137.66666666666666,137.66666666666666,137.66666666666666,134.66666666666666,135.66666666666666,136.66666666666666,137.66666666666666,137.66666666666666,137.66666666666666,137.66666666666666,137.66666666666666,138.66666666666666,138.66666666666666,138.66666666666666,138.66666666666666,138.66666666666666,138.66666666666666,138.66666666666666,138.66666666666666,138.66666666666666,139.66666666666666,140.66666666666666,139.66666666666666,137.66666666666666,137.66666666666666,138.66666666666666,140.66666666666666,140.66666666666666,139.66666666666666,138.66666666666666,138.66666666666666,136.66666666666666,136.66666666666666,135.66666666666666,134.66666666666666,138.66666666666666,138.66666666666666,137.66666666666666,135.66666666666666,134.66666666666666,134.66666666666666,138.66666666666666,141.66666666666666,138.66666666666666,138.66666666666666,138.66666666666666,138.66666666666666,138.66666666666666,138.66666666666666,138.66666666666666,138.66666666666666,140.66666666666666,139.66666666666666,138.66666666666666,138.66666666666666,140.66666666666666,142.66666666666666,141.66666666666666,140.66666666666666,145.33333333333334,144.33333333333334,142.33333333333334,141.33333333333334,140.33333333333334,141.33333333333334,142.33333333333334,143.33333333333334,141.33333333333334,142.33333333333334,143.33333333333334,142.33333333333334,141.33333333333334,140.33333333333334,141.33333333333334,143.33333333333334,141.66666666666666,141.66666666666666,141.66666666666666,141.66666666666666,141.66666666666666,141.66666666666666,141.66666666666666,141.66666666666666,140.66666666666666,140.66666666666666,140.66666666666666,140.66666666666666,140.66666666666666,140.66666666666666,140.66666666666666,140.66666666666666,141.33333333333334,140.33333333333334,140.33333333333334,139.33333333333334,139.33333333333334,139.33333333333334,140.33333333333334,140.33333333333334,138.33333333333334,137.33333333333334,135.33333333333334,134.33333333333334,134.33333333333334,136.33333333333334,138.33333333333334,139.33333333333334,138.33333333333334,139.33333333333334,139.33333333333334,140.33333333333334,141.33333333333334,142.33333333333334,142.33333333333334,143.33333333333334,144.33333333333334,142.33333333333334,141.33333333333334,141.33333333333334,144.33333333333334,148.33333333333334,149.33333333333334,150.33333333333334,144.66666666666666,140.66666666666666,138.66666666666666,141.66666666666666,143.66666666666666,141.66666666666666,141.66666666666666,143.66666666666666,143.66666666666666,143.66666666666666,143.66666666666666,143.66666666666666,143.66666666666666,142.66666666666666,141.66666666666666,140.66666666666666,142.33333333333334,141.33333333333334,139.33333333333334,137.33333333333334,135.33333333333334,134.33333333333334,136.66666666666666,136.66666666666666,136.66666666666666,136.66666666666666,136.66666666666666,136.66666666666666,136.66666666666666,136.66666666666666,134.66666666666666,135.66666666666666,136.66666666666666,136.66666666666666,137.66666666666666,137.66666666666666,136.66666666666666,136.66666666666666,138.66666666666666,139.66666666666666,139.66666666666666,139.66666666666666,138.66666666666666,138.66666666666666,138.66666666666666,139.66666666666666,136.66666666666666,138.66666666666666,139.66666666666666,139.66666666666666,138.66666666666666,137.66666666666666,138.66666666666666,139.66666666666666,137.66666666666666,137.66666666666666,137.66666666666666,137.66666666666666,137.66666666666666,137.66666666666666,137.66666666666666,137.66666666666666,136.66666666666666,136.66666666666666,135.66666666666666,133.66666666666666,132.66666666666666,133.66666666666666,136.66666666666666,139.66666666666666,136.66666666666666,136.66666666666666,136.66666666666666,136.66666666666666,136.66666666666666,136.66666666666666,136.66666666666666,136.66666666666666,140.66666666666666,139.66666666666666,139.66666666666666,140.66666666666666,142.66666666666666,143.66666666666666,142.66666666666666,140.66666666666666,142.33333333333334,142.33333333333334,141.33333333333334,140.33333333333334,141.33333333333334,142.33333333333334,144.33333333333334,145.33333333333334,137.33333333333334,138.33333333333334,140.33333333333334,139.33333333333334,138.33333333333334,137.33333333333334,138.33333333333334,139.33333333333334,141.66666666666666,141.66666666666666,141.66666666666666,141.66666666666666,141.66666666666666,141.66666666666666,141.66666666666666,141.66666666666666,140.66666666666666,140.66666666666666,140.66666666666666,140.66666666666666,140.66666666666666,140.66666666666666,140.66666666666666,140.66666666666666,139.33333333333334,138.33333333333334,138.33333333333334,137.33333333333334,138.33333333333334,138.33333333333334,139.33333333333334,139.33333333333334,137.33333333333334,137.33333333333334,138.33333333333334,138.33333333333334,138.33333333333334,137.33333333333334,137.33333333333334,136.33333333333334,139.33333333333334,140.33333333333334,140.33333333333334,141.33333333333334,142.33333333333334,143.33333333333334,143.33333333333334,144.33333333333334,147.33333333333334,145.33333333333334,142.33333333333334,141.33333333333334,142.33333333333334,143.33333333333334,143.33333333333334,142.33333333333334,145.66666666666666,140.66666666666666,138.66666666666666,141.66666666666666,142.66666666666666,140.66666666666666,140.66666666666666,142.66666666666666,142.66666666666666,142.66666666666666,143.66666666666666,143.66666666666666,143.66666666666666,142.66666666666666,141.66666666666666,140.66666666666666,141.33333333333334,141.33333333333334,140.33333333333334,139.33333333333334,138.33333333333334,138.33333333333334,136.66666666666666,136.66666666666666,135.66666666666666,135.66666666666666,135.66666666666666,134.66666666666666,134.66666666666666,134.66666666666666,134.66666666666666,135.66666666666666,136.66666666666666,136.66666666666666,136.66666666666666,136.66666666666666,135.66666666666666,135.66666666666666,134.66666666666666,136.66666666666666,137.66666666666666,136.66666666666666,135.66666666666666,134.66666666666666,135.66666666666666,137.66666666666666,134.66666666666666,136.66666666666666,138.66666666666666,138.66666666666666,137.66666666666666,136.66666666666666,137.66666666666666,138.66666666666666,135.66666666666666,135.66666666666666,136.66666666666666,137.66666666666666,137.66666666666666,138.66666666666666,139.66666666666666,139.66666666666666,135.66666666666666,135.66666666666666,135.66666666666666,133.66666666666666,132.66666666666666,132.66666666666666,135.66666666666666,137.66666666666666,136.66666666666666,136.66666666666666,135.66666666666666,134.66666666666666,134.66666666666666,135.66666666666666,136.66666666666666,136.66666666666666,140.66666666666666,139.66666666666666,139.66666666666666,141.66666666666666,143.66666666666666,143.66666666666666,141.66666666666666,140.66666666666666,140.33333333333334,140.33333333333334,139.33333333333334,139.33333333333334,140.33333333333334,141.33333333333334,143.33333333333334,145.33333333333334,140.33333333333334,142.33333333333334,143.33333333333334,143.33333333333334,142.33333333333334,141.33333333333334,141.33333333333334,142.33333333333334,140.66666666666666,140.66666666666666,141.66666666666666,141.66666666666666,141.66666666666666,141.66666666666666,142.66666666666666,142.66666666666666,139.66666666666666,139.66666666666666,139.66666666666666,139.66666666666666,139.66666666666666,139.66666666666666,139.66666666666666,139.66666666666666,138.33333333333334,137.33333333333334,137.33333333333334,137.33333333333334,137.33333333333334,138.33333333333334,139.33333333333334,139.33333333333334,139.33333333333334,140.33333333333334,141.33333333333334,142.33333333333334,141.33333333333334,140.33333333333334,138.33333333333334,137.33333333333334,140.33333333333334,140.33333333333334,140.33333333333334,141.33333333333334,142.33333333333334,143.33333333333334,143.33333333333334,144.33333333333334,147.33333333333334,145.33333333333334,143.33333333333334,142.33333333333334,142.33333333333334,141.33333333333334,139.33333333333334,137.33333333333334,145.66666666666666,140.66666666666666,138.66666666666666,140.66666666666666,142.66666666666666,139.66666666666666,139.66666666666666,141.66666666666666,140.66666666666666,141.66666666666666,141.66666666666666,142.66666666666666,142.66666666666666,141.66666666666666,140.66666666666666,140.66666666666666,141.33333333333334,140.33333333333334,140.33333333333334,139.33333333333334,140.33333333333334,140.33333333333334,135.66666666666666,135.66666666666666,134.66666666666666,134.66666666666666,133.66666666666666,133.66666666666666,133.66666666666666,132.66666666666666,134.66666666666666,135.66666666666666,136.66666666666666,136.66666666666666,136.66666666666666,135.66666666666666,135.66666666666666,134.66666666666666,131.66666666666666,133.66666666666666,135.66666666666666,134.66666666666666,132.66666666666666,131.66666666666666,132.66666666666666,135.66666666666666,132.66666666666666,134.66666666666666,137.66666666666666,138.66666666666666,136.66666666666666,136.66666666666666,136.66666666666666,137.66666666666666,136.66666666666666,136.66666666666666,137.66666666666666,137.66666666666666,137.66666666666666,137.66666666666666,138.66666666666666,138.66666666666666,134.66666666666666,135.66666666666666,136.66666666666666,136.66666666666666,134.66666666666666,133.66666666666666,135.66666666666666,136.66666666666666,137.66666666666666,136.66666666666666,135.66666666666666,135.66666666666666,135.66666666666666,135.66666666666666,136.66666666666666,137.66666666666666,139.66666666666666,139.66666666666666,139.66666666666666,141.66666666666666,143.66666666666666,143.66666666666666,141.66666666666666,139.66666666666666,141.33333333333334,140.33333333333334,139.33333333333334,138.33333333333334,138.33333333333334,139.33333333333334,141.33333333333334,142.33333333333334,142.33333333333334,144.33333333333334,146.33333333333334,146.33333333333334,145.33333333333334,143.33333333333334,143.33333333333334,144.33333333333334,140.66666666666666,140.66666666666666,140.66666666666666,141.66666666666666,141.66666666666666,142.66666666666666,142.66666666666666,142.66666666666666,139.66666666666666,139.66666666666666,139.66666666666666,139.66666666666666,139.66666666666666,139.66666666666666,139.66666666666666,139.66666666666666,138.33333333333334,138.33333333333334,138.33333333333334,138.33333333333334,138.33333333333334,139.33333333333334,140.33333333333334,141.33333333333334,140.33333333333334,140.33333333333334,139.33333333333334,138.33333333333334,138.33333333333334,138.33333333333334,138.33333333333334,138.33333333333334,138.33333333333334,139.33333333333334,139.33333333333334,140.33333333333334,141.33333333333334,142.33333333333334,142.33333333333334,142.33333333333334,143.33333333333334,143.33333333333334,143.33333333333334,144.33333333333334,145.33333333333334,145.33333333333334,141.33333333333334,139.33333333333334,145.66666666666666,140.66666666666666,138.66666666666666,140.66666666666666,141.66666666666666,139.66666666666666,138.66666666666666,140.66666666666666,139.66666666666666,139.66666666666666,140.66666666666666,140.66666666666666,141.66666666666666,140.66666666666666,139.66666666666666,139.66666666666666,141.0,140.0,140.0,139.0,139.0,140.0,134.66666666666666,134.66666666666666,134.66666666666666,133.66666666666666,133.66666666666666,132.66666666666666,132.66666666666666,131.66666666666666,135.66666666666666,135.66666666666666,136.66666666666666,136.66666666666666,136.66666666666666,135.66666666666666,134.66666666666666,134.66666666666666,131.66666666666666,133.66666666666666,135.66666666666666,134.66666666666666,132.66666666666666,130.66666666666666,132.66666666666666,135.66666666666666,131.66666666666666,133.66666666666666,136.66666666666666,137.66666666666666,136.66666666666666,135.66666666666666,135.66666666666666,136.66666666666666,138.66666666666666,138.66666666666666,138.66666666666666,137.66666666666666,137.66666666666666,136.66666666666666,136.66666666666666,136.66666666666666,134.66666666666666,136.66666666666666,138.66666666666666,138.66666666666666,136.66666666666666,135.66666666666666,135.66666666666666,136.66666666666666,139.66666666666666,138.66666666666666,136.66666666666666,135.66666666666666,135.66666666666666,136.66666666666666,138.66666666666666,139.66666666666666,138.66666666666666,138.66666666666666,139.66666666666666,141.66666666666666,143.66666666666666,143.66666666666666,140.66666666666666,138.66666666666666,142.33333333333334,141.33333333333334,139.33333333333334,138.33333333333334,137.33333333333334,137.33333333333334,138.33333333333334,139.33333333333334,136.33333333333334,138.33333333333334,141.33333333333334,141.33333333333334,139.33333333333334,138.33333333333334,138.33333333333334,138.33333333333334,140.66666666666666,140.66666666666666,140.66666666666666,141.66666666666666,141.66666666666666,142.66666666666666,142.66666666666666,142.66666666666666,139.66666666666666,139.66666666666666,139.66666666666666,139.66666666666666,139.66666666666666,139.66666666666666,139.66666666666666,139.66666666666666,139.33333333333334,139.33333333333334,139.33333333333334,139.33333333333334,139.33333333333334,141.33333333333334,142.33333333333334,142.33333333333334,139.33333333333334,137.33333333333334,134.33333333333334,132.33333333333334,132.33333333333334,133.33333333333334,135.33333333333334,136.33333333333334,137.33333333333334,137.33333333333334,138.33333333333334,139.33333333333334,139.33333333333334,140.33333333333334,141.33333333333334,141.33333333333334,139.33333333333334,140.33333333333334,142.33333333333334,146.33333333333334,149.33333333333334,149.33333333333334,146.33333333333334,143.33333333333334,145.66666666666666,140.66666666666666,138.66666666666666,140.66666666666666,141.66666666666666,139.66666666666666,138.66666666666666,140.66666666666666,138.66666666666666,138.66666666666666,139.66666666666666,140.66666666666666,140.66666666666666,139.66666666666666,139.66666666666666,138.66666666666666,141.0,141.0,139.0,139.0,138.0,138.0,134.66666666666666,134.66666666666666,133.66666666666666,132.66666666666666,132.66666666666666,131.66666666666666,130.66666666666666,130.66666666666666,133.66666666666666,134.66666666666666,134.66666666666666,135.66666666666666,135.66666666666666,134.66666666666666,134.66666666666666,133.66666666666666,132.66666666666666,132.66666666666666,132.66666666666666,133.66666666666666,133.66666666666666,134.66666666666666,134.66666666666666,134.66666666666666,130.66666666666666,132.66666666666666,134.66666666666666,137.66666666666666,138.66666666666666,139.66666666666666,139.66666666666666,138.66666666666666,137.66666666666666,137.66666666666666,136.66666666666666,135.66666666666666,135.66666666666666,135.66666666666666,136.66666666666666,136.66666666666666,138.66666666666666,137.66666666666666,136.66666666666666,135.66666666666666,135.66666666666666,135.66666666666666,136.66666666666666,136.66666666666666,135.66666666666666,135.66666666666666,135.66666666666666,136.66666666666666,137.66666666666666,138.66666666666666,139.66666666666666,140.66666666666666,140.66666666666666,140.66666666666666,139.66666666666666,139.66666666666666,139.66666666666666,139.66666666666666,139.66666666666666,138.66666666666666,136.33333333333334,138.33333333333334,139.33333333333334,137.33333333333334,134.33333333333334,134.33333333333334,137.33333333333334,141.33333333333334,139.33333333333334,140.33333333333334,141.33333333333334,142.33333333333334,142.33333333333334,141.33333333333334,139.33333333333334,138.33333333333334,137.33333333333334,137.33333333333334,136.33333333333334,135.33333333333334,134.33333333333334,134.33333333333334,133.33333333333334,132.33333333333334,135.33333333333334,136.33333333333334,138.33333333333334,140.33333333333334,141.33333333333334,141.33333333333334,140.33333333333334,140.33333333333334,139.66666666666666,139.66666666666666,139.66666666666666,139.66666666666666,139.66666666666666,139.66666666666666,139.66666666666666,139.66666666666666,136.66666666666666,137.66666666666666,138.66666666666666,139.66666666666666,139.66666666666666,137.66666666666666,135.66666666666666,134.66666666666666,131.66666666666666,132.66666666666666,134.66666666666666,137.66666666666666,139.66666666666666,140.66666666666666,141.66666666666666,141.66666666666666,142.66666666666666,143.66666666666666,145.66666666666666,146.66666666666666,147.66666666666666,147.66666666666666,146.66666666666666,146.66666666666666,148.66666666666666,146.66666666666666,143.66666666666666,141.66666666666666,139.66666666666666,139.66666666666666,140.66666666666666,141.66666666666666,138.66666666666666,137.66666666666666,136.66666666666666,137.66666666666666,139.66666666666666,140.66666666666666,139.66666666666666,138.66666666666666,138.66666666666666,139.66666666666666,139.66666666666666,140.66666666666666,140.66666666666666,139.66666666666666,134.66666666666666,133.66666666666666,133.66666666666666,132.66666666666666,132.66666666666666,131.66666666666666,131.66666666666666,131.66666666666666,133.66666666666666,134.66666666666666,134.66666666666666,135.66666666666666,135.66666666666666,134.66666666666666,134.66666666666666,133.66666666666666,132.66666666666666,132.66666666666666,133.66666666666666,133.66666666666666,133.66666666666666,134.66666666666666,134.66666666666666,134.66666666666666,133.66666666666666,135.66666666666666,137.66666666666666,138.66666666666666,140.66666666666666,140.66666666666666,140.66666666666666,139.66666666666666,137.66666666666666,136.66666666666666,136.66666666666666,135.66666666666666,135.66666666666666,136.66666666666666,137.66666666666666,137.66666666666666,137.66666666666666,137.66666666666666,136.66666666666666,135.66666666666666,135.66666666666666,135.66666666666666,135.66666666666666,135.66666666666666,136.66666666666666,135.66666666666666,135.66666666666666,136.66666666666666,137.66666666666666,138.66666666666666,139.66666666666666,140.66666666666666,137.66666666666666,137.66666666666666,138.66666666666666,138.66666666666666,138.66666666666666,138.66666666666666,138.66666666666666,138.66666666666666,137.33333333333334,138.33333333333334,138.33333333333334,136.33333333333334,135.33333333333334,135.33333333333334,137.33333333333334,139.33333333333334,137.33333333333334,138.33333333333334,139.33333333333334,140.33333333333334,141.33333333333334,140.33333333333334,139.33333333333334,138.33333333333334,139.33333333333334,138.33333333333334,138.33333333333334,137.33333333333334,136.33333333333334,135.33333333333334,134.33333333333334,134.33333333333334,134.33333333333334,135.33333333333334,137.33333333333334,139.33333333333334,140.33333333333334,140.33333333333334,139.33333333333334,138.33333333333334,139.66666666666666,139.66666666666666,139.66666666666666,139.66666666666666,139.66666666666666,139.66666666666666,139.66666666666666,139.66666666666666,138.66666666666666,138.66666666666666,139.66666666666666,139.66666666666666,138.66666666666666,138.66666666666666,137.66666666666666,136.66666666666666,136.66666666666666,136.66666666666666,138.66666666666666,140.66666666666666,141.66666666666666,143.66666666666666,144.66666666666666,145.66666666666666,140.66666666666666,141.66666666666666,142.66666666666666,144.66666666666666,145.66666666666666,145.66666666666666,144.66666666666666,144.66666666666666,145.66666666666666,145.66666666666666,144.66666666666666,144.66666666666666,142.66666666666666,140.66666666666666,138.66666666666666,136.66666666666666,135.66666666666666,134.66666666666666,134.66666666666666,135.66666666666666,137.66666666666666,138.66666666666666,138.66666666666666,136.66666666666666,138.66666666666666,139.66666666666666,139.66666666666666,140.66666666666666,140.66666666666666,139.66666666666666,133.66666666666666,133.66666666666666,133.66666666666666,133.66666666666666,132.66666666666666,132.66666666666666,132.66666666666666,132.66666666666666,133.66666666666666,134.66666666666666,134.66666666666666,135.66666666666666,135.66666666666666,134.66666666666666,134.66666666666666,133.66666666666666,132.66666666666666,133.66666666666666,133.66666666666666,133.66666666666666,134.66666666666666,134.66666666666666,134.66666666666666,134.66666666666666,135.66666666666666,136.66666666666666,137.66666666666666,138.66666666666666,138.66666666666666,138.66666666666666,138.66666666666666,137.66666666666666,136.66666666666666,135.66666666666666,135.66666666666666,135.66666666666666,136.66666666666666,137.66666666666666,138.66666666666666,139.66666666666666,137.66666666666666,136.66666666666666,135.66666666666666,134.66666666666666,134.66666666666666,134.66666666666666,134.66666666666666,135.66666666666666,136.66666666666666,136.66666666666666,136.66666666666666,136.66666666666666,137.66666666666666,138.66666666666666,139.66666666666666,140.66666666666666,135.66666666666666,135.66666666666666,136.66666666666666,136.66666666666666,137.66666666666666,138.66666666666666,138.66666666666666,138.66666666666666,139.33333333333334,137.33333333333334,136.33333333333334,135.33333333333334,137.33333333333334,138.33333333333334,138.33333333333334,137.33333333333334,135.33333333333334,136.33333333333334,137.33333333333334,138.33333333333334,139.33333333333334,139.33333333333334,139.33333333333334,138.33333333333334,139.33333333333334,139.33333333333334,138.33333333333334,138.33333333333334,137.33333333333334,136.33333333333334,136.33333333333334,135.33333333333334,134.33333333333334,135.33333333333334,137.33333333333334,138.33333333333334,139.33333333333334,139.33333333333334,138.33333333333334,137.33333333333334,139.66666666666666,139.66666666666666,139.66666666666666,139.66666666666666,139.66666666666666,139.66666666666666,139.66666666666666,139.66666666666666,140.66666666666666,139.66666666666666,138.66666666666666,138.66666666666666,137.66666666666666,137.66666666666666,138.66666666666666,138.66666666666666,138.66666666666666,139.66666666666666,139.66666666666666,140.66666666666666,141.66666666666666,143.66666666666666,145.66666666666666,146.66666666666666,138.66666666666666,138.66666666666666,140.66666666666666,141.66666666666666,142.66666666666666,142.66666666666666,142.66666666666666,142.66666666666666,141.66666666666666,143.66666666666666,145.66666666666666,146.66666666666666,144.66666666666666,140.66666666666666,136.66666666666666,133.66666666666666,135.66666666666666,133.66666666666666,133.66666666666666,135.66666666666666,137.66666666666666,139.66666666666666,138.66666666666666,137.66666666666666,138.66666666666666,138.66666666666666,139.66666666666666,139.66666666666666,139.66666666666666,139.66666666666666,132.66666666666666,132.66666666666666,133.66666666666666,133.66666666666666,133.66666666666666,133.66666666666666,133.66666666666666,133.66666666666666,133.66666666666666,134.66666666666666,134.66666666666666,135.66666666666666,135.66666666666666,134.66666666666666,134.66666666666666,133.66666666666666,133.66666666666666,133.66666666666666,133.66666666666666,134.66666666666666,134.66666666666666,134.66666666666666,135.66666666666666,135.66666666666666,134.66666666666666,135.66666666666666,135.66666666666666,135.66666666666666,135.66666666666666,135.66666666666666,134.66666666666666,134.66666666666666,135.66666666666666,135.66666666666666,135.66666666666666,135.66666666666666,136.66666666666666,138.66666666666666,139.66666666666666,140.66666666666666,137.66666666666666,136.66666666666666,135.66666666666666,134.66666666666666,134.66666666666666,134.66666666666666,134.66666666666666,134.66666666666666,136.66666666666666,136.66666666666666,136.66666666666666,136.66666666666666,136.66666666666666,137.66666666666666,138.66666666666666,139.66666666666666,135.66666666666666,135.66666666666666,136.66666666666666,137.66666666666666,138.66666666666666,139.66666666666666,140.66666666666666,140.66666666666666,140.33333333333334,137.33333333333334,134.33333333333334,135.33333333333334,138.33333333333334,140.33333333333334,138.33333333333334,135.33333333333334,134.33333333333334,135.33333333333334,135.33333333333334,136.33333333333334,137.33333333333334,137.33333333333334,138.33333333333334,138.33333333333334,138.33333333333334,138.33333333333334,137.33333333333334,137.33333333333334,136.33333333333334,136.33333333333334,136.33333333333334,135.33333333333334,135.33333333333334,136.33333333333334,138.33333333333334,139.33333333333334,140.33333333333334,140.33333333333334,139.33333333333334,138.33333333333334,138.66666666666666,138.66666666666666,138.66666666666666,138.66666666666666,138.66666666666666,138.66666666666666,138.66666666666666,138.66666666666666,140.66666666666666,139.66666666666666,137.66666666666666,136.66666666666666,135.66666666666666,136.66666666666666,137.66666666666666,138.66666666666666,137.66666666666666,137.66666666666666,137.66666666666666,137.66666666666666,138.66666666666666,140.66666666666666,141.66666666666666,142.66666666666666,137.66666666666666,138.66666666666666,139.66666666666666,140.66666666666666,140.66666666666666,141.66666666666666,141.66666666666666,141.66666666666666,141.66666666666666,142.66666666666666,144.66666666666666,145.66666666666666,143.66666666666666,140.66666666666666,136.66666666666666,134.66666666666666,136.66666666666666,135.66666666666666,135.66666666666666,137.66666666666666,139.66666666666666,141.66666666666666,141.66666666666666,140.66666666666666,137.66666666666666,138.66666666666666,139.66666666666666,139.66666666666666,139.66666666666666,139.66666666666666,132.66666666666666,132.66666666666666,132.66666666666666,133.66666666666666,134.66666666666666,134.66666666666666,135.66666666666666,135.66666666666666,133.66666666666666,134.66666666666666,134.66666666666666,135.66666666666666,135.66666666666666,134.66666666666666,134.66666666666666,133.66666666666666,133.66666666666666,133.66666666666666,134.66666666666666,134.66666666666666,134.66666666666666,135.66666666666666,135.66666666666666,135.66666666666666,136.66666666666666,136.66666666666666,135.66666666666666,135.66666666666666,134.66666666666666,134.66666666666666,134.66666666666666,134.66666666666666,135.66666666666666,135.66666666666666,135.66666666666666,136.66666666666666,137.66666666666666,138.66666666666666,140.66666666666666,141.66666666666666,137.66666666666666,136.66666666666666,135.66666666666666,134.66666666666666,134.66666666666666,134.66666666666666,135.66666666666666,135.66666666666666,137.66666666666666,137.66666666666666,136.66666666666666,136.66666666666666,136.66666666666666,137.66666666666666,138.66666666666666,139.66666666666666,136.66666666666666,136.66666666666666,137.66666666666666,138.66666666666666,139.66666666666666,140.66666666666666,141.66666666666666,141.66666666666666,139.33333333333334,136.33333333333334,134.33333333333334,136.33333333333334,139.33333333333334,140.33333333333334,137.33333333333334,134.33333333333334,134.33333333333334,134.33333333333334,135.33333333333334,135.33333333333334,135.33333333333334,136.33333333333334,137.33333333333334,137.33333333333334,136.33333333333334,136.33333333333334,136.33333333333334,135.33333333333334,135.33333333333334,135.33333333333334,135.33333333333334,135.33333333333334,138.33333333333334,139.33333333333334,140.33333333333334,141.33333333333334,142.33333333333334,141.33333333333334,140.33333333333334,139.33333333333334,138.66666666666666,138.66666666666666,138.66666666666666,138.66666666666666,138.66666666666666,138.66666666666666,138.66666666666666,138.66666666666666,139.66666666666666,138.66666666666666,136.66666666666666,135.66666666666666,134.66666666666666,135.66666666666666,136.66666666666666,137.66666666666666,136.66666666666666,136.66666666666666,136.66666666666666,136.66666666666666,137.66666666666666,138.66666666666666,139.66666666666666,139.66666666666666,138.66666666666666,138.66666666666666,139.66666666666666,139.66666666666666,140.66666666666666,141.66666666666666,142.66666666666666,143.66666666666666,143.66666666666666,143.66666666666666,142.66666666666666,141.66666666666666,141.66666666666666,140.66666666666666,140.66666666666666,139.66666666666666,137.66666666666666,136.66666666666666,135.66666666666666,137.66666666666666,139.66666666666666,141.66666666666666,140.66666666666666,139.66666666666666,137.66666666666666,137.66666666666666,138.66666666666666,139.66666666666666,139.66666666666666,138.66666666666666,131.66666666666666,131.66666666666666,132.66666666666666,133.66666666666666,134.66666666666666,135.66666666666666,136.66666666666666,136.66666666666666,133.66666666666666,134.66666666666666,134.66666666666666,135.66666666666666,135.66666666666666,134.66666666666666,134.66666666666666,133.66666666666666,134.66666666666666,134.66666666666666,134.66666666666666,134.66666666666666,135.66666666666666,135.66666666666666,135.66666666666666,136.66666666666666,140.66666666666666,139.66666666666666,138.66666666666666,137.66666666666666,137.66666666666666,138.66666666666666,138.66666666666666,139.66666666666666,137.66666666666666,136.66666666666666,136.66666666666666,136.66666666666666,137.66666666666666,138.66666666666666,139.66666666666666,140.66666666666666,138.66666666666666,137.66666666666666,136.66666666666666,136.66666666666666,135.66666666666666,135.66666666666666,136.66666666666666,136.66666666666666,138.66666666666666,137.66666666666666,137.66666666666666,136.66666666666666,136.66666666666666,137.66666666666666,138.66666666666666,138.66666666666666,138.66666666666666,138.66666666666666,138.66666666666666,139.66666666666666,140.66666666666666,140.66666666666666,141.66666666666666,141.66666666666666,137.33333333333334,136.33333333333334,136.33333333333334,137.33333333333334,139.33333333333334,138.33333333333334,137.33333333333334,135.33333333333334,136.33333333333334,136.33333333333334,135.33333333333334,134.33333333333334,134.33333333333334,135.33333333333334,136.33333333333334,136.33333333333334,135.33333333333334,135.33333333333334,135.33333333333334,135.33333333333334,135.33333333333334,135.33333333333334,135.33333333333334,135.33333333333334,139.33333333333334,140.33333333333334,141.33333333333334,142.33333333333334,142.33333333333334,142.33333333333334,140.33333333333334,139.33333333333334,137.66666666666666,137.66666666666666,137.66666666666666,137.66666666666666,137.66666666666666,137.66666666666666,137.66666666666666,137.66666666666666,139.66666666666666,138.66666666666666,137.66666666666666,136.66666666666666,136.66666666666666,136.66666666666666,136.66666666666666,137.66666666666666,137.66666666666666,138.66666666666666,139.66666666666666,140.66666666666666,140.66666666666666,140.66666666666666,139.66666666666666,138.66666666666666,139.66666666666666,139.66666666666666,139.66666666666666,139.66666666666666,140.66666666666666,141.66666666666666,143.66666666666666,144.66666666666666,144.66666666666666,143.66666666666666,141.66666666666666,139.66666666666666,140.66666666666666,141.66666666666666,144.66666666666666,146.66666666666666,136.66666666666666,135.66666666666666,134.66666666666666,135.66666666666666,137.66666666666666,138.66666666666666,137.66666666666666,136.66666666666666,137.66666666666666,137.66666666666666,138.66666666666666,138.66666666666666,138.66666666666666,138.66666666666666,130.66666666666666,131.66666666666666,132.66666666666666,133.66666666666666,135.66666666666666,136.66666666666666,137.66666666666666,137.66666666666666,133.66666666666666,134.66666666666666,134.66666666666666,135.66666666666666,135.66666666666666,134.66666666666666,134.66666666666666,133.66666666666666,134.66666666666666,134.66666666666666,134.66666666666666,135.66666666666666,135.66666666666666,135.66666666666666,136.66666666666666,136.66666666666666,140.66666666666666,140.66666666666666,139.66666666666666,138.66666666666666,138.66666666666666,139.66666666666666,140.66666666666666,141.66666666666666,138.66666666666666,138.66666666666666,137.66666666666666,137.66666666666666,137.66666666666666,138.66666666666666,139.66666666666666,139.66666666666666,139.66666666666666,139.66666666666666,138.66666666666666,137.66666666666666,136.66666666666666,136.66666666666666,137.66666666666666,137.66666666666666,138.66666666666666,137.66666666666666,137.66666666666666,136.66666666666666,136.66666666666666,137.66666666666666,137.66666666666666,138.66666666666666,138.66666666666666,138.66666666666666,138.66666666666666,138.66666666666666,138.66666666666666,138.66666666666666,139.66666666666666,139.66666666666666,135.33333333333334,137.33333333333334,139.33333333333334,139.33333333333334,138.33333333333334,136.33333333333334,136.33333333333334,137.33333333333334,139.33333333333334,138.33333333333334,136.33333333333334,135.33333333333334,134.33333333333334,134.33333333333334,135.33333333333334,135.33333333333334,136.33333333333334,136.33333333333334,136.33333333333334,136.33333333333334,136.33333333333334,136.33333333333334,136.33333333333334,136.33333333333334,139.33333333333334,140.33333333333334,141.33333333333334,142.33333333333334,142.33333333333334,141.33333333333334,139.33333333333334,138.33333333333334,137.66666666666666,137.66666666666666,137.66666666666666,137.66666666666666,137.66666666666666,137.66666666666666,137.66666666666666,137.66666666666666,139.66666666666666,140.66666666666666,140.66666666666666,140.66666666666666,140.66666666666666,139.66666666666666,138.66666666666666,137.66666666666666,137.66666666666666,139.66666666666666,141.66666666666666,143.66666666666666,143.66666666666666,141.66666666666666,138.66666666666666,137.66666666666666,139.66666666666666,139.66666666666666,138.66666666666666,138.66666666666666,139.66666666666666,141.66666666666666,142.66666666666666,143.66666666666666,143.66666666666666,142.66666666666666,140.66666666666666,140.66666666666666,141.66666666666666,144.66666666666666,147.66666666666666,149.66666666666666,138.66666666666666,136.66666666666666,135.66666666666666,135.66666666666666,136.66666666666666,137.66666666666666,135.66666666666666,134.66666666666666,136.66666666666666,137.66666666666666,137.66666666666666,138.66666666666666,138.66666666666666,137.66666666666666,130.66666666666666,131.66666666666666,132.66666666666666,133.66666666666666,135.66666666666666,136.66666666666666,137.66666666666666,138.66666666666666,133.66666666666666,134.66666666666666,134.66666666666666,135.66666666666666,135.66666666666666,134.66666666666666,134.66666666666666,133.66666666666666,134.66666666666666,134.66666666666666,134.66666666666666,135.66666666666666,135.66666666666666,136.66666666666666,136.66666666666666,136.66666666666666,138.66666666666666,138.66666666666666,137.66666666666666,136.66666666666666,137.66666666666666,138.66666666666666,140.66666666666666,141.66666666666666,139.66666666666666,139.66666666666666,138.66666666666666,137.66666666666666,137.66666666666666,137.66666666666666,138.66666666666666,138.66666666666666,140.66666666666666,139.66666666666666,138.66666666666666,138.66666666666666,137.66666666666666,137.66666666666666,138.66666666666666,138.66666666666666,138.66666666666666,138.66666666666666,137.66666666666666,136.66666666666666,136.66666666666666,136.66666666666666,137.66666666666666,137.66666666666666,138.66666666666666,137.66666666666666,137.66666666666666,137.66666666666666,137.66666666666666,137.66666666666666,136.66666666666666,136.66666666666666,133.33333333333334,137.33333333333334,140.33333333333334,140.33333333333334,137.33333333333334,135.33333333333334,136.33333333333334,138.33333333333334,141.33333333333334,139.33333333333334,137.33333333333334,135.33333333333334,134.33333333333334,134.33333333333334,134.33333333333334,135.33333333333334,137.33333333333334,137.33333333333334,137.33333333333334,137.33333333333334,137.33333333333334,137.33333333333334,137.33333333333334,137.33333333333334,138.33333333333334,139.33333333333334,140.33333333333334,141.33333333333334,141.33333333333334,139.33333333333334,138.33333333333334,137.33333333333334,137.66666666666666,137.66666666666666,137.66666666666666,137.66666666666666,137.66666666666666,137.66666666666666,137.66666666666666,137.66666666666666,141.66666666666666,141.66666666666666,143.66666666666666,143.66666666666666,143.66666666666666,141.66666666666666,140.66666666666666,138.66666666666666,136.66666666666666,138.66666666666666,141.66666666666666,143.66666666666666,143.66666666666666,140.66666666666666,137.66666666666666,134.66666666666666,139.66666666666666,138.66666666666666,137.66666666666666,137.66666666666666,138.66666666666666,140.66666666666666,141.66666666666666,143.66666666666666,141.66666666666666,141.66666666666666,141.66666666666666,142.66666666666666,144.66666666666666,146.66666666666666,149.66666666666666,150.66666666666666,141.66666666666666,140.66666666666666,138.66666666666666,138.66666666666666,139.66666666666666,138.66666666666666,137.66666666666666,135.66666666666666,136.66666666666666,137.66666666666666,137.66666666666666,138.66666666666666,138.66666666666666,137.66666666666666,128.66666666666666,132.66666666666666,136.66666666666666,134.66666666666666,130.66666666666666,129.66666666666666,132.66666666666666,135.66666666666666,132.66666666666666,133.66666666666666,133.66666666666666,134.66666666666666,134.66666666666666,133.66666666666666,133.66666666666666,132.66666666666666,134.66666666666666,134.66666666666666,134.66666666666666,135.66666666666666,135.66666666666666,136.66666666666666,136.66666666666666,136.66666666666666,138.66666666666666,137.66666666666666,135.66666666666666,134.66666666666666,133.66666666666666,134.66666666666666,135.66666666666666,135.66666666666666,138.66666666666666,137.66666666666666,136.66666666666666,136.66666666666666,136.66666666666666,136.66666666666666,137.66666666666666,138.66666666666666,141.66666666666666,140.66666666666666,139.66666666666666,140.66666666666666,140.66666666666666,140.66666666666666,138.66666666666666,136.66666666666666,137.66666666666666,136.66666666666666,134.66666666666666,133.66666666666666,133.66666666666666,136.66666666666666,139.66666666666666,141.66666666666666,144.66666666666666,139.66666666666666,135.66666666666666,135.66666666666666,138.66666666666666,140.66666666666666,138.66666666666666,135.66666666666666,139.33333333333334,139.33333333333334,139.33333333333334,137.33333333333334,136.33333333333334,136.33333333333334,139.33333333333334,141.33333333333334,138.33333333333334,138.33333333333334,138.33333333333334,138.33333333333334,138.33333333333334,138.33333333333334,138.33333333333334,138.33333333333334,135.33333333333334,135.33333333333334,135.33333333333334,136.33333333333334,136.33333333333334,137.33333333333334,137.33333333333334,137.33333333333334,140.33333333333334,139.33333333333334,139.33333333333334,138.33333333333334,138.33333333333334,137.33333333333334,137.33333333333334,136.33333333333334,136.66666666666666,136.66666666666666,137.66666666666666,138.66666666666666,139.66666666666666,139.66666666666666,139.66666666666666,139.66666666666666,137.66666666666666,138.66666666666666,140.66666666666666,142.66666666666666,142.66666666666666,142.66666666666666,141.66666666666666,140.66666666666666,145.66666666666666,142.66666666666666,140.66666666666666,140.66666666666666,141.66666666666666,140.66666666666666,137.66666666666666,133.66666666666666,137.66666666666666,138.66666666666666,139.66666666666666,140.66666666666666,140.66666666666666,140.66666666666666,140.66666666666666,140.66666666666666,135.66666666666666,136.66666666666666,138.66666666666666,139.66666666666666,141.66666666666666,142.66666666666666,142.66666666666666,142.66666666666666,143.66666666666666,145.66666666666666,143.66666666666666,139.66666666666666,137.66666666666666,140.66666666666666,141.66666666666666,139.66666666666666,141.66666666666666,141.66666666666666,141.66666666666666,141.66666666666666,139.66666666666666,138.66666666666666,123.66666666666667,129.66666666666666,134.66666666666666,135.66666666666666,132.66666666666666,129.66666666666666,131.66666666666666,133.66666666666666,132.66666666666666,132.66666666666666,133.66666666666666,134.66666666666666,134.66666666666666,134.66666666666666,133.66666666666666,133.66666666666666,134.66666666666666,134.66666666666666,134.66666666666666,135.66666666666666,135.66666666666666,136.66666666666666,136.66666666666666,136.66666666666666,139.66666666666666,138.66666666666666,136.66666666666666,134.66666666666666,133.66666666666666,133.66666666666666,134.66666666666666,134.66666666666666,137.66666666666666,137.66666666666666,138.66666666666666,138.66666666666666,138.66666666666666,138.66666666666666,137.66666666666666,137.66666666666666,139.66666666666666,138.66666666666666,138.66666666666666,139.66666666666666,140.66666666666666,140.66666666666666,138.66666666666666,136.66666666666666,133.66666666666666,133.66666666666666,134.66666666666666,136.66666666666666,137.66666666666666,139.66666666666666,141.66666666666666,142.66666666666666,144.66666666666666,139.66666666666666,135.66666666666666,135.66666666666666,139.66666666666666,141.66666666666666,139.66666666666666,136.66666666666666,138.33333333333334,138.33333333333334,138.33333333333334,137.33333333333334,135.33333333333334,136.33333333333334,138.33333333333334,140.33333333333334,141.33333333333334,141.33333333333334,141.33333333333334,141.33333333333334,141.33333333333334,141.33333333333334,141.33333333333334,141.33333333333334,135.33333333333334,135.33333333333334,135.33333333333334,136.33333333333334,136.33333333333334,137.33333333333334,137.33333333333334,137.33333333333334,139.33333333333334,138.33333333333334,138.33333333333334,138.33333333333334,138.33333333333334,138.33333333333334,137.33333333333334,137.33333333333334,136.66666666666666,136.66666666666666,137.66666666666666,138.66666666666666,138.66666666666666,138.66666666666666,137.66666666666666,137.66666666666666,134.66666666666666,135.66666666666666,136.66666666666666,137.66666666666666,137.66666666666666,137.66666666666666,137.66666666666666,137.66666666666666,142.66666666666666,140.66666666666666,139.66666666666666,140.66666666666666,141.66666666666666,141.66666666666666,138.66666666666666,135.66666666666666,136.66666666666666,137.66666666666666,138.66666666666666,139.66666666666666,139.66666666666666,139.66666666666666,139.66666666666666,139.66666666666666,134.66666666666666,135.66666666666666,137.66666666666666,138.66666666666666,140.66666666666666,140.66666666666666,141.66666666666666,141.66666666666666,141.66666666666666,144.66666666666666,143.66666666666666,138.66666666666666,136.66666666666666,138.66666666666666,139.66666666666666,137.66666666666666,138.66666666666666,138.66666666666666,139.66666666666666,139.66666666666666,139.66666666666666,138.66666666666666,120.66666666666667,126.66666666666667,132.66666666666666,135.66666666666666,133.66666666666666,130.66666666666666,129.66666666666666,130.66666666666666,131.66666666666666,131.66666666666666,133.66666666666666,134.66666666666666,134.66666666666666,134.66666666666666,134.66666666666666,134.66666666666666,134.66666666666666,134.66666666666666,134.66666666666666,135.66666666666666,135.66666666666666,136.66666666666666,136.66666666666666,136.66666666666666,138.66666666666666,137.66666666666666,136.66666666666666,135.66666666666666,134.66666666666666,133.66666666666666,133.66666666666666,134.66666666666666,137.66666666666666,138.66666666666666,139.66666666666666,140.66666666666666,140.66666666666666,139.66666666666666,138.66666666666666,137.66666666666666,137.66666666666666,136.66666666666666,136.66666666666666,137.66666666666666,139.66666666666666,139.66666666666666,138.66666666666666,136.66666666666666,132.66666666666666,134.66666666666666,136.66666666666666,138.66666666666666,139.66666666666666,140.66666666666666,139.66666666666666,139.66666666666666,142.66666666666666,138.66666666666666,135.66666666666666,136.66666666666666,138.66666666666666,140.66666666666666,138.66666666666666,136.66666666666666,136.33333333333334,137.33333333333334,138.33333333333334,136.33333333333334,135.33333333333334,135.33333333333334,137.33333333333334,139.33333333333334,141.33333333333334,141.33333333333334,141.33333333333334,141.33333333333334,141.33333333333334,141.33333333333334,141.33333333333334,141.33333333333334,135.33333333333334,135.33333333333334,136.33333333333334,136.33333333333334,136.33333333333334,136.33333333333334,137.33333333333334,137.33333333333334,137.33333333333334,137.33333333333334,137.33333333333334,137.33333333333334,138.33333333333334,138.33333333333334,138.33333333333334,138.33333333333334,137.66666666666666,137.66666666666666,137.66666666666666,137.66666666666666,137.66666666666666,137.66666666666666,136.66666666666666,136.66666666666666,134.66666666666666,134.66666666666666,133.66666666666666,133.66666666666666,134.66666666666666,134.66666666666666,135.66666666666666,136.66666666666666,138.66666666666666,137.66666666666666,137.66666666666666,138.66666666666666,139.66666666666666,139.66666666666666,138.66666666666666,136.66666666666666,135.66666666666666,136.66666666666666,137.66666666666666,138.66666666666666,138.66666666666666,138.66666666666666,137.66666666666666,137.66666666666666,133.66666666666666,134.66666666666666,135.66666666666666,137.66666666666666,138.66666666666666,139.66666666666666,139.66666666666666,139.66666666666666,138.66666666666666,143.66666666666666,143.66666666666666,139.66666666666666,136.66666666666666,136.66666666666666,136.66666666666666,134.66666666666666,135.66666666666666,135.66666666666666,136.66666666666666,137.66666666666666,138.66666666666666,138.66666666666666,124.66666666666667,128.66666666666666,132.66666666666666,133.66666666666666,131.66666666666666,130.66666666666666,129.66666666666666,130.66666666666666,130.66666666666666,131.66666666666666,132.66666666666666,133.66666666666666,134.66666666666666,134.66666666666666,134.66666666666666,134.66666666666666,134.66666666666666,134.66666666666666,134.66666666666666,135.66666666666666,135.66666666666666,136.66666666666666,136.66666666666666,136.66666666666666,135.66666666666666,135.66666666666666,135.66666666666666,135.66666666666666,135.66666666666666,135.66666666666666,135.66666666666666,135.66666666666666,137.66666666666666,138.66666666666666,140.66666666666666,142.66666666666666,142.66666666666666,140.66666666666666,138.66666666666666,137.66666666666666,135.66666666666666,134.66666666666666,134.66666666666666,136.66666666666666,138.66666666666666,139.66666666666666,137.66666666666666,136.66666666666666,137.66666666666666,137.66666666666666,137.66666666666666,137.66666666666666,137.66666666666666,136.66666666666666,135.66666666666666,134.66666666666666,138.66666666666666,136.66666666666666,134.66666666666666,135.66666666666666,137.66666666666666,138.66666666666666,136.66666666666666,134.66666666666666,135.33333333333334,136.33333333333334,137.33333333333334,136.33333333333334,135.33333333333334,134.33333333333334,136.33333333333334,137.33333333333334,139.33333333333334,139.33333333333334,139.33333333333334,139.33333333333334,139.33333333333334,139.33333333333334,139.33333333333334,139.33333333333334,136.33333333333334,136.33333333333334,136.33333333333334,136.33333333333334,136.33333333333334,136.33333333333334,136.33333333333334,136.33333333333334,136.33333333333334,136.33333333333334,136.33333333333334,137.33333333333334,138.33333333333334,138.33333333333334,139.33333333333334,139.33333333333334,140.66666666666666,139.66666666666666,138.66666666666666,137.66666666666666,137.66666666666666,137.66666666666666,136.66666666666666,137.66666666666666,138.66666666666666,137.66666666666666,135.66666666666666,135.66666666666666,135.66666666666666,136.66666666666666,137.66666666666666,138.66666666666666,137.66666666666666,137.66666666666666,137.66666666666666,137.66666666666666,137.66666666666666,137.66666666666666,136.66666666666666,134.66666666666666,135.66666666666666,135.66666666666666,136.66666666666666,137.66666666666666,137.66666666666666,137.66666666666666,136.66666666666666,136.66666666666666,132.66666666666666,133.66666666666666,134.66666666666666,136.66666666666666,137.66666666666666,137.66666666666666,137.66666666666666,137.66666666666666,137.66666666666666,143.66666666666666,146.66666666666666,142.66666666666666,137.66666666666666,137.66666666666666,135.66666666666666,133.66666666666666,134.66666666666666,135.66666666666666,136.66666666666666,136.66666666666666,136.66666666666666,136.66666666666666,131.66666666666666,131.66666666666666,131.66666666666666,130.66666666666666,129.66666666666666,129.66666666666666,130.66666666666666,132.66666666666666,131.66666666666666,132.66666666666666,133.66666666666666,134.66666666666666,134.66666666666666,134.66666666666666,134.66666666666666,133.66666666666666,134.66666666666666,134.66666666666666,134.66666666666666,135.66666666666666,135.66666666666666,136.66666666666666,136.66666666666666,136.66666666666666,132.66666666666666,132.66666666666666,133.66666666666666,135.66666666666666,136.66666666666666,137.66666666666666,137.66666666666666,138.66666666666666,137.66666666666666,138.66666666666666,140.66666666666666,142.66666666666666,142.66666666666666,140.66666666666666,138.66666666666666,137.66666666666666,134.66666666666666,134.66666666666666,134.66666666666666,135.66666666666666,138.66666666666666,138.66666666666666,137.66666666666666,135.66666666666666,139.66666666666666,138.66666666666666,135.66666666666666,133.66666666666666,133.66666666666666,134.66666666666666,135.66666666666666,136.66666666666666,134.66666666666666,133.66666666666666,133.66666666666666,134.66666666666666,135.66666666666666,135.66666666666666,134.66666666666666,133.66666666666666,134.33333333333334,136.33333333333334,137.33333333333334,137.33333333333334,135.33333333333334,135.33333333333334,135.33333333333334,137.33333333333334,139.33333333333334,139.33333333333334,139.33333333333334,139.33333333333334,139.33333333333334,139.33333333333334,139.33333333333334,139.33333333333334,136.33333333333334,136.33333333333334,136.33333333333334,136.33333333333334,136.33333333333334,136.33333333333334,136.33333333333334,136.33333333333334,135.33333333333334,135.33333333333334,136.33333333333334,136.33333333333334,137.33333333333334,138.33333333333334,138.33333333333334,138.33333333333334,141.66666666666666,140.66666666666666,139.66666666666666,138.66666666666666,137.66666666666666,137.66666666666666,138.66666666666666,138.66666666666666,140.66666666666666,139.66666666666666,137.66666666666666,136.66666666666666,136.66666666666666,137.66666666666666,138.66666666666666,139.66666666666666,141.66666666666666,142.66666666666666,142.66666666666666,141.66666666666666,139.66666666666666,137.66666666666666,136.66666666666666,136.66666666666666,135.66666666666666,136.66666666666666,136.66666666666666,137.66666666666666,136.66666666666666,136.66666666666666,135.66666666666666,135.66666666666666,132.66666666666666,133.66666666666666,134.66666666666666,135.66666666666666,136.66666666666666,136.66666666666666,136.66666666666666,135.66666666666666,136.66666666666666,144.66666666666666,149.66666666666666,146.66666666666666,141.66666666666666,139.66666666666666,137.66666666666666,135.66666666666666,136.66666666666666,136.66666666666666,136.66666666666666,136.66666666666666,135.66666666666666,133.66666666666666,133.66666666666666,132.66666666666666,130.66666666666666,128.66666666666666,128.66666666666666,130.66666666666666,132.66666666666666,133.66666666666666,132.66666666666666,133.66666666666666,133.66666666666666,134.66666666666666,134.66666666666666,133.66666666666666,133.66666666666666,132.66666666666666,134.66666666666666,134.66666666666666,134.66666666666666,135.66666666666666,135.66666666666666,136.66666666666666,136.66666666666666,136.66666666666666,130.66666666666666,132.66666666666666,133.66666666666666,135.66666666666666,137.66666666666666,137.66666666666666,138.66666666666666,138.66666666666666,137.66666666666666,138.66666666666666,139.66666666666666,140.66666666666666,140.66666666666666,139.66666666666666,138.66666666666666,137.66666666666666,136.66666666666666,135.66666666666666,135.66666666666666,136.66666666666666,138.66666666666666,138.66666666666666,136.66666666666666,135.66666666666666,136.66666666666666,134.66666666666666,133.66666666666666,132.66666666666666,133.66666666666666,136.66666666666666,140.66666666666666,143.66666666666666,131.66666666666666,132.66666666666666,133.66666666666666,134.66666666666666,134.66666666666666,134.66666666666666,133.66666666666666,133.66666666666666,134.33333333333334,136.33333333333334,138.33333333333334,138.33333333333334,137.33333333333334,136.33333333333334,136.33333333333334,137.33333333333334,140.33333333333334,140.33333333333334,140.33333333333334,140.33333333333334,140.33333333333334,140.33333333333334,140.33333333333334,140.33333333333334,137.33333333333334,137.33333333333334,136.33333333333334,136.33333333333334,136.33333333333334,136.33333333333334,135.33333333333334,135.33333333333334,136.33333333333334,136.33333333333334,136.33333333333334,136.33333333333334,137.33333333333334,137.33333333333334,137.33333333333334,137.33333333333334,140.66666666666666,139.66666666666666,138.66666666666666,137.66666666666666,136.66666666666666,137.66666666666666,138.66666666666666,139.66666666666666,138.66666666666666,138.66666666666666,137.66666666666666,136.66666666666666,136.66666666666666,136.66666666666666,136.66666666666666,136.66666666666666,145.66666666666666,146.66666666666666,147.66666666666666,145.66666666666666,142.66666666666666,139.66666666666666,138.66666666666666,139.66666666666666,136.66666666666666,136.66666666666666,137.66666666666666,137.66666666666666,137.66666666666666,136.66666666666666,135.66666666666666,134.66666666666666,132.66666666666666,133.66666666666666,134.66666666666666,135.66666666666666,135.66666666666666,135.66666666666666,135.66666666666666,135.66666666666666,134.66666666666666,144.66666666666666,152.66666666666666,150.66666666666666,145.66666666666666,142.66666666666666,140.66666666666666,137.66666666666666,137.66666666666666,137.66666666666666,136.66666666666666,136.66666666666666,135.66666666666666,133.66666666666666,127.66666666666667,127.66666666666667,126.66666666666667,127.66666666666667,129.66666666666666,132.66666666666666,133.66666666666666,133.66666666666666,134.66666666666666,134.66666666666666,134.66666666666666,134.66666666666666,133.66666666666666,132.66666666666666,131.66666666666666,130.66666666666666,134.66666666666666,134.66666666666666,134.66666666666666,135.66666666666666,135.66666666666666,136.66666666666666,136.66666666666666,136.66666666666666,133.66666666666666,134.66666666666666,135.66666666666666,136.66666666666666,137.66666666666666,136.66666666666666,135.66666666666666,135.66666666666666,137.66666666666666,137.66666666666666,138.66666666666666,138.66666666666666,138.66666666666666,138.66666666666666,137.66666666666666,137.66666666666666,138.66666666666666,137.66666666666666,136.66666666666666,137.66666666666666,138.66666666666666,138.66666666666666,136.66666666666666,134.66666666666666,135.66666666666666,135.66666666666666,135.66666666666666,136.66666666666666,138.66666666666666,140.66666666666666,143.66666666666666,144.66666666666666,131.66666666666666,133.66666666666666,135.66666666666666,136.66666666666666,136.66666666666666,135.66666666666666,135.66666666666666,135.66666666666666,135.33333333333334,137.33333333333334,139.33333333333334,140.33333333333334,138.33333333333334,137.33333333333334,137.33333333333334,137.33333333333334,139.33333333333334,139.33333333333334,139.33333333333334,139.33333333333334,139.33333333333334,139.33333333333334,139.33333333333334,139.33333333333334,137.33333333333334,137.33333333333334,137.33333333333334,136.33333333333334,136.33333333333334,135.33333333333334,135.33333333333334,135.33333333333334,137.33333333333334,137.33333333333334,136.33333333333334,136.33333333333334,136.33333333333334,136.33333333333334,136.33333333333334,135.33333333333334,137.66666666666666,136.66666666666666,135.66666666666666,134.66666666666666,134.66666666666666,135.66666666666666,137.66666666666666,139.66666666666666,137.66666666666666,137.66666666666666,138.66666666666666,138.66666666666666,137.66666666666666,136.66666666666666,135.66666666666666,135.66666666666666,141.66666666666666,143.66666666666666,144.66666666666666,143.66666666666666,140.66666666666666,137.66666666666666,138.66666666666666,139.66666666666666,137.66666666666666,137.66666666666666,138.66666666666666,138.66666666666666,137.66666666666666,136.66666666666666,135.66666666666666,135.66666666666666,133.66666666666666,134.66666666666666,135.66666666666666,135.66666666666666,136.66666666666666,136.66666666666666,135.66666666666666,135.66666666666666,131.66666666666666,143.66666666666666,153.66666666666666,152.66666666666666,147.66666666666666,143.66666666666666,141.66666666666666,139.66666666666666,135.66666666666666,136.66666666666666,136.66666666666666,136.66666666666666,135.66666666666666,134.66666666666666,120.66666666666667,121.66666666666667,124.66666666666667,127.66666666666667,131.66666666666666,133.66666666666666,133.66666666666666,133.66666666666666,135.66666666666666,135.66666666666666,135.66666666666666,134.66666666666666,133.66666666666666,132.66666666666666,130.66666666666666,129.66666666666666,134.66666666666666,134.66666666666666,134.66666666666666,135.66666666666666,135.66666666666666,136.66666666666666,136.66666666666666,136.66666666666666,135.66666666666666,136.66666666666666,137.66666666666666,137.66666666666666,136.66666666666666,135.66666666666666,133.66666666666666,131.66666666666666,138.66666666666666,137.66666666666666,136.66666666666666,136.66666666666666,136.66666666666666,136.66666666666666,137.66666666666666,138.66666666666666,139.66666666666666,138.66666666666666,137.66666666666666,137.66666666666666,138.66666666666666,138.66666666666666,136.66666666666666,133.66666666666666,137.66666666666666,138.66666666666666,140.66666666666666,141.66666666666666,142.66666666666666,142.66666666666666,141.66666666666666,141.66666666666666,132.66666666666666,134.66666666666666,137.66666666666666,138.66666666666666,137.66666666666666,137.66666666666666,136.66666666666666,137.66666666666666,135.33333333333334,138.33333333333334,140.33333333333334,141.33333333333334,139.33333333333334,137.33333333333334,137.33333333333334,138.33333333333334,136.33333333333334,136.33333333333334,136.33333333333334,136.33333333333334,136.33333333333334,136.33333333333334,136.33333333333334,136.33333333333334,137.33333333333334,137.33333333333334,137.33333333333334,136.33333333333334,136.33333333333334,135.33333333333334,135.33333333333334,135.33333333333334,138.33333333333334,137.33333333333334,137.33333333333334,136.33333333333334,136.33333333333334,135.33333333333334,135.33333333333334,134.33333333333334,135.66666666666666,133.66666666666666,132.66666666666666,131.66666666666666,132.66666666666666,134.66666666666666,136.66666666666666,138.66666666666666,138.66666666666666,139.66666666666666,140.66666666666666,140.66666666666666,140.66666666666666,138.66666666666666,136.66666666666666,135.66666666666666,133.66666666666666,136.66666666666666,139.66666666666666,138.66666666666666,135.66666666666666,134.66666666666666,135.66666666666666,137.66666666666666,138.66666666666666,138.66666666666666,138.66666666666666,138.66666666666666,138.66666666666666,137.66666666666666,136.66666666666666,135.66666666666666,134.66666666666666,134.66666666666666,135.66666666666666,136.66666666666666,136.66666666666666,136.66666666666666,135.66666666666666,135.66666666666666,128.66666666666666,142.66666666666666,153.66666666666666,152.66666666666666,147.66666666666666,143.66666666666666,141.66666666666666,139.66666666666666,133.66666666666666,134.66666666666666,135.66666666666666,136.66666666666666,136.66666666666666,136.66666666666666,132.66666666666666,131.66666666666666,128.66666666666666,127.66666666666667,126.66666666666667,127.66666666666667,129.66666666666666,131.66666666666666,134.66666666666666,132.66666666666666,130.66666666666666,128.66666666666666,128.66666666666666,130.66666666666666,132.66666666666666,133.66666666666666,133.66666666666666,133.66666666666666,133.66666666666666,133.66666666666666,133.66666666666666,133.66666666666666,133.66666666666666,133.66666666666666,135.66666666666666,135.66666666666666,135.66666666666666,135.66666666666666,135.66666666666666,135.66666666666666,135.66666666666666,135.66666666666666,141.66666666666666,140.66666666666666,137.66666666666666,136.66666666666666,136.66666666666666,138.66666666666666,141.66666666666666,143.66666666666666,141.66666666666666,139.66666666666666,137.66666666666666,137.66666666666666,139.66666666666666,139.66666666666666,138.66666666666666,136.66666666666666,137.66666666666666,137.66666666666666,137.66666666666666,137.66666666666666,137.66666666666666,137.66666666666666,137.66666666666666,137.66666666666666,133.66666666666666,134.66666666666666,136.66666666666666,137.66666666666666,137.66666666666666,136.66666666666666,134.66666666666666,133.66666666666666,139.33333333333334,139.33333333333334,138.33333333333334,138.33333333333334,138.33333333333334,138.33333333333334,138.33333333333334,138.33333333333334,136.33333333333334,137.33333333333334,139.33333333333334,140.33333333333334,139.33333333333334,137.33333333333334,135.33333333333334,133.33333333333334,137.33333333333334,137.33333333333334,137.33333333333334,137.33333333333334,137.33333333333334,137.33333333333334,137.33333333333334,137.33333333333334,137.33333333333334,138.33333333333334,138.33333333333334,138.33333333333334,138.33333333333334,137.33333333333334,136.33333333333334,135.33333333333334,133.66666666666666,132.66666666666666,132.66666666666666,133.66666666666666,134.66666666666666,135.66666666666666,136.66666666666666,137.66666666666666,137.66666666666666,136.66666666666666,136.66666666666666,138.66666666666666,140.66666666666666,140.66666666666666,139.66666666666666,137.66666666666666,131.66666666666666,132.66666666666666,134.66666666666666,135.66666666666666,136.66666666666666,137.66666666666666,137.66666666666666,136.66666666666666,136.66666666666666,137.66666666666666,138.66666666666666,139.66666666666666,138.66666666666666,135.66666666666666,133.66666666666666,131.66666666666666,137.66666666666666,136.66666666666666,134.66666666666666,133.66666666666666,132.66666666666666,133.66666666666666,134.66666666666666,135.66666666666666,133.66666666666666,136.66666666666666,141.66666666666666,145.66666666666666,146.66666666666666,144.66666666666666,140.66666666666666,138.66666666666666,139.33333333333334,137.33333333333334,135.33333333333334,134.33333333333334,133.33333333333334,133.33333333333334,129.66666666666666,128.66666666666666,128.66666666666666,128.66666666666666,128.66666666666666,130.66666666666666,131.66666666666666,132.66666666666666,133.66666666666666,132.66666666666666,131.66666666666666,130.66666666666666,130.66666666666666,131.66666666666666,132.66666666666666,133.66666666666666,135.66666666666666,135.66666666666666,135.66666666666666,135.66666666666666,135.66666666666666,135.66666666666666,135.66666666666666,135.66666666666666,135.66666666666666,135.66666666666666,134.66666666666666,134.66666666666666,134.66666666666666,134.66666666666666,135.66666666666666,135.66666666666666,140.66666666666666,140.66666666666666,139.66666666666666,139.66666666666666,138.66666666666666,138.66666666666666,138.66666666666666,138.66666666666666,136.66666666666666,138.66666666666666,140.66666666666666,139.66666666666666,136.66666666666666,134.66666666666666,136.66666666666666,138.66666666666666,135.66666666666666,135.66666666666666,135.66666666666666,135.66666666666666,135.66666666666666,135.66666666666666,135.66666666666666,135.66666666666666,135.66666666666666,135.66666666666666,135.66666666666666,134.66666666666666,134.66666666666666,135.66666666666666,135.66666666666666,135.66666666666666,140.33333333333334,138.33333333333334,136.33333333333334,135.33333333333334,134.33333333333334,136.33333333333334,138.33333333333334,140.33333333333334,135.33333333333334,137.33333333333334,138.33333333333334,139.33333333333334,139.33333333333334,137.33333333333334,135.33333333333334,134.33333333333334,137.33333333333334,137.33333333333334,137.33333333333334,137.33333333333334,137.33333333333334,137.33333333333334,137.33333333333334,137.33333333333334,136.33333333333334,137.33333333333334,137.33333333333334,137.33333333333334,137.33333333333334,136.33333333333334,135.33333333333334,134.33333333333334,135.66666666666666,135.66666666666666,135.66666666666666,135.66666666666666,136.66666666666666,137.66666666666666,139.66666666666666,140.66666666666666,139.66666666666666,138.66666666666666,138.66666666666666,139.66666666666666,141.66666666666666,142.66666666666666,140.66666666666666,138.66666666666666,135.66666666666666,135.66666666666666,136.66666666666666,137.66666666666666,138.66666666666666,138.66666666666666,139.66666666666666,140.66666666666666,138.66666666666666,139.66666666666666,140.66666666666666,140.66666666666666,139.66666666666666,137.66666666666666,135.66666666666666,133.66666666666666,136.66666666666666,135.66666666666666,134.66666666666666,133.66666666666666,132.66666666666666,133.66666666666666,134.66666666666666,134.66666666666666,134.66666666666666,136.66666666666666,139.66666666666666,141.66666666666666,142.66666666666666,142.66666666666666,140.66666666666666,139.66666666666666,143.33333333333334,141.33333333333334,138.33333333333334,135.33333333333334,132.33333333333334,131.33333333333334,125.66666666666667,126.66666666666667,128.66666666666666,129.66666666666666,131.66666666666666,131.66666666666666,132.66666666666666,132.66666666666666,132.66666666666666,132.66666666666666,132.66666666666666,132.66666666666666,132.66666666666666,132.66666666666666,132.66666666666666,132.66666666666666,136.66666666666666,136.66666666666666,136.66666666666666,136.66666666666666,136.66666666666666,136.66666666666666,136.66666666666666,136.66666666666666,135.66666666666666,134.66666666666666,133.66666666666666,132.66666666666666,132.66666666666666,133.66666666666666,135.66666666666666,136.66666666666666,139.66666666666666,140.66666666666666,140.66666666666666,140.66666666666666,139.66666666666666,137.66666666666666,134.66666666666666,133.66666666666666,132.66666666666666,137.66666666666666,141.66666666666666,138.66666666666666,132.66666666666666,130.66666666666666,133.66666666666666,138.66666666666666,134.66666666666666,134.66666666666666,134.66666666666666,134.66666666666666,134.66666666666666,134.66666666666666,134.66666666666666,134.66666666666666,137.66666666666666,135.66666666666666,133.66666666666666,132.66666666666666,132.66666666666666,133.66666666666666,135.66666666666666,137.66666666666666,139.33333333333334,137.33333333333334,133.33333333333334,131.33333333333334,131.33333333333334,134.33333333333334,137.33333333333334,140.33333333333334,134.33333333333334,135.33333333333334,137.33333333333334,138.33333333333334,138.33333333333334,138.33333333333334,136.33333333333334,136.33333333333334,136.33333333333334,136.33333333333334,136.33333333333334,136.33333333333334,136.33333333333334,136.33333333333334,136.33333333333334,136.33333333333334,135.33333333333334,135.33333333333334,136.33333333333334,136.33333333333334,135.33333333333334,134.33333333333334,133.33333333333334,133.33333333333334,137.66666666666666,137.66666666666666,137.66666666666666,137.66666666666666,138.66666666666666,139.66666666666666,141.66666666666666,142.66666666666666,138.66666666666666,137.66666666666666,137.66666666666666,138.66666666666666,140.66666666666666,141.66666666666666,139.66666666666666,138.66666666666666,137.66666666666666,137.66666666666666,136.66666666666666,136.66666666666666,136.66666666666666,138.66666666666666,140.66666666666666,141.66666666666666,140.66666666666666,141.66666666666666,141.66666666666666,142.66666666666666,141.66666666666666,139.66666666666666,137.66666666666666,136.66666666666666,136.66666666666666,135.66666666666666,134.66666666666666,133.66666666666666,133.66666666666666,133.66666666666666,133.66666666666666,134.66666666666666,134.66666666666666,135.66666666666666,135.66666666666666,136.66666666666666,137.66666666666666,139.66666666666666,140.66666666666666,141.66666666666666,146.33333333333334,144.33333333333334,140.33333333333334,135.33333333333334,132.33333333333334,129.33333333333334,124.66666666666667,126.66666666666667,128.66666666666666,131.66666666666666,131.66666666666666,131.66666666666666,130.66666666666666,129.66666666666666,131.66666666666666,131.66666666666666,132.66666666666666,133.66666666666666,133.66666666666666,133.66666666666666,133.66666666666666,132.66666666666666,136.66666666666666,136.66666666666666,136.66666666666666,136.66666666666666,136.66666666666666,136.66666666666666,136.66666666666666,136.66666666666666,135.66666666666666,134.66666666666666,132.66666666666666,131.66666666666666,132.66666666666666,133.66666666666666,135.66666666666666,136.66666666666666,138.66666666666666,138.66666666666666,138.66666666666666,138.66666666666666,137.66666666666666,136.66666666666666,134.66666666666666,134.66666666666666,132.66666666666666,135.66666666666666,137.66666666666666,136.66666666666666,131.66666666666666,129.66666666666666,132.66666666666666,135.66666666666666,136.66666666666666,136.66666666666666,136.66666666666666,136.66666666666666,136.66666666666666,136.66666666666666,136.66666666666666,136.66666666666666,135.66666666666666,134.66666666666666,133.66666666666666,132.66666666666666,132.66666666666666,133.66666666666666,134.66666666666666,135.66666666666666,134.66666666666666,133.66666666666666,132.33333333333334,130.66666666666666,131.33333333333334,132.66666666666666,135.33333333333334,136.66666666666666,133.33333333333334,133.66666666666666,136.33333333333334,136.66666666666666,138.33333333333334,137.66666666666666,137.33333333333334,137.33333333333334,135.33333333333334,135.33333333333334,135.33333333333334,135.33333333333334,135.33333333333334,135.33333333333334,135.33333333333334,135.33333333333334,134.33333333333334,134.33333333333334,134.33333333333334,134.33333333333334,134.33333333333334,133.33333333333334,132.33333333333334,131.33333333333334,136.66666666666666,136.66666666666666,136.66666666666666,136.66666666666666,137.66666666666666,138.66666666666666,139.66666666666666,140.66666666666666,136.66666666666666,135.66666666666666,135.66666666666666,137.66666666666666,139.66666666666666,139.66666666666666,138.66666666666666,136.66666666666666,137.66666666666666,136.66666666666666,134.66666666666666,133.66666666666666,133.66666666666666,135.66666666666666,138.66666666666666,140.66666666666666,140.66666666666666,141.66666666666666,141.66666666666666,141.66666666666666,141.66666666666666,140.66666666666666,138.66666666666666,137.66666666666666,135.66666666666666,135.66666666666666,134.66666666666666,134.66666666666666,133.66666666666666,133.66666666666666,133.66666666666666,133.66666666666666,135.66666666666666,134.66666666666666,132.66666666666666,132.66666666666666,133.66666666666666,136.66666666666666,139.66666666666666,142.66666666666666,146.33333333333334,143.33333333333334,139.33333333333334,135.33333333333334,131.33333333333334,129.33333333333334,125.66666666666667,126.66666666666667,129.66666666666666,130.66666666666666,130.66666666666666,129.66666666666666,126.66666666666667,124.66666666666667,130.66666666666666,130.66666666666666,132.66666666666666,133.66666666666666,133.66666666666666,133.66666666666666,133.66666666666666,132.66666666666666,134.66666666666666,134.66666666666666,134.66666666666666,134.66666666666666,134.66666666666666,134.66666666666666,134.66666666666666,134.66666666666666,134.66666666666666,133.66666666666666,133.66666666666666,132.66666666666666,133.66666666666666,134.66666666666666,136.66666666666666,137.66666666666666,137.66666666666666,136.66666666666666,134.66666666666666,133.66666666666666,133.66666666666666,135.66666666666666,136.66666666666666,138.66666666666666,134.66666666666666,133.66666666666666,132.66666666666666,132.66666666666666,132.66666666666666,132.66666666666666,131.66666666666666,131.66666666666666,135.66666666666666,135.66666666666666,135.66666666666666,135.66666666666666,135.66666666666666,135.66666666666666,135.66666666666666,135.66666666666666,131.66666666666666,132.66666666666666,133.66666666666666,134.66666666666666,134.66666666666666,133.66666666666666,132.66666666666666,131.66666666666666,129.66666666666666,130.33333333333334,131.66666666666666,132.33333333333334,132.66666666666666,132.33333333333334,132.66666666666666,132.33333333333334,133.66666666666666,133.33333333333334,134.66666666666666,135.33333333333334,136.66666666666666,136.33333333333334,136.66666666666666,136.66666666666666,135.33333333333334,135.33333333333334,135.33333333333334,135.33333333333334,135.33333333333334,135.33333333333334,135.33333333333334,135.33333333333334,133.33333333333334,133.33333333333334,133.33333333333334,133.33333333333334,133.33333333333334,132.33333333333334,131.33333333333334,131.33333333333334,132.66666666666666,132.66666666666666,132.66666666666666,132.66666666666666,133.66666666666666,134.66666666666666,135.66666666666666,136.66666666666666,137.66666666666666,136.66666666666666,136.66666666666666,137.66666666666666,139.66666666666666,140.66666666666666,138.66666666666666,136.66666666666666,138.66666666666666,137.66666666666666,135.66666666666666,133.66666666666666,134.66666666666666,135.66666666666666,138.66666666666666,139.66666666666666,139.66666666666666,139.66666666666666,139.66666666666666,139.66666666666666,139.66666666666666,138.66666666666666,138.66666666666666,137.66666666666666,135.66666666666666,135.66666666666666,135.66666666666666,135.66666666666666,134.66666666666666,134.66666666666666,133.66666666666666,133.66666666666666,136.66666666666666,134.66666666666666,132.66666666666666,130.66666666666666,131.66666666666666,134.66666666666666,138.66666666666666,140.66666666666666,141.33333333333334,139.33333333333334,136.33333333333334,133.33333333333334,131.33333333333334,130.33333333333334,124.66666666666667,126.66666666666667,127.66666666666667,128.66666666666666,128.66666666666666,126.66666666666667,124.66666666666667,122.66666666666667,129.66666666666666,129.66666666666666,130.66666666666666,130.66666666666666,131.66666666666666,132.66666666666666,133.66666666666666,133.66666666666666,133.66666666666666,133.66666666666666,133.66666666666666,133.66666666666666,133.66666666666666,133.66666666666666,133.66666666666666,133.66666666666666,133.66666666666666,133.66666666666666,134.66666666666666,135.66666666666666,136.66666666666666,136.66666666666666,137.66666666666666,137.66666666666666,136.66666666666666,135.66666666666666,132.66666666666666,131.66666666666666,131.66666666666666,133.66666666666666,137.66666666666666,139.66666666666666,135.66666666666666,132.66666666666666,130.66666666666666,131.66666666666666,133.66666666666666,133.66666666666666,131.66666666666666,129.66666666666666,132.66666666666666,132.66666666666666,132.66666666666666,132.66666666666666,132.66666666666666,132.66666666666666,132.66666666666666,132.66666666666666,129.66666666666666,131.66666666666666,133.66666666666666,134.66666666666666,134.66666666666666,133.66666666666666,131.66666666666666,129.66666666666666,126.33333333333333,128.33333333333334,131.33333333333334,133.33333333333334,134.33333333333334,133.33333333333334,131.33333333333334,130.33333333333334,134.33333333333334,134.33333333333334,134.33333333333334,134.33333333333334,134.33333333333334,135.33333333333334,135.33333333333334,135.33333333333334,134.33333333333334,134.33333333333334,134.33333333333334,134.33333333333334,134.33333333333334,134.33333333333334,134.33333333333334,134.33333333333334,133.33333333333334,133.33333333333334,133.33333333333334,133.33333333333334,133.33333333333334,132.33333333333334,131.33333333333334,130.33333333333334,129.66666666666666,129.66666666666666,129.66666666666666,129.66666666666666,130.66666666666666,131.66666666666666,132.66666666666666,133.66666666666666,138.66666666666666,137.66666666666666,137.66666666666666,138.66666666666666,140.66666666666666,141.66666666666666,139.66666666666666,138.66666666666666,140.66666666666666,139.66666666666666,138.66666666666666,137.66666666666666,137.66666666666666,138.66666666666666,140.66666666666666,140.66666666666666,138.66666666666666,137.66666666666666,137.66666666666666,137.66666666666666,137.66666666666666,137.66666666666666,137.66666666666666,137.66666666666666,134.66666666666666,135.66666666666666,135.66666666666666,135.66666666666666,135.66666666666666,134.66666666666666,133.66666666666666,132.66666666666666,136.66666666666666,135.66666666666666,133.66666666666666,131.66666666666666,131.66666666666666,133.66666666666666,135.66666666666666,136.66666666666666,135.33333333333334,134.33333333333334,132.33333333333334,130.33333333333334,130.33333333333334,130.33333333333334,122.66666666666667,123.66666666666667,124.66666666666667,125.66666666666667,125.66666666666667,125.66666666666667,124.66666666666667,123.66666666666667,129.66666666666666,128.66666666666666,128.66666666666666,128.66666666666666,129.66666666666666,130.66666666666666,132.66666666666666,133.66666666666666,132.66666666666666,132.66666666666666,132.66666666666666,132.66666666666666,132.66666666666666,132.66666666666666,132.66666666666666,132.66666666666666,132.66666666666666,134.66666666666666,136.66666666666666,138.66666666666666,139.66666666666666,138.66666666666666,137.66666666666666,137.66666666666666,135.66666666666666,134.66666666666666,133.66666666666666,132.66666666666666,132.66666666666666,132.66666666666666,133.66666666666666,134.66666666666666,132.66666666666666,133.66666666666666,133.66666666666666,132.66666666666666,131.66666666666666,131.66666666666666,131.66666666666666,131.66666666666666,131.66666666666666,131.66666666666666,131.66666666666666,131.66666666666666,131.66666666666666,131.66666666666666,131.66666666666666,131.66666666666666,131.66666666666666,131.66666666666666,131.66666666666666,132.66666666666666,132.66666666666666,131.66666666666666,131.66666666666666,131.66666666666666,128.33333333333334,128.33333333333334,130.33333333333334,131.33333333333334,132.33333333333334,133.33333333333334,132.33333333333334,132.33333333333334,135.33333333333334,135.33333333333334,134.33333333333334,134.33333333333334,133.33333333333334,134.33333333333334,134.33333333333334,134.33333333333334,133.33333333333334,133.33333333333334,133.33333333333334,133.33333333333334,133.33333333333334,133.33333333333334,133.33333333333334,133.33333333333334,133.33333333333334,133.33333333333334,134.33333333333334,134.33333333333334,133.33333333333334,132.33333333333334,131.33333333333334,131.33333333333334,129.66666666666666,129.66666666666666,129.66666666666666,129.66666666666666,130.66666666666666,131.66666666666666,133.66666666666666,133.66666666666666,135.66666666666666,135.66666666666666,134.66666666666666,136.66666666666666,138.66666666666666,138.66666666666666,137.66666666666666,135.66666666666666,139.66666666666666,139.66666666666666,139.66666666666666,139.66666666666666,139.66666666666666,139.66666666666666,139.66666666666666,139.66666666666666,138.66666666666666,137.66666666666666,137.66666666666666,137.66666666666666,137.66666666666666,137.66666666666666,138.66666666666666,138.66666666666666,134.66666666666666,134.66666666666666,135.66666666666666,136.66666666666666,135.66666666666666,134.66666666666666,133.66666666666666,132.66666666666666,136.66666666666666,136.66666666666666,135.66666666666666,134.66666666666666,133.66666666666666,133.66666666666666,132.66666666666666,132.66666666666666,131.66666666666666,131.66666666666666,129.66666666666666,128.66666666666666,128.66666666666666,129.66666666666666,119.66666666666667,120.66666666666667,121.66666666666667,123.66666666666667,124.66666666666667,125.66666666666667,125.66666666666667,125.66666666666667,129.66666666666666,128.66666666666666,126.66666666666667,126.66666666666667,127.66666666666667,129.66666666666666,132.66666666666666,134.66666666666666,133.66666666666666,133.66666666666666,133.66666666666666,133.66666666666666,133.66666666666666,133.66666666666666,133.66666666666666,133.66666666666666,131.66666666666666,134.66666666666666,137.66666666666666,140.66666666666666,141.66666666666666,140.66666666666666,138.66666666666666,136.66666666666666,134.66666666666666,135.66666666666666,135.66666666666666,135.66666666666666,134.66666666666666,132.66666666666666,130.66666666666666,129.66666666666666,129.66666666666666,134.66666666666666,137.66666666666666,135.66666666666666,129.66666666666666,127.66666666666667,130.66666666666666,135.66666666666666,133.66666666666666,133.66666666666666,133.66666666666666,133.66666666666666,133.66666666666666,133.66666666666666,133.66666666666666,133.66666666666666,133.66666666666666,132.66666666666666,130.66666666666666,129.66666666666666,129.66666666666666,130.66666666666666,132.66666666666666,133.66666666666666,130.33333333333334,129.33333333333334,129.33333333333334,129.33333333333334,130.33333333333334,132.33333333333334,134.33333333333334,135.33333333333334,136.33333333333334,136.33333333333334,135.33333333333334,134.33333333333334,133.33333333333334,133.33333333333334,133.33333333333334,133.33333333333334,133.33333333333334,133.33333333333334,133.33333333333334,133.33333333333334,133.33333333333334,133.33333333333334,133.33333333333334,133.33333333333334,133.33333333333334,134.33333333333334,134.33333333333334,134.33333333333334,134.33333333333334,133.33333333333334,132.33333333333334,131.33333333333334,131.66666666666666,130.66666666666666,130.66666666666666,131.66666666666666,131.66666666666666,133.66666666666666,134.66666666666666,135.66666666666666,131.66666666666666,130.66666666666666,130.66666666666666,131.66666666666666,133.66666666666666,134.66666666666666,132.66666666666666,131.66666666666666,136.66666666666666,137.66666666666666,137.66666666666666,138.66666666666666,138.66666666666666,137.66666666666666,136.66666666666666,136.66666666666666,138.66666666666666,138.66666666666666,137.66666666666666,137.66666666666666,137.66666666666666,138.66666666666666,139.66666666666666,139.66666666666666,133.66666666666666,134.66666666666666,135.66666666666666,136.66666666666666,135.66666666666666,134.66666666666666,132.66666666666666,131.66666666666666,136.66666666666666,136.66666666666666,137.66666666666666,137.66666666666666,135.66666666666666,133.66666666666666,130.66666666666666,129.66666666666666,130.66666666666666,129.66666666666666,128.66666666666666,127.66666666666667,127.66666666666667,128.66666666666666,126.66666666666667,125.66666666666667,124.66666666666667,123.66666666666667,122.66666666666667,123.66666666666667,124.66666666666667,125.66666666666667,129.66666666666666,128.66666666666666,128.66666666666666,128.66666666666666,129.66666666666666,131.66666666666666,133.66666666666666,135.66666666666666,133.66666666666666,134.66666666666666,135.66666666666666,136.66666666666666,136.66666666666666,136.66666666666666,136.66666666666666,135.66666666666666,133.66666666666666,135.66666666666666,137.66666666666666,137.66666666666666,136.66666666666666,136.66666666666666,137.66666666666666,138.66666666666666,136.66666666666666,135.66666666666666,135.66666666666666,134.66666666666666,133.66666666666666,132.66666666666666,131.66666666666666,131.66666666666666,132.66666666666666,131.66666666666666,130.66666666666666,129.66666666666666,130.66666666666666,131.66666666666666,133.66666666666666,134.66666666666666,133.66666666666666,136.66666666666666,136.66666666666666,133.66666666666666,133.66666666666666,136.66666666666666,136.66666666666666,133.66666666666666,130.66666666666666,135.66666666666666,138.66666666666666,134.66666666666666,128.66666666666666,128.66666666666666,136.66666666666666,145.66666666666666,136.33333333333334,136.33333333333334,136.33333333333334,136.33333333333334,135.33333333333334,134.33333333333334,133.33333333333334,133.33333333333334,135.33333333333334,135.33333333333334,133.33333333333334,132.33333333333334,131.33333333333334,131.33333333333334,132.33333333333334,132.33333333333334,141.33333333333334,139.33333333333334,136.33333333333334,134.33333333333334,134.33333333333334,135.33333333333334,138.33333333333334,140.33333333333334,135.33333333333334,134.33333333333334,134.33333333333334,135.33333333333334,135.33333333333334,137.33333333333334,138.33333333333334,138.33333333333334,128.66666666666666,129.66666666666666,131.66666666666666,133.66666666666666,134.66666666666666,134.66666666666666,133.66666666666666,132.66666666666666,132.66666666666666,132.66666666666666,132.66666666666666,133.66666666666666,133.66666666666666,134.66666666666666,134.66666666666666,134.66666666666666,132.66666666666666,134.66666666666666,136.66666666666666,136.66666666666666,135.66666666666666,135.66666666666666,135.66666666666666,136.66666666666666,136.66666666666666,136.66666666666666,136.66666666666666,136.66666666666666,136.66666666666666,136.66666666666666,136.66666666666666,136.66666666666666,136.66666666666666,137.66666666666666,138.66666666666666,138.66666666666666,137.66666666666666,135.66666666666666,133.66666666666666,132.66666666666666,135.66666666666666,133.66666666666666,131.66666666666666,133.66666666666666,136.66666666666666,136.66666666666666,134.66666666666666,131.66666666666666,126.66666666666667,128.66666666666666,131.66666666666666,134.66666666666666,135.66666666666666,134.66666666666666,125.66666666666667,124.66666666666667,123.66666666666667,123.66666666666667,123.66666666666667,124.66666666666667,125.66666666666667,126.66666666666667,130.66666666666666,130.66666666666666,129.66666666666666,128.66666666666666,128.66666666666666,129.66666666666666,131.66666666666666,131.66666666666666,131.66666666666666,132.66666666666666,133.66666666666666,134.66666666666666,134.66666666666666,134.66666666666666,134.66666666666666,133.66666666666666,135.66666666666666,136.66666666666666,137.66666666666666,136.66666666666666,135.66666666666666,135.66666666666666,138.66666666666666,140.66666666666666,135.66666666666666,135.66666666666666,134.66666666666666,134.66666666666666,133.66666666666666,132.66666666666666,132.66666666666666,132.66666666666666,131.66666666666666,131.66666666666666,130.66666666666666,130.66666666666666,130.66666666666666,131.66666666666666,132.66666666666666,132.66666666666666,129.66666666666666,132.66666666666666,132.66666666666666,129.66666666666666,129.66666666666666,132.66666666666666,132.66666666666666,129.66666666666666,134.66666666666666,138.66666666666666,141.66666666666666,139.66666666666666,134.66666666666666,132.66666666666666,135.66666666666666,138.66666666666666,134.66666666666666,135.33333333333334,137.66666666666666,138.33333333333334,138.66666666666666,138.33333333333334,136.66666666666666,136.33333333333334,128.66666666666666,128.33333333333334,129.66666666666666,129.33333333333334,130.66666666666666,130.33333333333334,130.66666666666666,130.66666666666666,137.33333333333334,135.33333333333334,132.33333333333334,130.33333333333334,131.33333333333334,133.33333333333334,136.33333333333334,138.33333333333334,133.33333333333334,133.33333333333334,132.33333333333334,131.33333333333334,131.33333333333334,133.33333333333334,134.33333333333334,135.33333333333334,133.66666666666666,133.66666666666666,133.66666666666666,133.66666666666666,132.66666666666666,130.66666666666666,129.66666666666666,128.66666666666666,130.66666666666666,130.66666666666666,131.66666666666666,132.66666666666666,132.66666666666666,133.66666666666666,133.66666666666666,134.66666666666666,132.66666666666666,134.66666666666666,136.66666666666666,136.66666666666666,135.66666666666666,135.66666666666666,135.66666666666666,136.66666666666666,135.66666666666666,135.66666666666666,135.66666666666666,136.66666666666666,136.66666666666666,136.66666666666666,136.66666666666666,136.66666666666666,135.66666666666666,135.66666666666666,136.66666666666666,136.66666666666666,135.66666666666666,134.66666666666666,133.66666666666666,132.66666666666666,126.66666666666667,127.66666666666667,129.66666666666666,132.66666666666666,135.66666666666666,133.66666666666666,129.66666666666666,124.66666666666667,126.66666666666667,129.66666666666666,132.66666666666666,136.66666666666666,137.66666666666666,137.66666666666666,123.66666666666667,123.66666666666667,123.66666666666667,123.66666666666667,123.66666666666667,125.66666666666667,126.66666666666667,127.66666666666667,131.66666666666666,130.66666666666666,129.66666666666666,128.66666666666666,127.66666666666667,128.66666666666666,128.66666666666666,128.66666666666666,129.66666666666666,130.66666666666666,131.66666666666666,132.66666666666666,132.66666666666666,132.66666666666666,132.66666666666666,132.66666666666666,134.66666666666666,135.66666666666666,135.66666666666666,134.66666666666666,132.66666666666666,133.66666666666666,136.66666666666666,138.66666666666666,133.66666666666666,133.66666666666666,133.66666666666666,133.66666666666666,133.66666666666666,133.66666666666666,133.66666666666666,133.66666666666666,130.66666666666666,131.66666666666666,131.66666666666666,132.66666666666666,131.66666666666666,131.66666666666666,130.66666666666666,130.66666666666666,130.66666666666666,133.66666666666666,133.66666666666666,130.66666666666666,130.66666666666666,133.66666666666666,133.66666666666666,130.66666666666666,127.66666666666667,129.66666666666666,132.66666666666666,133.66666666666666,133.66666666666666,130.66666666666666,128.66666666666666,126.66666666666667,123.66666666666667,126.66666666666667,131.33333333333334,134.66666666666666,138.33333333333334,139.66666666666666,141.33333333333334,140.66666666666666,134.33333333333334,134.66666666666666,136.33333333333334,136.66666666666666,137.33333333333334,135.66666666666666,135.33333333333334,134.33333333333334,138.33333333333334,136.33333333333334,133.33333333333334,132.33333333333334,132.33333333333334,134.33333333333334,137.33333333333334,139.33333333333334,137.33333333333334,136.33333333333334,134.33333333333334,133.33333333333334,133.33333333333334,135.33333333333334,137.33333333333334,138.33333333333334,137.66666666666666,136.66666666666666,134.66666666666666,133.66666666666666,131.66666666666666,129.66666666666666,127.66666666666667,126.66666666666667,129.66666666666666,129.66666666666666,130.66666666666666,131.66666666666666,132.66666666666666,132.66666666666666,133.66666666666666,133.66666666666666,132.66666666666666,134.66666666666666,136.66666666666666,136.66666666666666,135.66666666666666,135.66666666666666,135.66666666666666,136.66666666666666,135.66666666666666,135.66666666666666,135.66666666666666,135.66666666666666,135.66666666666666,135.66666666666666,135.66666666666666,135.66666666666666,134.66666666666666,134.66666666666666,134.66666666666666,134.66666666666666,135.66666666666666,135.66666666666666,135.66666666666666,135.66666666666666,130.66666666666666,130.66666666666666,130.66666666666666,131.66666666666666,133.66666666666666,133.66666666666666,130.66666666666666,128.66666666666666,128.66666666666666,130.66666666666666,135.66666666666666,139.66666666666666,142.66666666666666,142.66666666666666,122.66666666666667,122.66666666666667,122.66666666666667,123.66666666666667,124.66666666666667,125.66666666666667,126.66666666666667,127.66666666666667,128.66666666666666,128.66666666666666,128.66666666666666,128.66666666666666,127.66666666666667,128.66666666666666,128.66666666666666,128.66666666666666,129.66666666666666,130.66666666666666,131.66666666666666,132.66666666666666,132.66666666666666,132.66666666666666,132.66666666666666,131.66666666666666,130.66666666666666,132.66666666666666,133.66666666666666,133.66666666666666,131.66666666666666,131.66666666666666,132.66666666666666,133.66666666666666,131.66666666666666,132.66666666666666,132.66666666666666,132.66666666666666,132.66666666666666,132.66666666666666,132.66666666666666,133.66666666666666,130.66666666666666,131.66666666666666,132.66666666666666,133.66666666666666,133.66666666666666,131.66666666666666,130.66666666666666,129.66666666666666,131.66666666666666,134.66666666666666,134.66666666666666,131.66666666666666,131.66666666666666,134.66666666666666,134.66666666666666,131.66666666666666,116.66666666666667,114.66666666666667,114.66666666666667,118.66666666666667,122.66666666666667,122.66666666666667,118.66666666666667,114.66666666666667,109.33333333333333,111.33333333333333,115.66666666666667,120.33333333333333,125.66666666666667,131.33333333333334,136.66666666666666,139.33333333333334,144.66666666666666,145.33333333333334,146.66666666666666,146.33333333333334,145.66666666666666,142.33333333333334,139.66666666666666,137.33333333333334,133.33333333333334,132.33333333333334,130.33333333333334,129.33333333333334,131.33333333333334,134.33333333333334,137.33333333333334,140.33333333333334,139.33333333333334,138.33333333333334,136.33333333333334,136.33333333333334,137.33333333333334,140.33333333333334,143.33333333333334,145.33333333333334,140.66666666666666,139.66666666666666,137.66666666666666,135.66666666666666,133.66666666666666,131.66666666666666,130.66666666666666,129.66666666666666,130.66666666666666,130.66666666666666,131.66666666666666,132.66666666666666,133.66666666666666,133.66666666666666,134.66666666666666,134.66666666666666,132.66666666666666,134.66666666666666,136.66666666666666,136.66666666666666,135.66666666666666,135.66666666666666,135.66666666666666,136.66666666666666,135.66666666666666,135.66666666666666,135.66666666666666,135.66666666666666,135.66666666666666,134.66666666666666,134.66666666666666,134.66666666666666,133.66666666666666,133.66666666666666,134.66666666666666,135.66666666666666,136.66666666666666,137.66666666666666,139.66666666666666,139.66666666666666,141.66666666666666,137.66666666666666,133.66666666666666,129.66666666666666,129.66666666666666,130.66666666666666,133.66666666666666,134.66666666666666,130.66666666666666,133.66666666666666,138.66666666666666,144.66666666666666,147.66666666666666,149.66666666666666,121.66666666666667,122.66666666666667,123.66666666666667,124.66666666666667,125.66666666666667,126.66666666666667,126.66666666666667,126.66666666666667,125.66666666666667,126.66666666666667,127.66666666666667,128.66666666666666,129.66666666666666,129.66666666666666,130.66666666666666,130.66666666666666,131.66666666666666,131.66666666666666,132.66666666666666,133.66666666666666,134.66666666666666,133.66666666666666,133.66666666666666,133.66666666666666,128.66666666666666,131.66666666666666,135.66666666666666,136.66666666666666,134.66666666666666,132.66666666666666,130.66666666666666,130.66666666666666,131.66666666666666,131.66666666666666,131.66666666666666,131.66666666666666,132.66666666666666,132.66666666666666,132.66666666666666,132.66666666666666,131.66666666666666,132.66666666666666,133.66666666666666,134.66666666666666,134.66666666666666,133.66666666666666,132.66666666666666,130.66666666666666,132.66666666666666,135.66666666666666,135.66666666666666,132.66666666666666,132.66666666666666,135.66666666666666,135.66666666666666,132.66666666666666,120.66666666666667,114.66666666666667,109.66666666666667,110.66666666666667,115.66666666666667,117.66666666666667,113.66666666666667,109.33333333333333,100.66666666666667,99.66666666666667,100.33333333333333,101.66666666666667,106.33333333333333,112.66666666666667,119.33333333333333,122.66666666666667,133.33333333333334,133.66666666666666,135.33333333333334,135.66666666666666,134.33333333333334,131.66666666666666,129.33333333333334,126.66666666666667,114.33333333333333,114.33333333333333,115.33333333333333,118.33333333333333,123.33333333333333,130.33333333333334,137.33333333333334,141.33333333333334,139.33333333333334,138.33333333333334,138.33333333333334,139.33333333333334,142.33333333333334,145.33333333333334,149.33333333333334,151.33333333333334,147.66666666666666,146.66666666666666,144.66666666666666,141.66666666666666,138.66666666666666,134.66666666666666,132.66666666666666,130.66666666666666,133.66666666666666,133.66666666666666,133.66666666666666,134.66666666666666,134.66666666666666,134.66666666666666,135.66666666666666,135.66666666666666,132.66666666666666,134.66666666666666,136.66666666666666,136.66666666666666,135.66666666666666,135.66666666666666,135.66666666666666,136.66666666666666,136.66666666666666,136.66666666666666,136.66666666666666,135.66666666666666,135.66666666666666,134.66666666666666,134.66666666666666,134.66666666666666,133.66666666666666,134.66666666666666,135.66666666666666,137.66666666666666,138.66666666666666,139.66666666666666,140.66666666666666,140.66666666666666,139.66666666666666,138.66666666666666,135.66666666666666,132.66666666666666,129.66666666666666,128.66666666666666,129.66666666666666,129.66666666666666,131.66666666666666,136.33333333333334,141.33333333333334,147.33333333333334,151.33333333333334,154.33333333333334,121.66666666666667,122.66666666666667,123.66666666666667,125.66666666666667,125.66666666666667,125.66666666666667,125.66666666666667,125.66666666666667,124.66666666666667,125.66666666666667,127.66666666666667,129.66666666666666,130.66666666666666,131.66666666666666,131.66666666666666,131.66666666666666,132.66666666666666,133.66666666666666,133.66666666666666,134.66666666666666,135.66666666666666,135.66666666666666,134.66666666666666,134.66666666666666,130.66666666666666,133.66666666666666,137.66666666666666,138.66666666666666,136.66666666666666,133.66666666666666,131.66666666666666,131.66666666666666,133.66666666666666,133.66666666666666,133.66666666666666,133.66666666666666,133.66666666666666,133.66666666666666,133.66666666666666,133.66666666666666,132.66666666666666,133.66666666666666,134.66666666666666,135.66666666666666,135.66666666666666,135.66666666666666,135.66666666666666,135.66666666666666,139.66666666666666,142.66666666666666,142.66666666666666,139.66666666666666,139.66666666666666,142.66666666666666,142.66666666666666,139.66666666666666,136.66666666666666,126.66666666666667,116.66666666666667,113.66666666666667,114.66666666666667,115.66666666666667,110.66666666666667,106.33333333333333,99.33333333333333,97.33333333333333,93.66666666666667,90.33333333333333,91.66666666666667,94.33333333333333,98.66666666666667,101.33333333333333,102.66666666666667,103.33333333333333,105.66666666666667,107.33333333333333,108.66666666666667,108.33333333333333,107.66666666666667,106.33333333333333,97.66666666666667,99.33333333333333,103.33333333333333,110.33333333333333,119.33333333333333,130.33333333333334,139.33333333333334,145.33333333333334,144.33333333333334,144.33333333333334,146.33333333333334,148.33333333333334,151.33333333333334,154.33333333333334,156.33333333333334,157.33333333333334,153.66666666666666,152.66666666666666,150.66666666666666,147.66666666666666,143.66666666666666,138.66666666666666,133.66666666666666,131.66666666666666,136.66666666666666,136.66666666666666,135.66666666666666,135.66666666666666,135.66666666666666,134.66666666666666,134.66666666666666,134.66666666666666,132.66666666666666,134.66666666666666,136.66666666666666,136.66666666666666,135.66666666666666,135.66666666666666,135.66666666666666,136.66666666666666,138.66666666666666,138.66666666666666,137.66666666666666,136.66666666666666,136.66666666666666,135.66666666666666,135.66666666666666,134.66666666666666,134.66666666666666,135.66666666666666,136.66666666666666,137.66666666666666,136.66666666666666,134.66666666666666,132.66666666666666,131.66666666666666,129.66666666666666,132.66666666666666,136.66666666666666,137.66666666666666,133.66666666666666,128.66666666666666,124.66666666666667,122.66666666666667,131.33333333333334,134.33333333333334,140.33333333333334,146.33333333333334,151.33333333333334,153.33333333333334,122.66666666666667,123.66666666666667,124.66666666666667,125.66666666666667,125.66666666666667,125.66666666666667,124.66666666666667,123.66666666666667,127.66666666666667,128.66666666666666,129.66666666666666,131.66666666666666,131.66666666666666,131.66666666666666,130.66666666666666,130.66666666666666,132.66666666666666,132.66666666666666,133.66666666666666,134.66666666666666,135.66666666666666,135.66666666666666,134.66666666666666,134.66666666666666,132.66666666666666,133.66666666666666,134.66666666666666,133.66666666666666,130.66666666666666,130.66666666666666,130.66666666666666,132.66666666666666,138.66666666666666,138.66666666666666,137.66666666666666,137.66666666666666,136.66666666666666,136.66666666666666,135.66666666666666,135.66666666666666,134.66666666666666,134.66666666666666,134.66666666666666,135.66666666666666,136.66666666666666,137.66666666666666,139.66666666666666,140.66666666666666,141.66666666666666,144.66666666666666,144.66666666666666,141.66666666666666,141.66666666666666,144.66666666666666,144.66666666666666,141.66666666666666,137.66666666666666,128.66666666666666,117.66666666666667,111.66666666666667,110.66666666666667,108.66666666666667,103.66666666666667,99.33333333333333,98.33333333333333,96.66666666666667,94.0,90.66666666666667,89.0,87.66666666666667,88.0,88.66666666666667,86.0,85.66666666666667,87.0,88.66666666666667,90.0,91.66666666666667,93.0,92.66666666666667,92.66666666666667,94.33333333333333,98.33333333333333,105.33333333333333,115.33333333333333,126.33333333333333,135.33333333333334,141.33333333333334,145.33333333333334,147.33333333333334,149.33333333333334,151.33333333333334,153.33333333333334,153.33333333333334,154.33333333333334,154.33333333333334,148.66666666666666,149.66666666666666,151.66666666666666,151.66666666666666,148.66666666666666,144.66666666666666,139.66666666666666,136.66666666666666,137.66666666666666,137.66666666666666,136.66666666666666,135.66666666666666,134.66666666666666,132.66666666666666,131.66666666666666,131.66666666666666,132.66666666666666,134.66666666666666,136.66666666666666,136.66666666666666,135.66666666666666,135.66666666666666,135.66666666666666,136.66666666666666,140.66666666666666,139.66666666666666,139.66666666666666,138.66666666666666,137.66666666666666,136.66666666666666,135.66666666666666,135.66666666666666,135.66666666666666,136.66666666666666,136.66666666666666,134.66666666666666,130.66666666666666,124.66666666666667,118.66666666666667,115.66666666666667,114.66666666666667,118.66666666666667,121.66666666666667,122.66666666666667,119.66666666666667,117.66666666666667,117.66666666666667,118.66666666666667,127.33333333333333,131.33333333333334,137.33333333333334,143.33333333333334,147.33333333333334,150.33333333333334,123.66666666666667,124.66666666666667,125.66666666666667,126.66666666666667,125.66666666666667,124.66666666666667,123.66666666666667,122.66666666666667,129.66666666666666,130.66666666666666,131.66666666666666,132.66666666666666,132.66666666666666,130.66666666666666,129.66666666666666,128.66666666666666,131.66666666666666,132.66666666666666,133.66666666666666,134.66666666666666,134.66666666666666,134.66666666666666,134.66666666666666,134.33333333333334,133.33333333333334,132.33333333333334,129.33333333333334,126.33333333333333,124.33333333333333,125.33333333333333,129.33333333333334,132.33333333333334,143.33333333333334,143.33333333333334,142.33333333333334,141.33333333333334,140.33333333333334,139.33333333333334,138.33333333333334,138.33333333333334,136.33333333333334,136.33333333333334,135.33333333333334,136.33333333333334,137.33333333333334,140.33333333333334,142.33333333333334,144.33333333333334,135.33333333333334,138.33333333333334,138.33333333333334,135.33333333333334,135.33333333333334,138.33333333333334,138.33333333333334,135.33333333333334,126.33333333333333,119.33333333333333,111.33333333333333,105.33333333333333,103.33333333333333,100.33333333333333,95.33333333333333,90.66666666666667,93.66666666666667,95.0,95.0,94.0,93.0,90.0,88.0,87.0,88.0,87.0,87.0,87.0,87.0,88.0,89.0,89.66666666666667,92.33333333333333,92.66666666666667,94.66666666666667,99.66666666666667,106.66666666666667,115.66666666666667,122.66666666666667,127.66666666666667,138.66666666666666,140.66666666666666,142.66666666666666,144.66666666666666,144.66666666666666,143.66666666666666,142.66666666666666,140.33333333333334,140.33333333333334,142.66666666666666,148.33333333333334,151.66666666666666,153.33333333333334,150.66666666666666,148.33333333333334,144.66666666666666,138.33333333333334,137.66666666666666,137.33333333333334,134.66666666666666,133.33333333333334,130.66666666666666,130.33333333333334,129.66666666666666,132.66666666666666,134.66666666666666,137.33333333333334,136.66666666666666,136.33333333333334,135.66666666666666,136.33333333333334,136.66666666666666,142.33333333333334,140.66666666666666,141.33333333333334,139.66666666666666,139.33333333333334,137.66666666666666,137.33333333333334,137.33333333333334,136.33333333333334,137.33333333333334,136.33333333333334,132.66666666666666,126.33333333333333,116.66666666666667,107.66666666666667,101.66666666666667,101.66666666666667,100.66666666666667,97.66666666666667,94.66666666666667,93.66666666666667,97.66666666666667,106.66666666666667,113.66666666666667,124.33333333333333,128.0,134.33333333333334,140.0,144.33333333333334,146.0,127.66666666666667,126.66666666666667,126.66666666666667,127.66666666666667,129.66666666666666,130.66666666666666,130.66666666666666,129.66666666666666,129.66666666666666,129.66666666666666,129.66666666666666,129.66666666666666,131.66666666666666,132.66666666666666,133.66666666666666,134.66666666666666,129.66666666666666,134.66666666666666,137.0,132.66666666666666,129.66666666666666,127.66666666666667,121.33333333333333,115.0,114.66666666666667,109.66666666666667,111.0,116.0,118.0,116.0,118.0,123.0,123.0,122.0,120.0,118.0,118.0,122.0,128.0,133.0,134.0,133.0,131.0,129.0,127.0,125.0,123.0,122.0,113.0,112.0,110.0,108.0,107.0,106.0,105.0,105.0,98.0,97.0,95.0,93.0,92.0,91.0,92.0,92.0,94.0,93.0,92.0,91.0,89.0,88.0,87.0,86.0,86.0,87.0,88.0,89.0,90.0,91.0,91.0,91.0,89.0,89.0,88.0,87.0,89.0,94.0,101.0,106.0,117.0,115.0,113.0,113.0,114.0,114.0,112.0,111.0,116.0,117.33333333333333,121.66666666666667,127.33333333333333,133.66666666666666,136.33333333333334,136.66666666666666,135.33333333333334,130.66666666666666,128.33333333333334,125.66666666666667,122.33333333333333,119.66666666666667,117.33333333333333,117.66666666666667,117.33333333333333,122.33333333333333,126.33333333333333,131.33333333333334,132.33333333333334,130.33333333333334,128.33333333333334,128.33333333333334,129.33333333333334,126.33333333333333,126.33333333333333,127.33333333333333,128.33333333333334,130.33333333333334,133.33333333333334,135.33333333333334,137.33333333333334,138.66666666666666,138.66666666666666,136.66666666666666,131.33333333333334,124.66666666666667,115.33333333333333,106.33333333333333,101.33333333333333,97.33333333333333,96.33333333333333,95.66666666666667,96.66666666666667,97.66666666666667,100.66666666666667,106.33333333333333,113.66666666666667,122.0,124.66666666666667,131.0,136.66666666666666,142.0,143.66666666666666,136.66666666666666,135.66666666666666,134.66666666666666,133.66666666666666,133.66666666666666,131.66666666666666,130.66666666666666,128.66666666666666,131.66666666666666,131.66666666666666,131.66666666666666,131.66666666666666,130.66666666666666,131.66666666666666,131.66666666666666,131.66666666666666,130.0,133.0,132.0,125.0,117.66666666666667,110.66666666666667,103.0,95.0,92.33333333333333,88.33333333333333,88.0,93.0,94.66666666666667,93.66666666666667,95.66666666666667,100.66666666666667,99.0,99.0,98.0,97.0,98.0,102.0,108.0,113.0,124.0,124.0,124.0,123.0,119.0,115.0,110.0,107.0,93.0,92.0,90.0,89.0,88.0,87.0,86.0,86.0,87.0,87.0,87.0,87.0,86.0,85.0,84.0,83.0,94.0,93.0,92.0,90.0,89.0,88.0,87.0,87.0,86.0,87.0,88.0,89.0,90.0,90.0,90.0,90.0,89.0,90.0,91.0,91.0,89.0,89.0,90.0,92.0,94.0,92.0,88.0,88.0,89.0,91.0,92.0,92.0,96.0,95.66666666666667,99.0,103.66666666666667,109.0,111.66666666666667,112.0,111.66666666666667,105.0,103.66666666666667,103.0,102.66666666666667,103.0,103.66666666666667,105.0,105.66666666666667,112.0,115.66666666666667,120.0,119.66666666666667,116.0,110.66666666666667,107.0,105.66666666666667,103.0,102.66666666666667,102.0,102.66666666666667,107.0,110.66666666666667,116.0,118.66666666666667,125.33333333333333,126.33333333333333,128.66666666666666,129.66666666666666,129.66666666666666,127.66666666666667,125.33333333333333,123.33333333333333,122.33333333333333,122.33333333333333,120.66666666666667,120.66666666666667,119.66666666666667,120.66666666666667,124.33333333333333,128.66666666666666,131.33333333333334,133.66666666666666,138.66666666666666,142.66666666666666,145.66666666666666,145.66666666666666,138.66666666666666,139.66666666666666,139.66666666666666,139.66666666666666,138.66666666666666,136.66666666666666,134.66666666666666,132.66666666666666,134.66666666666666,134.66666666666666,134.66666666666666,133.66666666666666,132.66666666666666,131.66666666666666,130.66666666666666,129.66666666666666,132.0,133.0,130.0,121.0,110.66666666666667,102.66666666666667,93.0,84.0,82.33333333333333,79.33333333333333,78.0,81.0,82.66666666666667,81.66666666666667,83.66666666666667,86.66666666666667,83.0,84.0,84.0,84.0,85.0,89.0,95.0,100.0,106.0,108.0,110.0,110.0,108.0,103.0,98.0,95.0,84.0,84.0,83.0,82.0,81.0,80.0,79.0,79.0,83.0,85.0,87.0,88.0,88.0,87.0,85.0,83.0,93.0,92.0,91.0,89.0,88.0,88.0,88.0,88.0,86.0,87.0,88.0,89.0,90.0,90.0,90.0,90.0,94.0,98.0,103.0,104.0,101.0,97.0,93.0,91.0,86.0,82.0,79.0,79.0,81.0,85.0,87.0,88.0,86.0,84.0,84.66666666666667,86.0,88.66666666666667,89.0,89.66666666666667,88.0,85.66666666666667,85.0,85.66666666666667,86.0,88.66666666666667,90.0,92.66666666666667,93.0,96.66666666666667,100.0,104.66666666666667,105.0,101.66666666666667,95.0,89.66666666666667,86.0,86.66666666666667,84.0,83.66666666666667,82.0,85.66666666666667,90.0,95.66666666666667,98.0,98.33333333333333,101.33333333333333,106.66666666666667,113.66666666666667,119.66666666666667,125.66666666666667,128.33333333333334,130.33333333333334,131.33333333333334,133.33333333333334,134.66666666666666,133.66666666666666,132.66666666666666,133.66666666666666,135.33333333333334,136.66666666666666,142.33333333333334,144.66666666666666,146.66666666666666,148.66666666666666,148.66666666666666,147.66666666666666,126.66666666666667,129.66666666666666,132.66666666666666,135.66666666666666,136.66666666666666,136.66666666666666,136.66666666666666,136.66666666666666,134.66666666666666,135.66666666666666,136.66666666666666,137.66666666666666,136.66666666666666,135.66666666666666,133.66666666666666,131.66666666666666,135.0,137.0,134.0,126.0,117.66666666666667,110.66666666666667,103.0,95.0,91.33333333333333,89.33333333333333,86.0,85.0,84.66666666666667,83.66666666666667,84.66666666666667,86.66666666666667,82.0,83.0,84.0,84.0,84.0,87.0,91.0,94.0,90.0,91.0,94.0,95.0,96.0,94.0,92.0,91.0,89.0,89.0,89.0,89.0,88.0,87.0,86.0,86.0,86.0,87.0,88.0,89.0,90.0,90.0,89.0,89.0,92.0,91.0,90.0,88.0,88.0,88.0,88.0,89.0,86.0,87.0,88.0,89.0,89.0,89.0,89.0,89.0,96.0,101.0,107.0,111.0,109.0,106.0,103.0,101.0,91.0,90.0,89.0,91.0,94.0,97.0,99.0,99.0,94.66666666666667,92.66666666666667,89.0,87.66666666666667,87.0,86.66666666666667,85.0,82.66666666666667,88.0,86.66666666666667,87.0,86.66666666666667,88.0,87.66666666666667,88.0,88.66666666666667,88.0,89.66666666666667,93.0,94.66666666666667,94.0,91.66666666666667,89.0,86.66666666666667,89.0,87.66666666666667,86.0,84.66666666666667,86.0,86.66666666666667,89.0,90.66666666666667,84.66666666666667,87.33333333333333,91.66666666666667,98.66666666666667,106.66666666666667,114.66666666666667,120.33333333333333,123.33333333333333,122.33333333333333,128.33333333333334,132.66666666666666,133.66666666666666,135.66666666666666,138.66666666666666,140.33333333333334,140.66666666666666,147.33333333333334,148.66666666666666,149.66666666666666,150.66666666666666,149.66666666666666,147.66666666666666,107.66666666666667,112.66666666666667,117.66666666666667,121.66666666666667,122.66666666666667,124.66666666666667,127.66666666666667,130.66666666666666,132.66666666666666,134.66666666666666,138.66666666666666,140.66666666666666,141.66666666666666,140.66666666666666,138.66666666666666,137.66666666666666,137.0,140.0,138.0,131.0,124.66666666666667,119.66666666666667,115.0,107.0,100.33333333333333,98.33333333333333,93.0,87.0,84.66666666666667,83.66666666666667,83.66666666666667,82.66666666666667,83.66666666666667,84.66666666666667,84.66666666666667,84.66666666666667,83.66666666666667,83.66666666666667,85.66666666666667,88.66666666666667,85.66666666666667,85.66666666666667,85.66666666666667,85.66666666666667,86.66666666666667,88.66666666666667,89.66666666666667,90.66666666666667,89.0,90.0,90.0,91.0,91.0,90.0,89.0,88.0,86.0,85.0,83.0,83.0,83.0,86.0,88.0,90.0,91.0,90.0,88.0,87.0,87.0,88.0,89.0,90.0,86.0,87.0,88.0,88.0,89.0,89.0,88.0,88.0,90.0,93.0,98.0,100.0,100.0,99.0,99.0,99.0,90.0,91.0,94.0,99.0,103.0,104.0,103.0,101.66666666666667,100.0,98.0,94.66666666666667,93.0,93.66666666666667,92.0,91.66666666666667,89.0,93.66666666666667,93.0,93.66666666666667,93.0,92.66666666666667,92.0,91.66666666666667,91.0,89.66666666666667,89.0,89.66666666666667,90.0,91.66666666666667,92.0,93.66666666666667,93.0,93.66666666666667,95.0,96.66666666666667,98.0,98.66666666666667,97.0,95.66666666666667,94.0,93.66666666666667,95.33333333333333,98.66666666666667,104.66666666666667,111.66666666666667,118.66666666666667,124.33333333333333,128.33333333333334,121.33333333333333,130.33333333333334,136.66666666666666,138.66666666666666,140.66666666666666,146.66666666666666,148.33333333333334,145.66666666666666,145.33333333333334,146.66666666666666,146.66666666666666,147.66666666666666,147.66666666666666,146.66666666666666,95.66666666666667,99.66666666666667,104.66666666666667,106.66666666666667,107.66666666666667,109.66666666666667,115.66666666666667,119.66666666666667,130.66666666666666,133.66666666666666,138.66666666666666,142.66666666666666,144.66666666666666,144.66666666666666,142.66666666666666,140.66666666666666,138.0,140.0,138.0,130.0,123.66666666666667,119.66666666666667,115.0,108.0,103.33333333333333,102.33333333333333,96.0,87.0,82.66666666666667,82.66666666666667,82.66666666666667,79.66666666666667,83.66666666666667,85.66666666666667,86.66666666666667,85.66666666666667,83.66666666666667,82.66666666666667,83.66666666666667,84.66666666666667,89.66666666666667,88.66666666666667,85.66666666666667,83.66666666666667,83.66666666666667,84.66666666666667,86.66666666666667,88.66666666666667,86.0,87.0,88.0,90.0,90.0,89.0,88.0,87.0,88.0,86.0,82.0,81.0,81.0,84.0,88.0,91.0,90.0,89.0,87.0,86.0,86.0,88.0,90.0,92.0,86.0,87.0,88.0,88.0,88.0,88.0,87.0,87.0,87.0,89.0,90.0,90.0,89.0,89.0,91.0,93.0,85.0,87.0,92.0,99.0,103.0,104.0,100.0,97.66666666666667,92.0,91.66666666666667,91.66666666666667,92.66666666666667,94.66666666666667,95.66666666666667,95.66666666666667,93.66666666666667,91.66666666666667,92.66666666666667,93.66666666666667,94.66666666666667,94.66666666666667,94.66666666666667,94.66666666666667,93.66666666666667,95.66666666666667,92.66666666666667,89.66666666666667,88.66666666666667,89.66666666666667,91.66666666666667,93.66666666666667,93.66666666666667,91.66666666666667,94.66666666666667,99.66666666666667,103.66666666666667,105.66666666666667,105.66666666666667,102.66666666666667,100.0,103.66666666666667,105.33333333333333,109.66666666666667,115.66666666666667,122.66666666666667,129.66666666666666,135.33333333333334,138.33333333333334,129.33333333333334,139.33333333333334,144.66666666666666,143.66666666666666,145.66666666666666,151.66666666666666,151.33333333333334,146.66666666666666,142.33333333333334,142.66666666666666,143.66666666666666,144.66666666666666,144.66666666666666,144.66666666666666
