Available,167.33333333333334,167.33333333333334,167.33333333333334,168.33333333333334,169.33333333333334,167.33333333333334,163.33333333333334,160.33333333333334,171.33333333333334,160.33333333333334,158.33333333333334,161.33333333333334,163.33333333333334,166.33333333333334,155.33333333333334,131.0,122.66666666666667,120.0,119.33333333333333,117.33333333333333,108.33333333333333,95.33333333333333,88.0,87.0,77.0,70.0,67.66666666666667,72.66666666666667,76.66666666666667,74.66666666666667,70.66666666666667,68.66666666666667,66.0,68.0,72.0,78.0,85.33333333333333,90.33333333333333,93.0,93.66666666666667,77.66666666666667,77.66666666666667,69.66666666666667,84.66666666666667,134.33333333333334,163.66666666666666,138.0,100.33333333333333,76.0,66.0,72.0,84.0,80.33333333333333,74.33333333333333,77.0,78.0,79.0,80.0,75.66666666666667,64.66666666666667,54.666666666666664,52.666666666666664,57.333333333333336,60.333333333333336,56.333333333333336,55.333333333333336,62.666666666666664,74.66666666666667,73.66666666666667,65.66666666666667,67.66666666666667,77.66666666666667,81.66666666666667,69.66666666666667,68.66666666666667,72.66666666666667,67.66666666666667,66.66666666666667,62.0,51.0,54.666666666666664,53.666666666666664,46.0,46.0,55.333333333333336,55.333333333333336,57.0,68.0,66.33333333333333,58.333333333333336,54.0,73.0,97.33333333333333,87.33333333333333,58.333333333333336,45.0,52.0,53.333333333333336,51.333333333333336,52.333333333333336,62.0,75.0,79.0,75.0,91.66666666666667,110.66666666666667,139.33333333333334,151.33333333333334,131.33333333333334,99.33333333333333,86.33333333333333,90.33333333333333,110.33333333333333,93.0,100.0,115.0,100.0,78.0,83.0,101.0,111.0,81.0,72.0,90.0,93.0,73.0,66.0,78.0,62.666666666666664,69.66666666666667,67.66666666666667,73.66666666666667,84.66666666666667,74.66666666666667,75.66666666666667,101.66666666666667,119.66666666666667,127.66666666666667,129.66666666666666,126.66666666666667,134.66666666666666,152.66666666666666,161.66666666666666,160.33333333333334,167.0,171.0,174.0,168.0,156.0,145.0,168.33333333333334,169.33333333333334,170.33333333333334,171.33333333333334,170.33333333333334,168.33333333333334,166.33333333333334,165.33333333333334,166.33333333333334,158.33333333333334,158.33333333333334,161.33333333333334,162.33333333333334,169.33333333333334,165.33333333333334,147.0,136.66666666666666,123.0,109.33333333333333,101.33333333333333,96.33333333333333,91.33333333333333,91.0,93.0,84.0,73.0,63.666666666666664,63.666666666666664,66.66666666666667,67.66666666666667,69.66666666666667,72.66666666666667,66.0,69.0,74.0,78.0,81.33333333333333,83.33333333333333,86.33333333333333,87.66666666666667,87.33333333333333,85.0,70.33333333333333,76.33333333333333,119.0,141.66666666666666,110.66666666666667,67.66666666666667,68.66666666666667,63.0,74.0,88.0,83.33333333333333,77.33333333333333,79.0,79.0,81.33333333333333,79.0,73.66666666666667,66.66666666666667,60.666666666666664,58.666666666666664,57.333333333333336,56.333333333333336,56.333333333333336,53.333333333333336,59.666666666666664,73.66666666666667,78.66666666666667,72.66666666666667,69.66666666666667,73.66666666666667,72.66666666666667,64.66666666666667,67.66666666666667,70.66666666666667,65.66666666666667,64.66666666666667,63.666666666666664,54.666666666666664,59.0,57.0,48.0,46.333333333333336,54.333333333333336,55.0,56.0,68.0,57.333333333333336,50.333333333333336,60.0,95.0,119.33333333333333,96.33333333333333,63.333333333333336,56.0,69.33333333333333,69.33333333333333,65.33333333333333,59.333333333333336,59.0,64.0,65.0,61.0,64.66666666666667,75.66666666666667,96.33333333333333,109.33333333333333,105.33333333333333,98.33333333333333,107.33333333333333,125.33333333333333,125.66666666666667,110.0,102.0,103.0,90.0,71.0,80.0,110.0,128.0,111.0,97.0,94.0,91.0,84.0,83.0,89.33333333333333,76.66666666666667,71.66666666666667,66.66666666666667,68.66666666666667,70.66666666666667,71.66666666666667,91.66666666666667,120.66666666666667,146.66666666666666,151.66666666666666,149.66666666666666,142.66666666666666,147.66666666666666,161.66666666666666,170.66666666666666,169.33333333333334,161.0,166.0,171.0,173.0,170.0,167.0,165.33333333333334,169.33333333333334,171.33333333333334,171.33333333333334,168.33333333333334,166.33333333333334,167.33333333333334,169.33333333333334,168.33333333333334,161.33333333333334,160.33333333333334,160.33333333333334,156.33333333333334,159.33333333333334,157.33333333333334,142.0,133.66666666666666,116.0,98.0,91.0,90.33333333333333,91.33333333333333,93.33333333333333,96.33333333333333,87.0,76.0,67.0,66.0,67.66666666666667,67.66666666666667,69.66666666666667,73.66666666666667,75.0,76.33333333333333,77.33333333333333,77.33333333333333,79.0,81.33333333333333,85.33333333333333,88.0,91.66666666666667,96.66666666666667,79.66666666666667,68.66666666666667,92.66666666666667,111.0,90.33333333333333,59.666666666666664,68.66666666666667,66.66666666666667,80.66666666666667,94.66666666666667,89.0,84.0,87.33333333333333,88.0,87.33333333333333,79.33333333333333,73.0,71.66666666666667,71.66666666666667,67.66666666666667,59.666666666666664,52.666666666666664,55.333333333333336,52.333333333333336,59.333333333333336,75.33333333333333,83.33333333333333,78.33333333333333,72.33333333333333,70.66666666666667,68.66666666666667,62.666666666666664,67.66666666666667,70.66666666666667,65.66666666666667,65.66666666666667,64.66666666666667,54.666666666666664,58.333333333333336,57.333333333333336,49.333333333333336,47.0,53.0,52.333333333333336,53.333333333333336,66.33333333333333,61.0,52.0,63.0,101.0,119.0,87.0,57.333333333333336,60.0,73.33333333333333,72.66666666666667,68.66666666666667,63.666666666666664,62.333333333333336,64.33333333333333,65.33333333333333,63.333333333333336,58.333333333333336,60.333333333333336,67.66666666666667,74.66666666666667,77.66666666666667,82.66666666666667,101.66666666666667,124.33333333333333,110.66666666666667,104.33333333333333,88.33333333333333,84.33333333333333,83.33333333333333,66.33333333333333,72.33333333333333,109.33333333333333,138.33333333333334,137.33333333333334,125.33333333333333,105.33333333333333,96.33333333333333,100.33333333333333,106.33333333333333,106.33333333333333,92.66666666666667,78.66666666666667,83.66666666666667,85.66666666666667,69.66666666666667,78.66666666666667,118.66666666666667,146.66666666666666,169.66666666666666,170.66666666666666,164.66666666666666,154.66666666666666,154.66666666666666,164.66666666666666,170.66666666666666,170.33333333333334,165.0,167.0,170.0,172.0,173.0,173.0,165.33333333333334,169.33333333333334,173.33333333333334,171.33333333333334,167.33333333333334,165.33333333333334,169.33333333333334,173.33333333333334,168.33333333333334,162.33333333333334,162.33333333333334,161.33333333333334,155.33333333333334,154.33333333333334,145.33333333333334,126.0,110.66666666666667,101.0,93.0,93.0,94.0,92.33333333333333,90.33333333333333,91.33333333333333,82.33333333333333,78.0,78.0,82.0,83.0,77.66666666666667,73.66666666666667,74.0,83.33333333333333,78.33333333333333,73.33333333333333,74.33333333333333,81.0,88.0,91.0,91.33333333333333,89.0,104.66666666666667,92.66666666666667,69.66666666666667,73.66666666666667,89.33333333333333,88.66666666666667,82.66666666666667,75.66666666666667,73.0,86.0,96.66666666666667,92.66666666666667,93.0,101.0,103.33333333333333,93.0,80.33333333333333,71.33333333333333,74.0,79.66666666666667,74.66666666666667,61.666666666666664,50.666666666666664,51.333333333333336,53.333333333333336,62.333333333333336,76.33333333333333,83.33333333333333,79.33333333333333,72.33333333333333,70.33333333333333,71.33333333333333,64.66666666666667,67.33333333333333,69.66666666666667,68.33333333333333,70.66666666666667,67.33333333333333,52.333333333333336,50.333333333333336,52.333333333333336,47.333333333333336,47.333333333333336,54.0,51.0,50.0,62.0,61.0,52.0,53.0,73.0,86.0,68.0,55.333333333333336,67.0,73.33333333333333,69.66666666666667,64.66666666666667,64.66666666666667,69.33333333333333,73.33333333333333,72.33333333333333,69.33333333333333,68.33333333333333,66.33333333333333,68.66666666666667,70.66666666666667,68.66666666666667,67.66666666666667,76.66666666666667,88.33333333333333,72.66666666666667,80.33333333333333,69.33333333333333,74.33333333333333,91.33333333333333,76.33333333333333,68.33333333333333,98.33333333333333,137.33333333333334,134.33333333333334,118.33333333333333,93.33333333333333,83.33333333333333,97.33333333333333,119.33333333333333,132.33333333333334,99.66666666666667,89.66666666666667,115.66666666666667,122.66666666666667,85.66666666666667,91.66666666666667,140.66666666666666,164.66666666666666,173.66666666666666,174.66666666666666,168.66666666666666,159.66666666666666,158.66666666666666,163.66666666666666,166.66666666666666,166.33333333333334,171.0,169.0,168.0,168.0,169.0,169.0,165.33333333333334,168.33333333333334,171.33333333333334,168.33333333333334,164.33333333333334,163.33333333333334,168.33333333333334,173.33333333333334,160.33333333333334,155.33333333333334,160.33333333333334,163.33333333333334,158.33333333333334,153.33333333333334,139.33333333333334,115.0,94.66666666666667,93.66666666666667,95.66666666666667,97.0,95.0,87.0,84.0,84.33333333333333,79.33333333333333,78.33333333333333,82.33333333333333,89.0,90.0,85.0,79.0,78.0,81.33333333333333,77.0,76.0,85.0,99.66666666666667,104.0,97.0,88.33333333333333,90.33333333333333,102.0,92.66666666666667,74.66666666666667,77.0,85.33333333333333,86.33333333333333,85.66666666666667,75.66666666666667,71.33333333333333,80.33333333333333,90.33333333333333,90.0,99.66666666666667,113.66666666666667,118.0,94.33333333333333,79.0,67.33333333333333,72.0,77.0,72.66666666666667,58.666666666666664,49.666666666666664,49.333333333333336,57.0,68.0,78.0,80.0,75.0,72.0,72.0,70.0,60.333333333333336,60.0,63.333333333333336,68.0,76.33333333333333,71.0,51.0,38.0,44.333333333333336,44.333333333333336,47.333333333333336,53.333333333333336,49.333333333333336,46.333333333333336,57.333333333333336,55.333333333333336,53.333333333333336,45.0,46.0,57.0,61.0,65.0,78.33333333333333,82.0,71.33333333333333,63.333333333333336,66.33333333333333,74.0,76.0,70.33333333333333,63.333333333333336,69.0,70.0,72.0,74.66666666666667,71.66666666666667,66.66666666666667,66.66666666666667,68.66666666666667,57.666666666666664,69.33333333333333,63.333333333333336,74.33333333333333,101.33333333333333,89.33333333333333,70.33333333333333,86.33333333333333,121.33333333333333,107.33333333333333,90.33333333333333,77.33333333333333,71.33333333333333,83.33333333333333,114.33333333333333,145.33333333333334,104.33333333333333,99.33333333333333,138.33333333333334,147.33333333333334,96.33333333333333,96.33333333333333,148.33333333333334,170.33333333333334,171.33333333333334,172.33333333333334,170.33333333333334,167.33333333333334,166.33333333333334,168.33333333333334,168.33333333333334,167.33333333333334,170.0,168.0,167.0,167.0,169.0,170.0,160.33333333333334,161.33333333333334,161.33333333333334,158.33333333333334,155.33333333333334,156.33333333333334,160.33333333333334,164.33333333333334,158.33333333333334,154.33333333333334,158.33333333333334,157.33333333333334,145.33333333333334,136.33333333333334,121.33333333333333,99.0,99.66666666666667,97.66666666666667,97.66666666666667,96.66666666666667,89.66666666666667,80.0,78.0,81.0,81.0,77.33333333333333,78.33333333333333,82.33333333333333,83.33333333333333,80.0,81.0,84.33333333333333,81.0,83.0,91.0,108.0,122.66666666666667,121.0,105.0,88.0,94.33333333333333,93.33333333333333,82.0,80.66666666666667,91.66666666666667,89.0,75.0,67.33333333333333,72.66666666666667,67.66666666666667,76.66666666666667,88.33333333333333,93.33333333333333,107.0,121.0,122.66666666666667,94.0,77.33333333333333,65.0,66.33333333333333,69.33333333333333,64.0,56.666666666666664,52.666666666666664,52.333333333333336,61.0,70.0,75.0,74.0,70.0,70.0,71.0,62.0,54.0,53.0,56.0,62.0,74.0,71.0,51.333333333333336,34.666666666666664,43.333333333333336,45.333333333333336,48.333333333333336,54.333333333333336,48.666666666666664,46.666666666666664,57.333333333333336,69.33333333333333,70.33333333333333,58.333333333333336,48.0,55.0,62.0,66.0,74.33333333333333,81.0,69.33333333333333,62.333333333333336,67.33333333333333,76.0,76.0,71.33333333333333,66.33333333333333,72.0,73.0,74.0,74.0,72.66666666666667,70.66666666666667,70.66666666666667,72.66666666666667,70.66666666666667,73.33333333333333,64.33333333333333,70.33333333333333,89.33333333333333,82.33333333333333,68.33333333333333,74.33333333333333,87.33333333333333,81.33333333333333,87.33333333333333,102.33333333333333,104.33333333333333,97.33333333333333,109.33333333333333,131.33333333333334,118.33333333333333,113.33333333333333,146.33333333333334,150.33333333333334,100.33333333333333,97.33333333333333,145.33333333333334,169.33333333333334,165.33333333333334,166.33333333333334,167.33333333333334,167.33333333333334,168.33333333333334,168.33333333333334,167.33333333333334,166.33333333333334,170.0,170.0,168.0,167.0,164.0,162.0,164.33333333333334,162.33333333333334,159.33333333333334,156.33333333333334,155.33333333333334,157.33333333333334,159.33333333333334,161.33333333333334,162.33333333333334,161.33333333333334,163.33333333333334,151.33333333333334,127.33333333333333,116.33333333333333,110.33333333333333,98.0,108.33333333333333,101.66666666666667,97.66666666666667,95.66666666666667,90.66666666666667,82.66666666666667,78.66666666666667,79.0,81.0,77.0,75.0,76.33333333333333,75.33333333333333,74.33333333333333,77.33333333333333,82.33333333333333,84.0,89.0,99.0,112.0,119.0,115.0,102.0,89.33333333333333,94.33333333333333,87.33333333333333,80.0,87.66666666666667,97.66666666666667,85.33333333333333,72.33333333333333,76.33333333333333,82.33333333333333,77.66666666666667,89.0,102.0,108.66666666666667,120.33333333333333,124.33333333333333,117.0,98.66666666666667,81.0,67.33333333333333,66.0,64.33333333333333,58.333333333333336,58.0,63.666666666666664,59.333333333333336,63.333333333333336,67.33333333333333,68.33333333333333,69.0,69.0,68.0,66.0,60.0,57.0,58.333333333333336,55.333333333333336,53.333333333333336,65.33333333333333,66.33333333333333,50.666666666666664,41.333333333333336,49.0,49.0,50.0,55.0,49.333333333333336,49.333333333333336,61.666666666666664,95.66666666666667,90.33333333333333,75.33333333333333,66.33333333333333,67.0,61.0,57.333333333333336,68.0,72.33333333333333,65.0,64.33333333333333,69.33333333333333,73.66666666666667,71.66666666666667,71.33333333333333,73.33333333333333,74.33333333333333,77.33333333333333,80.0,77.0,75.0,77.0,81.66666666666667,84.66666666666667,82.66666666666667,77.33333333333333,68.33333333333333,65.33333333333333,67.33333333333333,67.33333333333333,66.33333333333333,69.33333333333333,69.33333333333333,73.33333333333333,94.33333333333333,123.33333333333333,134.33333333333334,126.33333333333333,124.33333333333333,132.33333333333334,145.33333333333334,135.33333333333334,155.33333333333334,157.33333333333334,117.33333333333333,112.33333333333333,149.33333333333334,169.33333333333334,165.33333333333334,164.33333333333334,164.33333333333334,165.33333333333334,166.33333333333334,165.33333333333334,165.33333333333334,166.33333333333334,170.33333333333334,171.33333333333334,171.33333333333334,166.33333333333334,158.33333333333334,152.33333333333334,178.33333333333334,174.33333333333334,169.33333333333334,166.33333333333334,167.33333333333334,169.33333333333334,170.33333333333334,171.33333333333334,163.33333333333334,166.33333333333334,168.33333333333334,152.33333333333334,123.33333333333333,116.33333333333333,123.33333333333333,123.0,110.33333333333333,100.66666666666667,95.66666666666667,97.66666666666667,97.66666666666667,90.66666666666667,81.66666666666667,76.66666666666667,78.66666666666667,76.0,76.0,78.0,76.0,71.33333333333333,72.33333333333333,76.33333333333333,82.33333333333333,85.33333333333333,90.33333333333333,94.33333333333333,94.33333333333333,91.33333333333333,88.0,86.0,89.0,87.0,85.66666666666667,93.66666666666667,92.33333333333333,75.33333333333333,80.33333333333333,107.33333333333333,97.33333333333333,94.66666666666667,107.33333333333333,121.66666666666667,127.0,131.66666666666666,126.33333333333333,109.33333333333333,104.0,87.66666666666667,73.0,68.33333333333333,64.0,58.333333333333336,62.333333333333336,74.0,65.66666666666667,65.33333333333333,63.333333333333336,63.333333333333336,66.33333333333333,70.0,67.0,62.0,64.0,66.0,68.33333333333333,59.333333333333336,48.333333333333336,55.333333333333336,60.333333333333336,49.666666666666664,50.0,55.333333333333336,52.333333333333336,51.333333333333336,54.0,50.0,52.333333333333336,67.33333333333333,106.66666666666667,91.66666666666667,76.33333333333333,76.33333333333333,76.0,61.0,57.333333333333336,75.0,73.33333333333333,71.0,72.33333333333333,74.33333333333333,69.66666666666667,61.666666666666664,64.33333333333333,71.33333333333333,70.33333333333333,77.33333333333333,83.0,83.0,83.0,87.0,93.66666666666667,96.66666666666667,85.66666666666667,77.33333333333333,74.33333333333333,68.33333333333333,57.333333333333336,61.333333333333336,71.33333333333333,73.33333333333333,80.33333333333333,78.33333333333333,85.33333333333333,104.33333333333333,122.33333333333333,134.33333333333334,147.33333333333334,159.33333333333334,168.33333333333334,156.33333333333334,168.33333333333334,170.33333333333334,141.33333333333334,133.33333333333334,157.33333333333334,170.33333333333334,173.33333333333334,170.33333333333334,168.33333333333334,168.33333333333334,167.33333333333334,166.33333333333334,168.33333333333334,171.0,165.33333333333334,169.33333333333334,171.33333333333334,167.33333333333334,159.33333333333334,153.33333333333334,177.33333333333334,176.33333333333334,175.33333333333334,174.33333333333334,173.33333333333334,174.33333333333334,176.33333333333334,177.33333333333334,170.33333333333334,171.33333333333334,170.33333333333334,154.33333333333334,137.33333333333334,143.33333333333334,151.33333333333334,143.0,126.33333333333333,103.33333333333333,87.33333333333333,84.33333333333333,92.33333333333333,106.66666666666667,105.66666666666667,86.66666666666667,75.66666666666667,84.66666666666667,87.66666666666667,84.66666666666667,92.66666666666667,105.0,104.0,90.33333333333333,88.33333333333333,80.0,78.0,77.0,76.66666666666667,89.66666666666667,97.33333333333333,89.33333333333333,101.33333333333333,82.33333333333333,74.66666666666667,81.66666666666667,81.66666666666667,74.66666666666667,86.66666666666667,106.66666666666667,100.66666666666667,109.33333333333333,122.66666666666667,128.66666666666666,122.33333333333333,108.66666666666667,99.0,96.66666666666667,86.33333333333333,81.0,76.66666666666667,73.0,64.33333333333333,59.0,70.0,87.33333333333333,85.66666666666667,67.66666666666667,58.666666666666664,67.66666666666667,70.66666666666667,61.333333333333336,59.333333333333336,66.33333333333333,70.0,70.0,68.33333333333333,64.33333333333333,59.333333333333336,53.333333333333336,49.666666666666664,48.333333333333336,54.0,55.333333333333336,57.333333333333336,57.333333333333336,51.0,48.0,55.333333333333336,67.33333333333333,101.66666666666667,86.66666666666667,69.33333333333333,69.33333333333333,74.0,62.0,56.333333333333336,71.0,65.66666666666667,62.666666666666664,68.66666666666667,71.66666666666667,71.33333333333333,78.33333333333333,82.33333333333333,72.33333333333333,77.0,75.0,74.0,76.0,83.0,94.0,105.0,111.66666666666667,84.66666666666667,74.33333333333333,68.33333333333333,70.33333333333333,69.33333333333333,63.333333333333336,64.33333333333333,71.33333333333333,79.33333333333333,78.33333333333333,84.33333333333333,81.33333333333333,76.33333333333333,98.33333333333333,136.33333333333334,159.33333333333334,167.0,164.0,164.0,169.0,172.0,172.0,175.0,180.0,174.0,172.0,170.0,170.0,172.0,173.0,172.0,169.0,164.33333333333334,173.33333333333334,173.33333333333334,161.33333333333334,155.33333333333334,158.33333333333334,174.33333333333334,174.33333333333334,173.33333333333334,172.33333333333334,172.33333333333334,173.33333333333334,173.33333333333334,174.33333333333334,169.33333333333334,170.33333333333334,172.33333333333334,164.33333333333334,155.33333333333334,162.33333333333334,166.33333333333334,154.33333333333334,130.0,107.33333333333333,89.33333333333333,87.33333333333333,103.33333333333333,126.33333333333333,124.33333333333333,97.66666666666667,80.66666666666667,83.66666666666667,88.66666666666667,100.66666666666667,123.66666666666667,142.66666666666666,142.66666666666666,129.33333333333334,103.0,86.66666666666667,83.33333333333333,92.33333333333333,102.66666666666667,119.0,129.0,123.66666666666667,99.66666666666667,87.66666666666667,76.33333333333333,76.33333333333333,82.33333333333333,87.33333333333333,91.33333333333333,93.66666666666667,104.0,112.0,121.66666666666667,121.33333333333333,109.66666666666667,96.33333333333333,89.66666666666667,90.0,83.33333333333333,78.33333333333333,78.0,79.66666666666667,74.0,68.33333333333333,75.0,87.0,88.0,77.66666666666667,71.66666666666667,72.66666666666667,68.66666666666667,58.666666666666664,56.666666666666664,62.333333333333336,69.33333333333333,68.0,64.0,58.333333333333336,52.333333333333336,49.333333333333336,48.666666666666664,49.333333333333336,61.333333333333336,55.0,50.0,49.0,49.0,50.333333333333336,57.333333333333336,64.66666666666667,82.66666666666667,73.33333333333333,63.333333333333336,68.33333333333333,75.0,62.0,52.333333333333336,63.333333333333336,58.333333333333336,66.66666666666667,80.33333333333333,80.33333333333333,72.33333333333333,76.33333333333333,86.33333333333333,88.0,80.0,79.0,80.66666666666667,83.66666666666667,88.0,93.0,96.33333333333333,97.33333333333333,78.0,73.33333333333333,70.33333333333333,73.33333333333333,72.33333333333333,67.33333333333333,62.333333333333336,60.333333333333336,70.33333333333333,71.33333333333333,74.33333333333333,70.33333333333333,62.333333333333336,77.33333333333333,108.33333333333333,128.33333333333334,148.0,151.0,156.0,160.0,163.0,167.0,170.0,172.0,159.0,159.0,158.0,157.0,159.0,165.0,173.0,179.0,180.33333333333334,178.33333333333334,164.33333333333334,146.33333333333334,141.33333333333334,149.33333333333334,169.33333333333334,169.33333333333334,170.33333333333334,170.33333333333334,171.33333333333334,172.33333333333334,172.33333333333334,172.33333333333334,167.33333333333334,167.33333333333334,173.33333333333334,173.33333333333334,170.33333333333334,176.33333333333334,175.33333333333334,160.33333333333334,135.0,112.33333333333333,91.33333333333333,88.33333333333333,108.33333333333333,139.66666666666666,137.66666666666666,106.66666666666667,100.66666666666667,96.33333333333333,101.33333333333333,121.33333333333333,149.33333333333334,165.0,163.0,152.0,114.33333333333333,93.66666666666667,94.0,115.66666666666667,134.33333333333334,147.66666666666666,152.33333333333334,146.33333333333334,112.66666666666667,106.66666666666667,94.33333333333333,89.33333333333333,101.66666666666667,116.66666666666667,112.66666666666667,97.33333333333333,113.66666666666667,116.0,114.0,102.0,85.66666666666667,76.33333333333333,77.33333333333333,81.66666666666667,81.66666666666667,78.33333333333333,81.0,88.66666666666667,88.0,79.0,76.33333333333333,81.0,82.33333333333333,82.0,78.0,70.0,62.0,57.666666666666664,57.666666666666664,58.666666666666664,70.66666666666667,68.33333333333333,63.0,56.0,50.0,48.0,50.333333333333336,53.666666666666664,59.666666666666664,50.333333333333336,43.333333333333336,46.333333333333336,52.333333333333336,52.666666666666664,52.666666666666664,52.333333333333336,66.33333333333333,63.333333333333336,64.33333333333333,79.0,92.0,79.0,62.0,63.333333333333336,64.0,74.33333333333333,84.0,83.0,79.0,80.0,84.0,84.66666666666667,71.66666666666667,71.66666666666667,73.33333333333333,78.33333333333333,84.33333333333333,87.33333333333333,87.66666666666667,85.66666666666667,84.0,91.33333333333333,99.33333333333333,104.33333333333333,105.33333333333333,97.33333333333333,79.33333333333333,61.333333333333336,61.333333333333336,65.33333333333333,68.33333333333333,62.333333333333336,55.333333333333336,62.333333333333336,82.33333333333333,99.33333333333333,103.0,115.0,124.0,122.0,123.0,128.0,129.0,126.0,121.0,121.0,119.0,115.0,114.0,119.0,131.0,140.0,164.33333333333334,157.66666666666666,139.66666666666666,122.66666666666667,119.66666666666667,126.66666666666667,164.33333333333334,165.33333333333334,167.33333333333334,169.33333333333334,171.33333333333334,172.33333333333334,173.33333333333334,174.33333333333334,165.33333333333334,166.33333333333334,173.33333333333334,175.33333333333334,169.33333333333334,173.33333333333334,173.33333333333334,160.33333333333334,142.0,123.0,101.33333333333333,92.33333333333333,110.33333333333333,145.33333333333334,149.33333333333334,119.66666666666667,120.66666666666667,116.66666666666667,121.66666666666667,137.33333333333334,152.33333333333334,156.33333333333334,154.33333333333334,151.0,125.66666666666667,106.66666666666667,114.33333333333333,140.66666666666666,154.66666666666666,156.33333333333334,154.0,147.33333333333334,138.66666666666666,134.66666666666666,125.66666666666667,120.66666666666667,130.66666666666666,141.66666666666666,135.66666666666666,121.0,125.0,119.66666666666667,107.33333333333333,90.0,76.0,74.66666666666667,79.66666666666667,84.33333333333333,79.0,75.66666666666667,81.33333333333333,94.0,97.66666666666667,87.0,76.33333333333333,72.33333333333333,74.0,76.0,71.0,59.333333333333336,55.333333333333336,60.0,62.0,58.666666666666664,73.66666666666667,71.66666666666667,68.33333333333333,61.0,55.0,53.0,55.333333333333336,59.333333333333336,54.333333333333336,50.333333333333336,51.333333333333336,60.333333333333336,65.33333333333333,61.333333333333336,52.333333333333336,47.333333333333336,65.33333333333333,66.33333333333333,74.0,101.0,125.0,113.0,87.0,77.0,70.33333333333333,74.0,72.66666666666667,74.0,85.66666666666667,87.66666666666667,78.66666666666667,70.66666666666667,66.66666666666667,66.66666666666667,69.66666666666667,78.66666666666667,90.66666666666667,99.66666666666667,104.33333333333333,104.33333333333333,107.33333333333333,123.33333333333333,138.33333333333334,144.33333333333334,143.33333333333334,131.33333333333334,101.33333333333333,72.33333333333333,63.333333333333336,70.33333333333333,70.33333333333333,67.33333333333333,69.33333333333333,70.33333333333333,77.33333333333333,88.33333333333333,107.0,128.0,141.0,136.0,132.0,135.0,133.0,125.0,133.0,132.0,129.0,124.0,119.0,116.0,115.0,116.0,117.66666666666667,119.66666666666667,118.66666666666667,116.66666666666667,119.66666666666667,125.66666666666667,162.33333333333334,163.33333333333334,165.33333333333334,167.33333333333334,170.33333333333334,172.33333333333334,174.33333333333334,176.33333333333334,165.33333333333334,167.33333333333334,175.33333333333334,175.33333333333334,166.33333333333334,167.33333333333334,173.33333333333334,168.33333333333334,152.0,137.0,120.0,109.0,120.0,152.33333333333334,163.33333333333334,145.33333333333334,140.33333333333334,141.66666666666666,147.66666666666666,152.66666666666666,149.66666666666666,143.33333333333334,142.33333333333334,146.0,137.0,121.66666666666667,130.33333333333334,151.33333333333334,153.33333333333334,148.66666666666666,148.0,146.33333333333334,156.0,150.33333333333334,145.33333333333334,141.33333333333334,139.33333333333334,136.33333333333334,133.0,129.33333333333334,119.0,116.33333333333333,108.66666666666667,96.66666666666667,93.0,94.0,95.33333333333333,91.66666666666667,73.66666666666667,71.0,78.33333333333333,94.33333333333333,101.66666666666667,91.66666666666667,79.0,72.0,73.33333333333333,73.33333333333333,64.33333333333333,54.0,56.0,66.33333333333333,67.33333333333333,60.0,71.66666666666667,72.66666666666667,72.66666666666667,68.33333333333333,60.333333333333336,56.333333333333336,58.0,61.0,58.333333333333336,59.333333333333336,64.33333333333333,72.33333333333333,74.0,68.0,61.0,60.0,70.0,71.0,80.0,113.0,146.0,139.0,108.33333333333333,90.33333333333333,73.66666666666667,80.66666666666667,73.66666666666667,70.66666666666667,83.66666666666667,82.66666666666667,71.66666666666667,70.33333333333333,84.66666666666667,89.66666666666667,100.33333333333333,115.33333333333333,130.33333333333334,139.33333333333334,143.0,143.0,139.33333333333334,150.33333333333334,157.33333333333334,155.33333333333334,149.33333333333334,135.33333333333334,107.33333333333333,80.33333333333333,79.33333333333333,84.33333333333333,78.33333333333333,79.33333333333333,94.33333333333333,92.33333333333333,82.33333333333333,84.33333333333333,128.0,156.0,178.0,177.0,173.0,175.0,173.0,166.0,173.0,171.0,170.0,170.0,167.0,157.0,142.0,130.0,106.66666666666667,118.66666666666667,132.66666666666666,142.66666666666666,149.66666666666666,156.66666666666666,165.33333333333334,164.33333333333334,164.33333333333334,165.33333333333334,166.33333333333334,169.33333333333334,172.33333333333334,173.33333333333334,167.33333333333334,167.33333333333334,175.33333333333334,176.33333333333334,166.33333333333334,169.33333333333334,179.33333333333334,180.33333333333334,156.0,144.0,135.0,129.0,135.0,158.0,172.33333333333334,164.33333333333334,168.33333333333334,173.33333333333334,172.66666666666666,164.66666666666666,149.66666666666666,139.66666666666666,135.33333333333334,136.0,132.66666666666666,121.66666666666667,129.33333333333334,139.33333333333334,135.66666666666666,134.33333333333334,142.0,144.0,150.66666666666666,150.0,147.0,136.33333333333334,122.0,112.0,111.0,115.0,98.0,107.0,112.33333333333333,110.33333333333333,109.33333333333333,109.0,100.66666666666667,89.33333333333333,71.33333333333333,68.0,75.66666666666667,93.33333333333333,103.0,95.66666666666667,85.0,81.0,82.0,79.0,70.0,63.333333333333336,66.33333333333333,75.0,73.0,64.33333333333333,66.0,71.66666666666667,73.66666666666667,70.66666666666667,63.333333333333336,57.333333333333336,58.0,59.333333333333336,63.0,62.333333333333336,64.33333333333333,68.0,66.0,63.333333333333336,65.33333333333333,71.33333333333333,73.0,72.0,76.0,103.0,135.0,134.0,110.33333333333333,96.33333333333333,95.66666666666667,112.66666666666667,99.66666666666667,78.66666666666667,75.66666666666667,69.33333333333333,66.33333333333333,84.33333333333333,117.33333333333333,127.33333333333333,144.33333333333334,161.0,171.0,174.0,172.0,169.0,171.0,170.33333333333334,164.33333333333334,152.33333333333334,139.33333333333334,126.33333333333333,110.33333333333333,97.33333333333333,104.33333333333333,103.33333333333333,87.33333333333333,93.33333333333333,122.33333333333333,119.33333333333333,91.33333333333333,82.33333333333333,106.0,138.0,170.0,181.0,180.0,180.0,181.0,180.0,181.0,179.0,180.0,186.0,189.0,182.0,165.0,151.33333333333334,151.66666666666666,159.66666666666666,168.66666666666666,173.66666666666666,174.66666666666666,176.66666666666666,170.33333333333334,168.33333333333334,164.33333333333334,162.33333333333334,161.33333333333334,162.33333333333334,165.33333333333334,167.33333333333334,168.33333333333334,164.33333333333334,169.33333333333334,172.33333333333334,166.33333333333334,170.33333333333334,179.33333333333334,178.33333333333334,166.33333333333334,152.66666666666666,149.66666666666666,152.66666666666666,155.0,166.0,176.0,172.0,179.33333333333334,180.33333333333334,172.0,159.0,151.0,149.0,140.0,127.0,115.33333333333333,112.33333333333333,123.33333333333333,130.66666666666666,128.0,132.0,138.66666666666666,135.33333333333334,134.33333333333334,146.66666666666666,144.66666666666666,121.0,102.66666666666667,100.66666666666667,105.66666666666667,104.66666666666667,95.66666666666667,112.66666666666667,124.0,118.33333333333333,110.33333333333333,106.0,97.66666666666667,88.33333333333333,80.33333333333333,75.66666666666667,79.66666666666667,94.33333333333333,102.0,96.66666666666667,89.0,88.0,83.66666666666667,82.66666666666667,81.66666666666667,81.0,82.0,81.33333333333333,77.0,72.33333333333333,65.33333333333333,71.0,74.66666666666667,70.66666666666667,62.666666666666664,57.666666666666664,58.333333333333336,61.333333333333336,62.0,60.0,61.0,64.33333333333333,63.333333333333336,63.0,67.0,74.0,74.33333333333333,72.33333333333333,69.0,81.0,104.33333333333333,108.33333333333333,99.33333333333333,98.33333333333333,126.33333333333333,141.33333333333334,118.33333333333333,86.33333333333333,83.33333333333333,80.0,88.0,119.0,149.0,159.0,171.0,179.33333333333334,180.66666666666666,179.66666666666666,178.66666666666666,179.66666666666666,186.0,181.0,173.0,164.0,149.0,134.0,127.0,126.0,131.0,124.0,99.0,109.0,152.0,150.0,108.0,87.33333333333333,89.0,121.0,160.0,179.0,178.0,172.0,174.0,179.0,178.0,175.0,175.0,178.0,184.0,184.0,179.0,173.33333333333334,183.66666666666666,182.66666666666666,182.66666666666666,181.66666666666666,179.66666666666666,177.66666666666666,175.33333333333334,171.33333333333334,165.33333333333334,159.33333333333334,156.33333333333334,157.33333333333334,159.33333333333334,161.33333333333334,168.33333333333334,159.33333333333334,161.33333333333334,166.33333333333334,163.33333333333334,167.33333333333334,171.33333333333334,167.33333333333334,182.0,165.0,164.66666666666666,174.33333333333334,175.66666666666666,177.33333333333334,179.66666666666666,174.33333333333334,166.0,162.33333333333334,151.0,141.33333333333334,150.0,162.0,151.66666666666666,128.66666666666666,102.66666666666667,107.66666666666667,125.66666666666667,136.0,136.33333333333334,141.33333333333334,140.66666666666666,128.0,123.33333333333333,147.33333333333334,145.66666666666666,113.66666666666667,96.66666666666667,108.66666666666667,116.66666666666667,107.66666666666667,115.66666666666667,133.66666666666666,140.66666666666666,125.0,105.66666666666667,100.0,97.0,95.33333333333333,93.33333333333333,85.66666666666667,86.66666666666667,96.33333333333333,100.33333333333333,93.33333333333333,88.0,88.0,78.0,80.33333333333333,88.0,93.0,91.66666666666667,83.66666666666667,80.0,79.33333333333333,67.0,72.33333333333333,75.0,71.66666666666667,62.666666666666664,59.333333333333336,61.333333333333336,65.33333333333333,63.333333333333336,62.0,65.0,72.33333333333333,74.33333333333333,72.33333333333333,71.0,73.0,77.33333333333333,75.33333333333333,67.0,66.0,79.33333333333333,85.33333333333333,90.33333333333333,101.33333333333333,137.33333333333334,144.66666666666666,111.66666666666667,84.66666666666667,100.0,112.0,126.33333333333333,160.33333333333334,170.33333333333334,174.33333333333334,178.33333333333334,176.33333333333334,171.33333333333334,171.33333333333334,177.33333333333334,184.33333333333334,183.0,179.33333333333334,181.0,180.33333333333334,168.0,148.33333333333334,143.0,147.33333333333334,148.0,136.33333333333334,107.0,119.33333333333333,174.0,172.33333333333334,124.0,99.0,92.0,122.0,161.0,183.0,179.0,165.0,165.0,173.0,171.0,167.0,163.0,161.0,163.0,169.0,175.0,179.33333333333334,175.66666666666666,171.66666666666666,170.66666666666666,174.66666666666666,179.66666666666666,179.66666666666666,158.33333333333334,163.33333333333334,168.33333333333334,167.33333333333334,163.33333333333334,160.33333333333334,159.33333333333334,160.33333333333334,159.33333333333334,161.33333333333334,162.33333333333334,161.33333333333334,159.33333333333334,158.33333333333334,161.33333333333334,164.0,172.0,172.0,177.0,183.0,184.66666666666666,177.66666666666666,168.66666666666666,161.33333333333334,145.33333333333334,136.0,130.66666666666666,143.66666666666666,162.33333333333334,167.33333333333334,148.33333333333334,124.33333333333333,108.66666666666667,121.0,139.0,146.0,140.0,128.33333333333334,123.33333333333333,124.33333333333333,126.0,151.0,149.66666666666666,114.66666666666667,93.0,105.0,113.0,104.0,117.0,146.0,157.66666666666666,134.66666666666666,113.33333333333333,113.66666666666667,116.33333333333333,109.66666666666667,104.0,99.0,93.66666666666667,93.33333333333333,94.33333333333333,95.33333333333333,92.33333333333333,89.33333333333333,79.33333333333333,85.33333333333333,91.33333333333333,92.33333333333333,87.33333333333333,80.33333333333333,75.0,73.66666666666667,76.0,79.0,74.33333333333333,66.66666666666667,64.33333333333333,67.0,66.33333333333333,61.0,61.0,62.333333333333336,67.33333333333333,76.0,83.0,83.0,78.33333333333333,73.33333333333333,68.0,84.0,83.0,72.0,76.33333333333333,86.33333333333333,96.33333333333333,108.66666666666667,117.66666666666667,115.33333333333333,103.33333333333333,108.33333333333333,139.33333333333334,164.33333333333334,174.0,179.0,177.0,175.0,173.0,172.0,173.0,173.0,172.0,170.0,165.0,170.0,176.0,181.0,182.0,180.0,176.0,172.0,161.0,147.0,139.0,149.0,166.0,168.0,149.0,128.0,101.0,112.0,148.0,181.0,182.0,172.0,170.0,168.0,162.0,162.0,163.0,164.0,167.0,171.0,174.0,176.0,170.33333333333334,170.33333333333334,170.66666666666666,171.33333333333334,170.66666666666666,169.33333333333334,163.33333333333334,161.33333333333334,160.33333333333334,159.33333333333334,160.33333333333334,161.33333333333334,161.33333333333334,161.33333333333334,163.33333333333334,165.33333333333334,168.33333333333334,168.33333333333334,166.33333333333334,166.33333333333334,169.33333333333334,171.0,169.33333333333334,167.33333333333334,167.0,170.0,170.66666666666666,167.33333333333334,162.0,158.0,145.33333333333334,148.0,151.33333333333334,156.0,159.33333333333334,159.66666666666666,151.66666666666666,141.0,137.33333333333334,139.0,142.33333333333334,138.33333333333334,126.33333333333333,113.33333333333333,111.0,114.0,136.0,151.0,144.33333333333334,112.33333333333333,93.33333333333333,101.0,110.0,108.0,123.0,139.0,149.66666666666666,145.66666666666666,138.33333333333334,133.66666666666666,126.33333333333333,118.33333333333333,115.0,102.0,88.66666666666667,82.66666666666667,86.66666666666667,92.66666666666667,92.66666666666667,89.66666666666667,86.66666666666667,85.66666666666667,85.33333333333333,81.33333333333333,77.33333333333333,76.33333333333333,79.33333333333333,84.0,89.0,87.33333333333333,80.33333333333333,69.66666666666667,64.33333333333333,66.33333333333333,65.66666666666667,61.333333333333336,64.33333333333333,67.0,72.0,76.0,77.0,77.0,77.33333333333333,76.33333333333333,73.0,83.0,82.0,79.0,87.33333333333333,91.33333333333333,95.33333333333333,106.33333333333333,101.33333333333333,118.0,128.0,141.0,166.0,179.0,180.0,183.0,177.0,175.0,172.0,172.0,172.0,173.0,172.0,170.0,169.0,171.0,173.0,176.0,177.0,177.0,176.0,175.0,170.0,161.0,154.0,156.0,163.0,162.0,151.0,140.0,121.0,127.0,154.0,178.0,175.0,168.0,170.0,170.0,172.0,172.0,171.0,171.0,173.0,175.0,177.0,178.0,174.33333333333334,174.33333333333334,174.33333333333334,174.33333333333334,174.33333333333334,173.33333333333334,169.33333333333334,161.33333333333334,154.33333333333334,151.33333333333334,155.33333333333334,160.33333333333334,161.33333333333334,161.33333333333334,163.33333333333334,166.33333333333334,168.33333333333334,169.33333333333334,168.33333333333334,167.33333333333334,167.33333333333334,167.0,170.33333333333334,165.33333333333334,158.0,152.0,149.66666666666666,149.33333333333334,148.0,145.33333333333334,151.66666666666666,160.0,164.66666666666666,163.33333333333334,161.66666666666666,160.33333333333334,156.33333333333334,149.33333333333334,155.0,146.0,135.0,124.0,110.33333333333333,99.33333333333333,101.0,107.0,128.0,129.0,119.0,97.0,82.0,85.33333333333333,96.33333333333333,102.33333333333333,120.66666666666667,119.0,130.66666666666666,149.33333333333334,155.33333333333334,139.0,119.33333333333333,107.66666666666667,105.66666666666667,92.0,79.66666666666667,76.66666666666667,83.66666666666667,89.66666666666667,87.66666666666667,83.66666666666667,87.33333333333333,84.33333333333333,79.33333333333333,74.33333333333333,72.33333333333333,75.33333333333333,81.0,86.0,96.0,91.0,80.0,68.66666666666667,64.33333333333333,65.33333333333333,65.66666666666667,62.666666666666664,61.0,66.33333333333333,72.0,73.0,71.0,71.0,75.33333333333333,79.33333333333333,78.33333333333333,79.33333333333333,80.66666666666667,88.66666666666667,96.66666666666667,89.66666666666667,85.66666666666667,99.33333333333333,114.33333333333333,143.0,164.0,175.0,183.0,180.0,173.0,176.0,176.0,174.0,172.0,171.0,172.0,173.0,172.0,170.0,172.0,171.0,171.0,171.0,172.0,174.0,176.0,177.0,173.0,171.0,168.0,164.0,160.0,158.0,157.0,157.0,144.0,142.0,157.0,169.0,163.0,158.0,165.0,168.0,178.0,176.0,175.0,173.0,173.0,173.0,174.0,175.0,176.33333333333334,176.33333333333334,176.33333333333334,176.33333333333334,176.33333333333334,175.33333333333334,173.33333333333334,166.33333333333334,158.33333333333334,153.33333333333334,153.33333333333334,155.33333333333334,157.33333333333334,157.33333333333334,164.33333333333334,165.33333333333334,167.33333333333334,167.33333333333334,166.33333333333334,163.33333333333334,160.33333333333334,159.33333333333334,157.0,154.0,148.33333333333334,141.0,140.66666666666666,145.33333333333334,149.33333333333334,149.33333333333334,163.33333333333334,165.33333333333334,164.66666666666666,162.0,165.0,166.66666666666666,155.66666666666666,139.66666666666666,142.0,129.0,117.0,110.0,101.33333333333333,95.33333333333333,101.0,111.0,112.0,101.0,89.0,82.33333333333333,77.33333333333333,77.33333333333333,85.33333333333333,95.33333333333333,107.33333333333333,97.66666666666667,112.0,144.66666666666666,151.0,121.0,93.66666666666667,85.33333333333333,83.0,80.66666666666667,79.66666666666667,83.66666666666667,90.33333333333333,89.66666666666667,85.33333333333333,78.33333333333333,79.33333333333333,79.33333333333333,79.0,77.33333333333333,76.0,75.0,75.0,75.66666666666667,87.33333333333333,82.0,74.0,66.66666666666667,66.0,66.33333333333333,65.66666666666667,63.666666666666664,61.0,64.33333333333333,70.0,73.0,74.0,76.0,78.33333333333333,81.33333333333333,79.33333333333333,77.33333333333333,81.66666666666667,96.66666666666667,101.66666666666667,83.66666666666667,78.66666666666667,100.33333333333333,148.33333333333334,172.0,185.0,183.0,180.0,172.0,167.0,172.0,176.0,173.0,171.0,171.0,172.0,173.0,172.0,171.0,172.0,171.0,170.0,170.0,171.0,173.0,175.0,176.0,169.0,171.0,172.0,168.0,163.0,162.0,166.0,171.0,165.0,158.0,164.0,168.0,159.0,157.0,165.0,168.0,179.0,177.0,175.0,174.0,173.0,173.0,174.0,174.0,175.33333333333334,176.33333333333334,176.33333333333334,176.33333333333334,176.33333333333334,175.33333333333334,174.33333333333334,173.33333333333334,169.33333333333334,163.33333333333334,156.33333333333334,152.33333333333334,153.33333333333334,154.33333333333334,163.33333333333334,163.33333333333334,164.33333333333334,165.33333333333334,165.33333333333334,163.33333333333334,160.33333333333334,158.33333333333334,140.0,144.0,145.33333333333334,144.0,149.66666666666666,160.66666666666666,168.66666666666666,169.66666666666666,167.0,169.33333333333334,166.0,160.66666666666666,160.66666666666666,161.33333333333334,149.33333333333334,130.66666666666666,121.0,111.0,106.33333333333333,107.33333333333333,104.33333333333333,98.33333333333333,103.0,114.0,113.33333333333333,91.33333333333333,79.33333333333333,86.0,92.0,89.0,88.66666666666667,94.33333333333333,91.0,87.33333333333333,107.66666666666667,138.33333333333334,136.0,99.66666666666667,74.33333333333333,72.66666666666667,76.0,83.66666666666667,92.33333333333333,97.33333333333333,95.33333333333333,90.33333333333333,85.33333333333333,82.33333333333333,77.0,77.0,78.66666666666667,78.0,76.66666666666667,73.66666666666667,69.66666666666667,67.0,80.0,74.33333333333333,70.66666666666667,69.66666666666667,72.0,69.33333333333333,65.66666666666667,61.666666666666664,68.33333333333333,69.0,73.0,78.0,84.33333333333333,85.33333333333333,83.33333333333333,80.33333333333333,73.66666666666667,72.66666666666667,80.33333333333333,97.33333333333333,97.33333333333333,77.33333333333333,80.33333333333333,111.66666666666667,164.33333333333334,180.0,181.0,174.0,174.0,171.0,170.0,177.0,175.0,172.0,170.0,170.0,172.0,172.0,172.0,171.0,170.0,170.0,171.0,172.0,172.0,173.0,173.0,173.0,169.0,171.0,173.0,173.0,172.0,172.0,174.0,176.0,179.0,172.0,176.0,177.0,167.0,167.0,174.0,175.0,179.0,178.0,177.0,176.0,176.0,177.0,179.0,180.0,176.33333333333334,176.33333333333334,176.33333333333334,176.33333333333334,176.33333333333334,175.33333333333334,174.33333333333334,177.33333333333334,178.33333333333334,173.33333333333334,164.33333333333334,158.33333333333334,156.33333333333334,158.33333333333334,156.33333333333334,156.33333333333334,156.33333333333334,158.33333333333334,159.33333333333334,159.33333333333334,157.33333333333334,155.33333333333334,148.0,156.33333333333334,161.0,159.0,163.33333333333334,172.66666666666666,177.66666666666666,175.33333333333334,165.33333333333334,172.66666666666666,169.33333333333334,155.33333333333334,145.33333333333334,145.33333333333334,139.0,127.66666666666667,115.0,108.33333333333333,109.33333333333333,115.33333333333333,110.33333333333333,100.33333333333333,103.0,114.0,121.33333333333333,93.0,78.0,92.66666666666667,108.66666666666667,105.66666666666667,95.33333333333333,90.66666666666667,75.0,85.66666666666667,112.33333333333333,130.0,114.66666666666667,81.33333333333333,66.33333333333333,72.0,80.66666666666667,88.33333333333333,95.33333333333333,93.33333333333333,86.33333333333333,79.33333333333333,78.33333333333333,81.0,82.66666666666667,79.66666666666667,76.0,73.66666666666667,73.0,72.0,70.0,68.33333333333333,79.33333333333333,74.0,72.66666666666667,76.33333333333333,79.33333333333333,73.66666666666667,65.33333333333333,59.666666666666664,69.33333333333333,69.0,71.0,77.33333333333333,84.33333333333333,86.33333333333333,81.33333333333333,76.66666666666667,67.66666666666667,66.66666666666667,71.33333333333333,83.33333333333333,83.33333333333333,68.33333333333333,81.33333333333333,119.66666666666667,168.33333333333334,179.0,175.0,169.0,172.0,171.0,168.0,171.0,174.0,172.0,170.0,170.0,171.0,172.0,172.0,171.0,169.0,170.0,172.0,173.0,174.0,173.0,172.0,171.0,176.0,176.0,177.0,178.0,180.0,180.0,178.0,175.0,179.0,174.0,178.0,179.0,171.0,172.0,177.0,174.0,174.0,173.0,173.0,173.0,174.0,176.0,178.0,180.0,177.33333333333334,177.33333333333334,178.33333333333334,178.33333333333334,177.33333333333334,176.33333333333334,174.33333333333334,176.33333333333334,177.33333333333334,177.33333333333334,174.33333333333334,171.33333333333334,168.33333333333334,167.33333333333334,159.33333333333334,156.33333333333334,153.33333333333334,153.33333333333334,154.33333333333334,153.33333333333334,150.33333333333334,147.33333333333334,161.33333333333334,171.33333333333334,176.0,170.0,169.33333333333334,175.33333333333334,176.33333333333334,171.0,172.0,170.66666666666666,156.0,135.66666666666666,129.33333333333334,133.66666666666666,129.0,114.66666666666667,115.33333333333333,110.0,114.0,121.0,114.0,100.0,103.0,118.0,122.33333333333333,90.0,72.66666666666667,90.66666666666667,118.33333333333333,120.33333333333333,103.0,86.66666666666667,70.66666666666667,97.0,124.33333333333333,123.66666666666667,98.33333333333333,73.0,68.66666666666667,76.33333333333333,80.66666666666667,85.33333333333333,88.66666666666667,86.66666666666667,80.0,74.0,73.0,73.66666666666667,84.0,80.0,76.33333333333333,74.0,75.33333333333333,75.33333333333333,73.33333333333333,72.33333333333333,80.33333333333333,74.0,71.66666666666667,78.33333333333333,81.33333333333333,74.66666666666667,66.33333333333333,61.333333333333336,64.66666666666667,66.66666666666667,70.66666666666667,76.66666666666667,82.66666666666667,85.66666666666667,87.66666666666667,88.33333333333333,84.33333333333333,78.33333333333333,72.66666666666667,76.66666666666667,77.66666666666667,69.66666666666667,86.66666666666667,124.66666666666667,170.33333333333334,179.0,174.0,167.0,171.0,171.0,166.0,168.0,173.0,171.0,169.0,169.0,171.0,172.0,172.0,171.0,171.0,172.0,172.0,173.0,173.0,173.0,173.0,173.0,179.0,178.0,177.0,178.0,180.0,180.0,178.0,176.0,174.0,170.0,175.0,176.0,168.0,171.0,175.0,169.0,170.0,170.0,170.0,170.0,172.0,174.0,176.0,178.0,175.33333333333334,176.33333333333334,176.33333333333334,176.33333333333334,176.33333333333334,175.33333333333334,175.33333333333334,173.33333333333334,173.33333333333334,177.33333333333334,181.33333333333334,182.33333333333334,179.33333333333334,175.33333333333334,171.33333333333334,167.33333333333334,161.33333333333334,157.33333333333334,155.33333333333334,152.33333333333334,148.33333333333334,144.33333333333334,157.33333333333334,169.33333333333334,175.0,170.0,170.33333333333334,178.33333333333334,181.33333333333334,176.0,182.0,164.66666666666666,134.0,113.66666666666667,120.33333333333333,134.33333333333334,122.33333333333333,97.33333333333333,114.0,109.33333333333333,113.33333333333333,120.33333333333333,112.33333333333333,100.0,106.0,125.33333333333333,123.0,87.66666666666667,67.66666666666667,89.33333333333333,124.0,131.33333333333334,112.33333333333333,91.0,81.0,114.66666666666667,138.66666666666666,126.33333333333333,95.0,75.33333333333333,75.66666666666667,81.33333333333333,78.66666666666667,82.33333333333333,86.66666666666667,88.66666666666667,86.0,80.0,74.66666666666667,70.33333333333333,80.33333333333333,79.33333333333333,78.33333333333333,80.33333333333333,82.33333333333333,80.33333333333333,76.33333333333333,72.0,77.33333333333333,70.0,67.66666666666667,76.33333333333333,81.33333333333333,75.66666666666667,67.33333333333333,64.33333333333333,63.666666666666664,68.66666666666667,76.66666666666667,81.66666666666667,86.66666666666667,93.66666666666667,103.33333333333333,110.33333333333333,115.33333333333333,103.33333333333333,87.66666666666667,83.66666666666667,84.66666666666667,81.66666666666667,98.66666666666667,133.33333333333334,165.0,174.0,170.0,164.0,170.0,173.0,174.0,180.0,173.0,171.0,169.0,169.0,171.0,172.0,172.0,171.0,174.0,173.0,172.0,172.0,172.0,173.0,174.0,175.0,175.0,174.0,174.0,174.0,175.0,177.0,178.0,179.0,175.0,171.0,176.0,176.0,169.0,172.0,176.0,170.0,174.0,174.0,173.0,174.0,175.0,177.0,180.0,181.0,172.33333333333334,172.33333333333334,173.33333333333334,173.33333333333334,172.33333333333334,171.33333333333334,182.33333333333334,179.33333333333334,176.33333333333334,176.33333333333334,180.33333333333334,183.33333333333334,182.33333333333334,180.33333333333334,180.33333333333334,180.33333333333334,179.33333333333334,177.33333333333334,173.33333333333334,168.33333333333334,162.33333333333334,159.33333333333334,176.0,178.0,179.33333333333334,178.33333333333334,177.33333333333334,176.33333333333334,178.0,179.33333333333334,187.33333333333334,149.66666666666666,119.0,123.66666666666667,144.66666666666666,148.66666666666666,130.66666666666666,110.0,112.66666666666667,102.66666666666667,106.0,123.0,126.0,114.33333333333333,112.33333333333333,122.33333333333333,111.0,94.66666666666667,74.66666666666667,87.33333333333333,130.0,146.33333333333334,120.66666666666667,94.33333333333333,98.33333333333333,122.33333333333333,135.33333333333334,121.0,104.0,96.33333333333333,86.66666666666667,72.33333333333333,73.66666666666667,82.33333333333333,87.66666666666667,85.66666666666667,81.0,79.0,82.66666666666667,86.33333333333333,106.33333333333333,93.0,72.0,74.0,95.33333333333333,99.33333333333333,83.0,71.0,77.33333333333333,70.0,67.66666666666667,73.33333333333333,78.33333333333333,76.66666666666667,78.33333333333333,82.33333333333333,71.33333333333333,73.33333333333333,76.33333333333333,84.33333333333333,99.33333333333333,120.33333333333333,139.66666666666666,149.66666666666666,145.66666666666666,135.66666666666666,130.33333333333334,121.33333333333333,94.33333333333333,75.33333333333333,98.33333333333333,139.0,178.0,170.0,161.0,159.0,163.0,169.0,173.0,173.0,169.0,168.0,167.0,166.0,166.0,166.0,168.0,168.0,171.0,173.0,174.0,174.0,172.0,171.0,171.0,172.0,180.0,178.0,177.0,176.0,177.0,177.0,176.0,174.0,171.0,171.0,172.0,172.0,172.0,171.0,171.0,170.0,173.0,171.0,170.0,169.0,171.0,174.0,178.0,181.0,178.33333333333334,177.33333333333334,175.33333333333334,173.33333333333334,171.33333333333334,169.33333333333334,182.33333333333334,180.33333333333334,177.33333333333334,176.33333333333334,177.33333333333334,178.33333333333334,177.33333333333334,177.33333333333334,180.33333333333334,179.33333333333334,178.33333333333334,177.33333333333334,176.33333333333334,175.33333333333334,175.33333333333334,174.33333333333334,178.0,178.0,177.33333333333334,175.33333333333334,173.33333333333334,174.33333333333334,178.0,180.33333333333334,175.33333333333334,146.66666666666666,124.33333333333333,132.66666666666666,152.0,154.33333333333334,136.66666666666666,117.66666666666667,111.0,100.33333333333333,102.33333333333333,115.66666666666667,116.66666666666667,101.0,92.0,95.33333333333333,95.0,87.66666666666667,76.66666666666667,94.33333333333333,134.0,144.33333333333334,115.33333333333333,86.33333333333333,107.66666666666667,124.0,129.0,112.0,98.33333333333333,95.33333333333333,89.66666666666667,77.66666666666667,81.33333333333333,87.66666666666667,90.33333333333333,86.66666666666667,79.66666666666667,80.0,86.66666666666667,94.33333333333333,98.33333333333333,88.0,72.0,74.0,91.33333333333333,96.33333333333333,87.0,79.0,81.33333333333333,68.33333333333333,60.666666666666664,62.666666666666664,68.0,69.33333333333333,70.66666666666667,72.66666666666667,74.33333333333333,77.33333333333333,85.33333333333333,100.33333333333333,123.33333333333333,144.33333333333334,157.66666666666666,162.66666666666666,158.66666666666666,156.33333333333334,156.33333333333334,147.33333333333334,117.33333333333333,95.0,113.0,151.0,180.0,172.0,164.0,161.0,165.0,169.0,170.0,170.0,168.0,168.0,167.0,167.0,168.0,169.0,170.0,172.0,168.0,170.0,171.0,171.0,169.0,168.0,169.0,170.0,172.0,171.0,172.0,174.0,177.0,178.0,177.0,176.0,174.0,175.0,176.0,176.0,177.0,176.0,176.0,175.0,178.0,177.0,175.0,174.0,174.0,175.0,177.0,178.0,179.33333333333334,179.33333333333334,179.33333333333334,178.33333333333334,178.33333333333334,178.33333333333334,166.33333333333334,167.33333333333334,167.33333333333334,166.33333333333334,164.33333333333334,164.33333333333334,166.33333333333334,167.33333333333334,172.33333333333334,170.33333333333334,166.33333333333334,165.33333333333334,165.33333333333334,168.33333333333334,171.33333333333334,174.33333333333334,169.0,168.0,165.33333333333334,162.33333333333334,161.33333333333334,162.33333333333334,167.0,170.33333333333334,164.0,144.66666666666666,133.0,141.0,156.33333333333334,156.0,139.66666666666666,123.33333333333333,106.33333333333333,95.66666666666667,94.33333333333333,105.0,106.33333333333333,92.66666666666667,81.0,79.0,88.0,84.66666666666667,78.66666666666667,93.33333333333333,128.0,135.33333333333334,111.33333333333333,88.66666666666667,113.33333333333333,125.66666666666667,127.66666666666667,112.66666666666667,99.66666666666667,93.66666666666667,86.66666666666667,76.66666666666667,75.66666666666667,82.33333333333333,88.0,86.33333333333333,80.66666666666667,79.33333333333333,86.66666666666667,96.33333333333333,90.33333333333333,81.0,68.33333333333333,66.33333333333333,76.33333333333333,86.33333333333333,91.33333333333333,92.33333333333333,92.0,78.33333333333333,66.0,64.66666666666667,68.33333333333333,71.0,71.0,72.33333333333333,78.33333333333333,81.0,93.0,120.0,150.0,170.0,176.33333333333334,174.33333333333334,165.33333333333334,170.0,178.0,173.0,145.0,122.33333333333333,135.33333333333334,165.33333333333334,179.0,173.0,167.0,164.0,165.0,167.0,166.0,165.0,166.0,166.0,166.0,167.0,168.0,169.0,171.0,172.0,168.0,170.0,171.0,171.0,169.0,169.0,170.0,171.0,169.0,169.0,171.0,174.0,178.0,179.0,178.0,177.0,177.0,178.0,179.0,180.0,180.0,181.0,180.0,180.0,188.0,188.0,186.0,184.0,183.0,181.0,180.0,179.0,178.33333333333334,178.33333333333334,179.33333333333334,179.33333333333334,180.33333333333334,181.33333333333334,150.33333333333334,153.33333333333334,156.33333333333334,156.33333333333334,155.33333333333334,156.33333333333334,160.33333333333334,163.33333333333334,163.33333333333334,160.33333333333334,157.33333333333334,154.33333333333334,153.33333333333334,155.33333333333334,158.33333333333334,160.33333333333334,159.0,159.0,158.33333333333334,155.33333333333334,154.33333333333334,154.33333333333334,157.0,159.33333333333334,157.0,147.33333333333334,141.66666666666666,147.0,154.0,152.66666666666666,139.33333333333334,126.66666666666667,107.66666666666667,95.33333333333333,88.66666666666667,95.66666666666667,104.0,102.33333333333333,96.66666666666667,94.0,101.0,94.0,78.66666666666667,81.33333333333333,107.0,117.33333333333333,105.66666666666667,94.66666666666667,96.33333333333333,112.66666666666667,124.66666666666667,117.66666666666667,102.66666666666667,90.0,79.66666666666667,71.66666666666667,70.66666666666667,77.66666666666667,86.33333333333333,90.0,84.33333333333333,79.66666666666667,84.33333333333333,92.66666666666667,88.33333333333333,77.33333333333333,69.33333333333333,64.33333333333333,65.33333333333333,79.33333333333333,98.33333333333333,105.33333333333333,95.33333333333333,90.0,82.33333333333333,80.0,78.66666666666667,78.33333333333333,76.33333333333333,76.33333333333333,81.33333333333333,82.0,96.0,128.0,162.0,179.0,178.33333333333334,172.33333333333334,166.0,171.0,181.0,182.0,166.33333333333334,150.33333333333334,158.33333333333334,177.33333333333334,173.0,169.0,165.0,164.0,164.0,164.0,163.0,161.0,163.0,163.0,163.0,163.0,164.0,165.0,165.0,166.0,169.0,170.0,171.0,171.0,169.0,169.0,171.0,173.0,173.0,173.0,174.0,177.0,179.0,180.0,178.0,175.0,177.0,178.0,179.0,180.0,181.0,181.0,181.0,181.0,189.0,189.0,188.0,187.0,185.0,182.0,179.0,178.0,176.33333333333334,176.33333333333334,177.33333333333334,177.33333333333334,177.33333333333334,178.33333333333334,151.33333333333334,155.33333333333334,159.33333333333334,159.33333333333334,158.33333333333334,158.33333333333334,161.33333333333334,165.33333333333334,161.33333333333334,160.33333333333334,158.33333333333334,157.33333333333334,156.33333333333334,155.33333333333334,155.33333333333334,155.33333333333334,159.0,161.0,162.0,162.0,159.33333333333334,158.33333333333334,158.0,159.0,154.33333333333334,152.0,148.33333333333334,149.66666666666666,153.66666666666666,154.0,147.33333333333334,140.0,123.33333333333333,106.0,92.66666666666667,95.66666666666667,109.66666666666667,121.0,122.66666666666667,120.66666666666667,120.0,109.0,83.66666666666667,72.33333333333333,86.0,94.33333333333333,89.66666666666667,85.33333333333333,71.33333333333333,91.66666666666667,111.66666666666667,115.66666666666667,104.0,93.33333333333333,90.0,91.0,86.0,86.66666666666667,87.66666666666667,88.33333333333333,83.33333333333333,77.66666666666667,82.33333333333333,91.66666666666667,89.33333333333333,80.33333333333333,83.33333333333333,83.0,77.0,89.0,109.0,112.0,89.0,92.33333333333333,95.0,92.33333333333333,86.66666666666667,81.66666666666667,76.66666666666667,76.0,83.33333333333333,83.33333333333333,98.33333333333333,131.33333333333334,163.33333333333334,174.33333333333334,170.0,162.0,165.0,166.0,170.33333333333334,174.33333333333334,171.33333333333334,166.33333333333334,169.66666666666666,177.33333333333334,163.0,162.0,160.0,160.0,161.0,161.0,160.0,159.0,159.0,159.0,159.0,159.0,158.0,157.0,157.0,156.0,163.0,164.0,164.0,164.0,162.0,163.0,165.0,168.0,170.0,170.0,171.0,173.0,176.0,177.0,176.0,174.0,176.0,177.0,178.0,179.0,179.0,179.0,179.0,179.0,178.0,179.0,180.0,180.0,179.0,177.0,174.0,172.0,177.33333333333334,178.33333333333334,178.33333333333334,179.33333333333334,180.33333333333334,181.33333333333334,158.33333333333334,160.33333333333334,161.33333333333334,161.33333333333334,160.33333333333334,159.33333333333334,159.33333333333334,160.33333333333334,158.33333333333334,159.33333333333334,159.33333333333334,160.33333333333334,160.33333333333334,159.33333333333334,158.33333333333334,158.33333333333334,159.0,162.0,164.0,165.0,162.33333333333334,159.33333333333334,158.0,158.0,155.0,155.33333333333334,155.33333333333334,154.0,157.33333333333334,160.66666666666666,160.66666666666666,156.0,146.0,126.33333333333333,105.66666666666667,101.33333333333333,117.33333333333333,134.33333333333334,137.33333333333334,130.66666666666666,129.66666666666666,118.0,90.66666666666667,73.66666666666667,80.33333333333333,83.0,74.33333333333333,70.33333333333333,68.33333333333333,81.66666666666667,100.66666666666667,111.0,109.33333333333333,109.33333333333333,119.33333333333333,131.33333333333334,112.33333333333333,100.0,89.66666666666667,83.66666666666667,77.0,72.33333333333333,77.66666666666667,88.33333333333333,90.33333333333333,83.33333333333333,98.0,107.0,98.0,106.66666666666667,121.66666666666667,113.66666666666667,92.0,98.0,101.33333333333333,98.0,93.0,87.66666666666667,81.66666666666667,77.0,84.33333333333333,86.33333333333333,104.33333333333333,137.33333333333334,162.33333333333334,166.33333333333334,159.0,154.0,158.0,154.0,153.33333333333334,155.33333333333334,159.33333333333334,160.33333333333334,160.66666666666666,159.33333333333334,155.0,155.0,156.0,156.0,157.0,157.0,158.0,158.0,156.0,156.0,156.0,155.0,154.0,153.0,151.0,150.0,153.0,154.0,154.0,153.0,152.0,153.0,157.0,159.0,160.0,159.0,160.0,163.0,167.0,170.0,171.0,171.0,173.0,173.0,174.0,174.0,174.0,174.0,173.0,173.0,171.0,172.0,173.0,174.0,174.0,173.0,171.0,170.0,175.33333333333334,176.33333333333334,178.33333333333334,181.33333333333334,184.33333333333334,187.33333333333334,158.33333333333334,158.33333333333334,157.33333333333334,158.33333333333334,159.33333333333334,158.33333333333334,155.33333333333334,153.33333333333334,155.33333333333334,156.33333333333334,156.33333333333334,157.33333333333334,157.33333333333334,157.33333333333334,157.33333333333334,157.33333333333334,158.0,159.0,161.0,160.0,157.33333333333334,155.33333333333334,155.33333333333334,155.33333333333334,157.33333333333334,160.0,160.0,157.33333333333334,159.33333333333334,165.0,166.33333333333334,161.66666666666666,161.0,142.0,118.33333333333333,110.0,122.66666666666667,137.33333333333334,132.33333333333334,117.66666666666667,127.66666666666667,119.0,94.66666666666667,79.66666666666667,87.33333333333333,89.0,80.33333333333333,75.0,83.66666666666667,86.33333333333333,95.0,107.33333333333333,115.0,120.0,130.33333333333334,142.33333333333334,130.33333333333334,113.0,99.0,95.33333333333333,90.33333333333333,83.0,83.0,89.33333333333333,93.33333333333333,80.0,95.0,108.0,98.66666666666667,112.66666666666667,129.66666666666666,117.0,106.66666666666667,106.0,101.33333333333333,95.0,93.33333333333333,94.0,87.66666666666667,78.33333333333333,78.33333333333333,87.0,112.0,145.0,164.33333333333334,161.33333333333334,152.33333333333334,150.33333333333334,149.66666666666666,147.66666666666666,146.33333333333334,145.33333333333334,149.33333333333334,153.33333333333334,153.33333333333334,149.33333333333334,153.0,153.0,154.0,154.0,154.0,154.0,155.0,156.0,154.0,154.0,155.0,155.0,154.0,153.0,152.0,150.0,152.0,152.0,152.0,151.0,150.0,152.0,155.0,158.0,155.0,153.0,152.0,153.0,157.0,161.0,163.0,164.0,165.0,165.0,165.0,165.0,164.0,163.0,162.0,161.0,163.0,164.0,164.0,165.0,165.0,165.0,165.0,165.0,166.33333333333334,167.33333333333334,169.33333333333334,171.33333333333334,174.33333333333334,177.33333333333334,157.33333333333334,155.33333333333334,154.33333333333334,157.33333333333334,161.33333333333334,161.33333333333334,158.33333333333334,155.33333333333334,158.33333333333334,157.33333333333334,156.33333333333334,155.33333333333334,155.33333333333334,155.33333333333334,156.33333333333334,156.33333333333334,160.0,160.0,159.0,157.0,155.0,154.0,155.33333333333334,157.0,159.33333333333334,163.0,163.0,159.0,159.33333333333334,163.33333333333334,163.0,157.33333333333334,165.66666666666666,147.33333333333334,124.66666666666667,115.66666666666667,126.33333333333333,135.66666666666666,124.0,103.33333333333333,125.66666666666667,117.66666666666667,94.66666666666667,83.33333333333333,95.0,101.33333333333333,97.33333333333333,95.66666666666667,94.0,87.33333333333333,89.66666666666667,102.66666666666667,112.0,112.33333333333333,115.0,120.33333333333333,138.33333333333334,123.0,114.33333333333333,117.66666666666667,115.66666666666667,105.0,96.33333333333333,97.33333333333333,96.33333333333333,74.33333333333333,83.0,91.33333333333333,85.33333333333333,106.0,132.33333333333334,122.0,118.33333333333333,108.33333333333333,93.33333333333333,85.0,88.66666666666667,94.0,87.0,75.33333333333333,71.33333333333333,85.0,115.0,150.0,165.33333333333334,158.33333333333334,149.33333333333334,148.33333333333334,148.66666666666666,150.66666666666666,150.66666666666666,148.66666666666666,152.33333333333334,156.66666666666666,158.33333333333334,154.33333333333334,154.0,154.0,154.0,153.0,152.0,152.0,154.0,156.0,153.0,154.0,155.0,156.0,156.0,156.0,154.0,154.0,157.0,157.0,157.0,156.0,155.0,157.0,161.0,164.0,158.0,154.0,151.0,150.0,152.0,155.0,157.0,157.0,157.0,157.0,157.0,156.0,155.0,153.0,152.0,151.0,152.0,152.0,152.0,152.0,152.0,152.0,152.0,153.0,155.33333333333334,155.33333333333334,156.33333333333334,157.33333333333334,158.33333333333334,159.33333333333334,152.33333333333334,154.33333333333334,156.33333333333334,156.33333333333334,155.33333333333334,155.33333333333334,156.33333333333334,157.33333333333334,155.33333333333334,155.33333333333334,155.33333333333334,155.33333333333334,155.33333333333334,155.33333333333334,155.33333333333334,155.33333333333334,154.0,153.0,153.0,153.0,154.0,154.0,156.33333333333334,156.0,160.33333333333334,160.0,160.0,160.0,160.0,159.0,158.0,156.0,161.66666666666666,141.33333333333334,127.0,124.66666666666667,120.33333333333333,108.66666666666667,100.66666666666667,102.33333333333333,129.66666666666666,107.66666666666667,94.33333333333333,99.66666666666667,106.66666666666667,101.33333333333333,93.0,89.33333333333333,91.66666666666667,84.33333333333333,83.66666666666667,90.0,91.33333333333333,92.33333333333333,108.0,130.0,126.0,134.0,142.0,140.33333333333334,126.66666666666667,110.66666666666667,100.0,97.33333333333333,97.0,99.0,95.66666666666667,95.0,110.33333333333333,130.66666666666666,134.66666666666666,125.66666666666667,103.66666666666667,98.66666666666667,83.66666666666667,77.66666666666667,85.33333333333333,82.0,76.33333333333333,81.33333333333333,72.33333333333333,85.0,122.0,158.0,162.0,155.0,151.0,148.0,155.0,154.0,154.0,154.0,153.33333333333334,152.0,152.33333333333334,152.0,152.0,152.0,152.0,153.0,153.0,154.0,154.0,154.0,155.0,156.0,157.0,156.0,154.0,153.0,154.0,156.0,155.0,155.0,155.0,156.0,156.0,157.0,157.0,158.0,157.0,158.0,159.0,159.0,159.0,158.0,156.0,155.0,158.0,155.0,151.0,151.0,154.0,156.0,156.0,154.0,151.0,151.0,152.0,156.0,159.0,159.0,154.0,149.0,147.33333333333334,148.33333333333334,150.33333333333334,152.33333333333334,153.33333333333334,154.33333333333334,152.33333333333334,155.33333333333334,157.33333333333334,157.33333333333334,156.33333333333334,155.33333333333334,156.33333333333334,157.33333333333334,154.33333333333334,154.33333333333334,154.33333333333334,154.33333333333334,154.33333333333334,154.33333333333334,154.33333333333334,154.33333333333334,153.0,152.0,152.0,152.0,153.0,154.0,155.0,156.0,158.0,159.0,159.0,159.0,159.0,158.0,157.0,155.0,157.66666666666666,144.0,132.0,127.0,117.0,100.33333333333333,91.0,92.66666666666667,109.66666666666667,106.66666666666667,110.0,116.66666666666667,111.33333333333333,96.0,87.66666666666667,88.66666666666667,80.0,76.66666666666667,77.0,81.33333333333333,86.0,96.66666666666667,117.33333333333333,134.66666666666666,135.66666666666666,138.66666666666666,142.66666666666666,135.33333333333334,111.33333333333333,89.0,86.66666666666667,97.33333333333333,111.66666666666667,121.0,128.0,131.0,140.0,145.66666666666666,137.0,121.66666666666667,100.0,93.66666666666667,77.66666666666667,70.33333333333333,79.66666666666667,80.33333333333333,76.66666666666667,82.33333333333333,73.0,86.0,123.0,158.0,163.0,156.0,154.0,150.0,155.0,154.0,154.0,154.0,153.0,153.0,152.0,152.0,154.0,154.0,154.0,155.0,155.0,156.0,156.0,156.0,152.0,154.0,156.0,156.0,156.0,156.0,158.0,160.0,156.0,157.0,157.0,157.0,158.0,158.0,159.0,159.0,155.0,155.0,156.0,156.0,155.0,155.0,154.0,153.0,156.0,154.0,153.0,153.0,154.0,155.0,155.0,154.0,153.0,151.0,150.0,152.0,156.0,158.0,157.0,155.0,154.33333333333334,155.33333333333334,156.33333333333334,157.33333333333334,158.33333333333334,158.33333333333334,153.33333333333334,155.33333333333334,157.33333333333334,157.33333333333334,156.33333333333334,155.33333333333334,155.33333333333334,157.33333333333334,154.33333333333334,154.33333333333334,154.33333333333334,154.33333333333334,154.33333333333334,154.33333333333334,154.33333333333334,154.33333333333334,151.0,151.0,151.0,152.0,153.0,154.0,155.0,156.0,156.0,156.0,157.0,157.0,156.0,156.0,155.0,153.0,151.66666666666666,145.66666666666666,139.33333333333334,130.66666666666666,112.66666666666667,91.33333333333333,83.66666666666667,86.66666666666667,92.66666666666667,98.66666666666667,114.0,127.66666666666667,122.33333333333333,101.0,85.66666666666667,80.0,82.33333333333333,83.66666666666667,82.0,78.33333333333333,83.0,100.66666666666667,119.33333333333333,129.0,141.0,139.0,141.66666666666666,134.33333333333334,104.33333333333333,73.66666666666667,78.0,104.0,131.0,144.33333333333334,155.33333333333334,159.33333333333334,159.33333333333334,154.0,139.33333333333334,121.0,107.33333333333333,99.0,77.0,66.66666666666667,75.0,78.66666666666667,77.0,82.0,75.0,89.0,126.0,159.0,162.0,157.0,156.0,152.0,154.0,153.0,153.0,153.0,153.0,152.0,152.0,152.0,156.0,156.0,156.0,156.0,157.0,157.0,157.0,157.0,152.0,154.0,156.0,156.0,156.0,156.0,158.0,160.0,157.0,158.0,158.0,158.0,158.0,159.0,159.0,159.0,157.0,156.0,155.0,155.0,154.0,154.0,155.0,155.0,154.0,155.0,156.0,156.0,154.0,154.0,155.0,156.0,158.0,155.0,151.0,150.0,152.0,155.0,156.0,157.0,157.33333333333334,157.33333333333334,158.33333333333334,158.33333333333334,158.33333333333334,158.33333333333334,151.33333333333334,153.33333333333334,155.33333333333334,155.33333333333334,154.33333333333334,153.33333333333334,153.33333333333334,154.33333333333334,154.33333333333334,154.33333333333334,154.33333333333334,154.33333333333334,154.33333333333334,154.33333333333334,154.33333333333334,154.33333333333334,151.0,151.0,151.0,151.0,152.0,154.0,155.0,156.0,154.0,154.0,155.0,155.0,154.0,153.0,152.0,151.0,148.33333333333334,147.66666666666666,145.66666666666666,134.0,112.0,92.0,89.33333333333333,95.0,94.0,95.66666666666667,108.0,125.66666666666667,130.33333333333334,113.33333333333333,90.0,74.0,87.33333333333333,94.0,91.0,82.33333333333333,88.66666666666667,108.66666666666667,121.66666666666667,122.33333333333333,129.66666666666666,126.66666666666667,136.66666666666666,141.33333333333334,113.66666666666667,79.0,82.66666666666667,113.66666666666667,142.66666666666666,153.0,160.0,158.0,155.0,150.0,142.0,132.0,129.0,118.0,88.33333333333333,69.33333333333333,74.33333333333333,78.33333333333333,76.33333333333333,80.66666666666667,80.0,95.0,130.0,159.0,161.0,157.0,156.0,152.0,151.0,151.0,151.0,151.0,151.0,151.0,151.0,151.0,155.0,155.0,155.0,155.0,155.0,155.0,155.0,155.0,153.0,155.0,155.0,154.0,153.0,152.0,153.0,154.0,156.0,156.0,157.0,157.0,157.0,157.0,157.0,157.0,160.0,158.0,157.0,155.0,155.0,156.0,157.0,158.0,152.0,155.0,157.0,156.0,153.0,152.0,154.0,156.0,162.0,160.0,156.0,153.0,153.0,154.0,155.0,156.0,154.33333333333334,154.33333333333334,155.33333333333334,156.33333333333334,156.33333333333334,156.33333333333334,150.33333333333334,152.33333333333334,154.33333333333334,154.33333333333334,152.33333333333334,151.33333333333334,151.33333333333334,152.33333333333334,151.33333333333334,151.33333333333334,151.33333333333334,151.33333333333334,151.33333333333334,151.33333333333334,151.33333333333334,151.33333333333334,153.0,153.0,152.0,152.0,152.0,153.0,154.0,155.0,152.0,153.0,153.0,153.0,153.0,152.0,151.0,149.33333333333334,148.0,149.33333333333334,148.66666666666666,137.0,118.0,103.66666666666667,105.33333333333333,114.33333333333333,110.0,111.0,117.0,125.66666666666667,126.33333333333333,112.33333333333333,94.33333333333333,81.33333333333333,82.33333333333333,92.0,92.66666666666667,86.0,94.33333333333333,115.0,123.66666666666667,118.33333333333333,107.66666666666667,106.66666666666667,125.66666666666667,145.0,129.66666666666666,95.33333333333333,91.33333333333333,116.0,145.0,150.66666666666666,153.66666666666666,150.66666666666666,147.66666666666666,147.66666666666666,147.66666666666666,145.66666666666666,149.66666666666666,134.66666666666666,99.66666666666667,73.66666666666667,75.66666666666667,81.66666666666667,79.66666666666667,79.66666666666667,84.33333333333333,101.0,135.0,160.0,159.0,155.0,156.0,151.0,150.0,150.0,150.0,150.0,150.0,150.0,150.0,151.0,153.0,153.0,153.0,153.0,153.0,153.0,152.0,152.0,151.0,153.0,153.0,153.0,151.0,150.0,151.0,152.0,155.0,155.0,155.0,155.0,155.0,155.0,154.0,154.0,157.0,156.0,154.0,153.0,153.0,153.0,154.0,155.0,149.0,152.0,154.0,152.0,149.0,148.0,151.0,154.0,160.0,160.0,160.0,160.0,159.0,158.0,159.0,159.0,155.33333333333334,156.33333333333334,158.33333333333334,160.33333333333334,161.33333333333334,162.33333333333334,151.33333333333334,152.33333333333334,154.33333333333334,153.33333333333334,152.33333333333334,150.33333333333334,150.33333333333334,151.33333333333334,150.33333333333334,150.33333333333334,150.33333333333334,150.33333333333334,150.33333333333334,150.33333333333334,150.33333333333334,150.33333333333334,156.0,155.0,154.0,154.0,153.0,153.0,154.0,154.0,151.0,152.0,152.0,152.0,152.0,151.0,150.0,149.0,148.33333333333334,151.33333333333334,150.33333333333334,140.66666666666666,127.33333333333333,120.66666666666667,122.66666666666667,128.33333333333334,125.33333333333333,131.66666666666666,136.66666666666666,128.66666666666666,112.33333333333333,97.33333333333333,92.33333333333333,94.33333333333333,85.33333333333333,91.33333333333333,90.0,85.66666666666667,93.0,107.33333333333333,109.66666666666667,101.0,88.0,91.0,114.66666666666667,141.33333333333334,133.33333333333334,105.0,99.66666666666667,118.0,145.33333333333334,149.66666666666666,151.66666666666666,151.66666666666666,152.33333333333334,152.66666666666666,154.33333333333334,154.33333333333334,159.33333333333334,143.33333333333334,104.33333333333333,74.33333333333333,76.33333333333333,83.33333333333333,82.33333333333333,82.0,85.33333333333333,103.0,137.0,159.0,157.0,155.0,157.0,152.0,151.0,151.0,151.0,151.0,152.0,152.0,152.0,152.0,154.0,153.0,153.0,153.0,153.0,152.0,152.0,152.0,149.0,151.0,153.0,154.0,153.0,154.0,156.0,157.0,157.0,157.0,156.0,156.0,156.0,155.0,155.0,155.0,154.0,154.0,153.0,152.0,152.0,152.0,152.0,152.0,151.0,151.0,150.0,149.0,148.0,148.0,151.0,153.0,158.0,161.0,164.0,166.0,165.0,165.0,166.0,166.0,164.33333333333334,165.33333333333334,167.33333333333334,169.33333333333334,171.33333333333334,172.33333333333334,153.33333333333334,154.33333333333334,156.33333333333334,155.33333333333334,153.33333333333334,152.33333333333334,152.33333333333334,152.33333333333334,153.33333333333334,153.33333333333334,153.33333333333334,153.33333333333334,153.33333333333334,153.33333333333334,153.33333333333334,153.33333333333334,159.0,158.0,157.0,155.0,154.0,153.0,153.0,153.0,151.0,151.0,152.0,152.0,152.0,151.0,150.0,149.0,151.0,153.0,151.0,144.66666666666666,138.0,133.0,131.33333333333334,131.0,130.66666666666666,136.33333333333334,136.33333333333334,122.33333333333333,102.33333333333333,89.33333333333333,88.33333333333333,93.33333333333333,91.0,90.0,85.0,81.33333333333333,87.33333333333333,95.0,94.66666666666667,88.66666666666667,77.66666666666667,83.66666666666667,106.66666666666667,130.0,126.66666666666667,109.33333333333333,112.33333333333333,131.66666666666666,154.0,153.33333333333334,152.33333333333334,153.33333333333334,155.0,154.33333333333334,156.0,157.0,166.0,149.0,108.0,75.0,76.0,85.0,83.33333333333333,80.33333333333333,84.0,103.0,137.0,157.0,155.0,156.0,159.0,155.0,153.0,154.0,154.0,154.0,155.0,155.0,156.0,156.0,157.0,157.0,157.0,156.0,156.0,155.0,155.0,155.0,155.0,156.0,158.0,159.0,158.0,159.0,161.0,163.0,161.0,161.0,161.0,160.0,160.0,160.0,159.0,159.0,161.0,161.0,161.0,161.0,161.0,160.0,159.0,159.0,161.0,158.0,154.0,152.0,153.0,156.0,158.0,159.0,164.0,167.0,170.0,170.0,168.0,167.0,168.0,170.0,171.33333333333334,172.33333333333334,173.33333333333334,174.33333333333334,175.33333333333334,176.33333333333334,155.33333333333334,156.33333333333334,158.33333333333334,157.33333333333334,155.33333333333334,153.33333333333334,153.33333333333334,154.33333333333334,159.33333333333334,159.33333333333334,159.33333333333334,159.33333333333334,159.33333333333334,159.33333333333334,159.33333333333334,159.33333333333334,161.0,160.0,158.0,156.0,154.0,153.0,153.0,153.0,151.0,152.0,152.0,152.0,152.0,151.0,150.0,149.33333333333334,152.33333333333334,154.33333333333334,152.33333333333334,149.0,143.66666666666666,140.0,133.0,127.33333333333333,131.66666666666666,127.66666666666667,120.66666666666667,109.33333333333333,99.33333333333333,93.33333333333333,87.33333333333333,82.66666666666667,85.66666666666667,80.66666666666667,75.66666666666667,77.0,85.33333333333333,94.33333333333333,96.33333333333333,94.66666666666667,72.66666666666667,81.66666666666667,103.33333333333333,121.33333333333333,120.0,112.0,124.66666666666667,148.66666666666666,163.66666666666666,157.33333333333334,151.0,149.0,150.0,152.0,154.0,156.33333333333334,172.33333333333334,156.0,113.0,78.0,78.0,86.0,83.0,79.0,81.0,101.0,136.0,156.0,155.0,157.0,162.0,158.0,156.0,156.0,157.0,157.0,158.0,158.0,159.0,159.0,161.0,160.0,160.0,160.0,159.0,158.0,158.0,158.0,163.0,165.0,165.0,165.0,163.0,162.0,163.0,164.0,166.0,166.0,165.0,165.0,164.0,164.0,163.0,163.0,171.0,172.0,173.0,174.0,174.0,172.0,170.0,169.0,172.0,166.0,160.0,158.0,161.0,165.0,167.0,167.0,174.0,176.0,176.0,173.0,168.0,165.0,166.0,168.0,171.33333333333334,172.33333333333334,173.33333333333334,173.33333333333334,173.33333333333334,173.33333333333334,160.33333333333334,163.33333333333334,159.33333333333334,153.33333333333334,153.33333333333334,161.33333333333334,165.33333333333334,163.33333333333334,165.33333333333334,167.33333333333334,169.33333333333334,169.33333333333334,167.33333333333334,164.33333333333334,164.33333333333334,164.33333333333334,166.0,164.0,163.0,162.0,163.0,161.0,159.0,156.0,154.0,157.0,157.0,153.0,151.0,151.0,149.0,144.33333333333334,150.33333333333334,152.33333333333334,154.0,152.33333333333334,148.33333333333334,145.66666666666666,143.33333333333334,142.66666666666666,141.33333333333334,132.66666666666666,114.0,93.66666666666667,86.66666666666667,91.66666666666667,93.66666666666667,91.0,87.0,82.66666666666667,87.66666666666667,93.0,94.66666666666667,103.66666666666667,109.0,102.0,87.0,79.0,82.66666666666667,101.66666666666667,120.0,130.66666666666666,143.0,156.33333333333334,155.66666666666666,154.0,151.33333333333334,150.33333333333334,147.33333333333334,146.33333333333334,153.33333333333334,163.0,170.0,152.33333333333334,113.33333333333333,84.33333333333333,83.33333333333333,85.33333333333333,81.33333333333333,82.33333333333333,81.0,106.0,139.0,159.0,162.0,158.0,156.0,158.0,159.0,158.0,156.0,156.0,158.0,162.0,167.0,170.0,163.0,160.0,157.0,158.0,162.0,165.0,165.0,164.0,168.0,169.0,169.0,167.0,164.0,163.0,163.0,164.0,165.0,164.0,163.0,162.0,162.0,163.0,164.0,165.0,172.0,174.0,178.0,180.0,179.0,176.0,173.0,170.0,168.0,173.0,177.0,176.0,171.0,170.0,173.0,178.0,176.0,174.0,171.0,169.0,169.0,170.0,173.0,174.0,174.33333333333334,173.33333333333334,172.33333333333334,171.33333333333334,171.33333333333334,171.33333333333334,160.33333333333334,162.33333333333334,161.33333333333334,156.33333333333334,157.33333333333334,163.33333333333334,166.33333333333334,165.33333333333334,165.33333333333334,167.33333333333334,169.33333333333334,169.33333333333334,167.33333333333334,166.33333333333334,167.33333333333334,168.33333333333334,167.0,165.0,164.0,164.0,164.0,163.0,160.0,158.0,156.0,159.0,159.0,156.0,156.0,158.0,157.0,153.33333333333334,152.33333333333334,154.33333333333334,155.0,154.33333333333334,153.0,150.66666666666666,151.0,152.33333333333334,138.66666666666666,125.33333333333333,107.66666666666667,97.0,98.0,104.0,108.0,108.66666666666667,100.66666666666667,99.0,101.0,99.0,99.66666666666667,117.66666666666667,132.0,128.0,103.0,100.66666666666667,109.66666666666667,128.0,140.33333333333334,143.33333333333334,150.0,159.66666666666666,158.33333333333334,155.0,152.33333333333334,150.33333333333334,147.33333333333334,147.33333333333334,155.0,165.0,169.33333333333334,150.33333333333334,110.66666666666667,81.66666666666667,80.66666666666667,82.66666666666667,80.33333333333333,81.66666666666667,82.33333333333333,108.0,141.0,161.0,165.0,161.0,160.0,161.0,160.0,160.0,160.0,160.0,161.0,161.0,162.0,162.0,162.0,160.0,159.0,161.0,165.0,167.0,167.0,166.0,166.0,167.0,167.0,166.0,164.0,162.0,163.0,164.0,165.0,164.0,163.0,163.0,163.0,164.0,165.0,166.0,170.0,171.0,173.0,173.0,172.0,169.0,166.0,164.0,166.0,171.0,175.0,176.0,174.0,172.0,172.0,173.0,170.0,169.0,167.0,166.0,166.0,169.0,172.0,174.0,174.33333333333334,173.33333333333334,172.33333333333334,171.33333333333334,171.33333333333334,171.33333333333334,161.33333333333334,164.33333333333334,163.33333333333334,161.33333333333334,162.33333333333334,166.33333333333334,167.33333333333334,166.33333333333334,166.33333333333334,167.33333333333334,168.33333333333334,168.33333333333334,167.33333333333334,168.33333333333334,170.33333333333334,172.33333333333334,169.0,167.0,166.0,166.0,166.0,165.0,163.0,160.0,160.0,163.0,163.0,159.0,160.0,163.0,164.0,161.33333333333334,159.66666666666666,160.66666666666666,161.33333333333334,161.0,160.33333333333334,161.66666666666666,165.0,166.33333333333334,140.0,116.33333333333333,99.0,100.66666666666667,108.66666666666667,113.0,117.0,122.33333333333333,109.0,115.33333333333333,117.33333333333333,105.33333333333333,104.33333333333333,130.33333333333334,151.33333333333334,146.33333333333334,130.33333333333334,133.0,145.0,161.0,166.66666666666666,161.66666666666666,159.66666666666666,164.66666666666666,162.33333333333334,158.0,154.0,152.0,149.33333333333334,149.33333333333334,158.0,168.0,169.33333333333334,149.66666666666666,108.33333333333333,77.33333333333333,77.33333333333333,81.33333333333333,80.0,81.33333333333333,83.33333333333333,109.0,143.0,164.0,169.0,165.0,164.0,165.0,163.0,164.0,166.0,166.0,165.0,162.0,158.0,155.0,159.0,159.0,160.0,163.0,166.0,168.0,168.0,167.0,166.0,167.0,168.0,168.0,166.0,165.0,166.0,168.0,165.0,165.0,164.0,164.0,165.0,166.0,167.0,168.0,170.0,170.0,170.0,169.0,167.0,165.0,163.0,162.0,165.0,168.0,172.0,175.0,175.0,173.0,170.0,168.0,164.0,163.0,162.0,163.0,164.0,168.0,171.0,173.0,175.33333333333334,174.33333333333334,172.33333333333334,171.33333333333334,170.33333333333334,169.33333333333334,165.33333333333334,166.33333333333334,167.33333333333334,166.33333333333334,166.33333333333334,167.33333333333334,166.33333333333334,165.33333333333334,165.33333333333334,166.33333333333334,166.33333333333334,166.33333333333334,166.33333333333334,168.33333333333334,171.33333333333334,174.33333333333334,170.0,169.0,167.0,168.0,168.0,167.0,165.0,163.0,165.0,167.0,166.0,162.0,162.0,166.0,168.0,166.0,168.33333333333334,169.33333333333334,169.33333333333334,168.0,167.33333333333334,169.66666666666666,174.33333333333334,178.0,150.33333333333334,118.0,97.33333333333333,106.0,119.0,119.66666666666667,121.66666666666667,130.0,119.33333333333333,133.0,136.0,117.66666666666667,110.66666666666667,139.66666666666666,160.66666666666666,151.66666666666666,156.66666666666666,160.66666666666666,169.66666666666666,178.66666666666666,177.33333333333334,169.33333333333334,167.33333333333334,170.33333333333334,167.0,163.0,158.0,156.0,153.33333333333334,153.33333333333334,163.0,173.0,171.33333333333334,149.66666666666666,106.33333333333333,75.33333333333333,76.0,82.0,80.0,81.33333333333333,83.33333333333333,109.0,144.0,166.0,171.0,168.0,167.0,168.0,167.0,168.0,170.0,170.0,167.0,164.0,160.0,157.0,159.0,160.0,162.0,164.0,166.0,166.0,165.0,164.0,168.0,170.0,171.0,171.0,170.0,170.0,171.0,173.0,167.0,167.0,167.0,167.0,168.0,169.0,170.0,170.0,172.0,171.0,170.0,169.0,169.0,168.0,168.0,168.0,168.0,168.0,169.0,171.0,173.0,172.0,169.0,166.0,164.0,164.0,163.0,164.0,165.0,168.0,171.0,173.0,174.33333333333334,173.33333333333334,172.33333333333334,170.33333333333334,169.33333333333334,168.33333333333334,169.33333333333334,168.33333333333334,169.33333333333334,169.33333333333334,168.33333333333334,165.33333333333334,163.33333333333334,163.33333333333334,164.33333333333334,165.33333333333334,165.33333333333334,165.33333333333334,164.33333333333334,166.33333333333334,169.33333333333334,172.33333333333334,170.0,168.0,167.0,168.0,169.0,168.0,166.0,164.0,166.0,168.0,168.0,166.0,167.0,173.0,175.0,174.0,173.0,172.0,171.0,169.0,168.33333333333334,170.33333333333334,174.66666666666666,178.33333333333334,162.33333333333334,126.0,103.33333333333333,114.0,129.0,129.33333333333334,130.33333333333334,138.33333333333334,142.0,154.66666666666666,151.66666666666666,124.66666666666667,113.66666666666667,143.66666666666666,167.33333333333334,158.33333333333334,170.0,171.0,174.0,174.0,170.0,166.0,166.0,170.0,170.0,165.33333333333334,162.33333333333334,159.33333333333334,157.0,157.33333333333334,166.0,176.0,174.33333333333334,150.66666666666666,105.33333333333333,74.33333333333333,77.0,83.0,82.0,82.33333333333333,82.33333333333333,109.0,144.0,167.0,172.0,169.0,167.0,168.0,172.0,172.0,171.0,170.0,169.0,167.0,166.0,165.0,165.0,166.0,168.0,169.0,168.0,166.0,165.0,164.0,167.0,169.0,171.0,171.0,170.0,170.0,172.0,173.0,169.0,169.0,170.0,170.0,171.0,171.0,171.0,171.0,172.0,171.0,171.0,171.0,171.0,173.0,174.0,175.0,171.0,169.0,167.0,167.0,168.0,169.0,169.0,168.0,169.0,169.0,168.0,168.0,168.0,169.0,171.0,172.0,173.33333333333334,172.33333333333334,171.33333333333334,169.33333333333334,168.33333333333334,168.33333333333334,170.33333333333334,168.33333333333334,167.33333333333334,169.33333333333334,167.33333333333334,163.33333333333334,161.33333333333334,163.33333333333334,165.33333333333334,166.33333333333334,167.33333333333334,166.33333333333334,164.33333333333334,164.33333333333334,166.33333333333334,168.33333333333334,168.0,167.0,166.0,167.0,168.0,168.0,165.0,163.0,163.0,167.0,169.0,169.0,172.0,178.0,181.0,180.0,169.0,169.0,168.0,166.0,164.33333333333334,166.33333333333334,169.66666666666666,172.66666666666666,160.66666666666666,126.33333333333333,105.0,114.33333333333333,132.33333333333334,137.0,140.0,146.0,162.0,166.66666666666666,155.66666666666666,124.66666666666667,113.33333333333333,143.0,169.0,164.33333333333334,169.33333333333334,167.33333333333334,165.0,161.33333333333334,160.0,159.33333333333334,163.0,166.33333333333334,169.33333333333334,166.33333333333334,164.33333333333334,162.33333333333334,160.0,159.0,166.33333333333334,176.0,175.33333333333334,150.33333333333334,106.33333333333333,75.33333333333333,79.0,85.0,83.0,82.33333333333333,82.33333333333333,109.0,145.0,168.0,173.0,169.0,167.0,168.0,173.0,172.0,170.0,169.0,169.0,169.0,171.0,171.0,172.0,173.0,174.0,173.0,170.0,168.0,168.0,168.0,164.0,166.0,167.0,167.0,166.0,166.0,168.0,169.0,170.0,170.0,171.0,171.0,171.0,171.0,170.0,169.0,169.0,169.0,169.0,170.0,172.0,174.0,175.0,176.0,172.0,170.0,168.0,166.0,165.0,167.0,169.0,170.0,173.0,172.0,171.0,170.0,170.0,170.0,170.0,170.0,170.33333333333334,170.33333333333334,169.33333333333334,168.33333333333334,168.33333333333334,168.33333333333334,168.33333333333334,164.33333333333334,163.33333333333334,167.33333333333334,166.33333333333334,162.33333333333334,162.33333333333334,166.33333333333334,167.33333333333334,169.33333333333334,170.33333333333334,169.33333333333334,166.33333333333334,164.33333333333334,164.33333333333334,165.33333333333334,166.0,165.0,164.0,165.0,166.0,166.0,164.0,162.0,163.0,167.0,169.0,168.0,170.0,174.0,175.0,172.0,164.33333333333334,164.33333333333334,164.33333333333334,163.33333333333334,162.33333333333334,164.33333333333334,168.33333333333334,171.0,160.0,131.33333333333334,111.33333333333333,118.0,137.0,147.66666666666666,152.66666666666666,156.33333333333334,166.0,167.33333333333334,160.66666666666666,136.66666666666666,126.33333333333333,149.33333333333334,170.0,165.33333333333334,165.33333333333334,163.33333333333334,160.66666666666666,158.33333333333334,160.66666666666666,163.33333333333334,165.66666666666666,165.0,166.33333333333334,163.66666666666666,163.33333333333334,163.33333333333334,161.0,159.0,164.33333333333334,173.0,174.33333333333334,149.33333333333334,105.33333333333333,75.33333333333333,80.0,86.0,82.0,80.33333333333333,83.33333333333333,111.0,147.0,170.0,174.0,170.0,167.0,167.0,172.0,171.0,170.0,169.0,169.0,169.0,170.0,171.0,172.0,173.0,174.0,172.0,169.0,168.0,169.0,172.0,163.0,165.0,166.0,166.0,164.0,164.0,165.0,167.0,169.0,169.0,170.0,170.0,169.0,168.0,166.0,165.0,168.0,168.0,169.0,170.0,172.0,173.0,173.0,174.0,169.0,171.0,171.0,169.0,166.0,165.0,168.0,171.0,172.0,171.0,171.0,170.0,169.0,169.0,169.0,169.0,168.33333333333334,168.33333333333334,167.33333333333334,167.33333333333334,168.33333333333334,168.33333333333334,165.33333333333334,160.33333333333334,160.33333333333334,165.33333333333334,165.33333333333334,162.33333333333334,164.33333333333334,169.33333333333334,170.33333333333334,171.33333333333334,173.33333333333334,171.33333333333334,168.33333333333334,165.33333333333334,163.33333333333334,163.33333333333334,165.0,164.0,163.0,164.0,165.0,165.0,163.0,161.0,164.0,168.0,168.0,165.0,164.0,165.0,163.0,158.0,162.33333333333334,163.33333333333334,164.33333333333334,164.33333333333334,164.33333333333334,166.33333333333334,169.33333333333334,172.33333333333334,169.33333333333334,145.0,126.0,130.0,147.33333333333334,161.33333333333334,167.0,169.33333333333334,164.66666666666666,168.66666666666666,170.33333333333334,157.33333333333334,148.33333333333334,164.0,175.33333333333334,165.33333333333334,163.66666666666666,162.66666666666666,161.66666666666666,162.66666666666666,167.66666666666666,171.66666666666666,170.66666666666666,166.33333333333334,164.0,162.33333333333334,163.0,164.0,160.0,158.33333333333334,162.33333333333334,170.0,173.33333333333334,148.33333333333334,103.66666666666667,75.33333333333333,79.33333333333333,85.33333333333333,81.0,78.33333333333333,85.33333333333333,113.0,149.0,172.0,176.0,171.0,168.0,168.0,170.0,170.0,170.0,170.0,169.0,169.0,168.0,167.0,168.0,169.0,170.0,168.0,165.0,165.0,168.0,172.0,165.0,166.0,167.0,167.0,165.0,164.0,165.0,167.0,167.0,168.0,168.0,168.0,167.0,165.0,163.0,161.0,169.0,170.0,171.0,172.0,172.0,172.0,172.0,171.0,166.0,171.0,175.0,173.0,168.0,165.0,166.0,170.0,168.0,168.0,168.0,168.0,168.0,168.0,168.0,168.0,167.33333333333334,167.33333333333334,166.33333333333334,167.33333333333334,167.33333333333334,169.33333333333334,163.0,163.0,162.0,163.0,164.0,165.0,166.0,167.0,165.0,166.0,167.0,167.0,166.0,165.0,166.0,167.0,164.0,163.0,163.0,163.0,163.0,164.0,165.0,166.0,160.0,161.0,162.0,163.0,164.0,163.0,162.0,161.0,160.0,164.0,168.0,168.0,164.0,164.0,168.0,172.0,175.0,156.33333333333334,140.33333333333334,139.33333333333334,154.33333333333334,167.33333333333334,168.33333333333334,164.33333333333334,162.0,162.0,162.0,164.0,167.0,167.33333333333334,165.33333333333334,163.33333333333334,162.33333333333334,163.33333333333334,163.33333333333334,164.33333333333334,166.33333333333334,167.33333333333334,167.33333333333334,168.33333333333334,167.0,162.33333333333334,160.0,160.0,160.0,160.33333333333334,167.33333333333334,175.66666666666666,176.66666666666666,146.66666666666666,106.33333333333333,79.33333333333333,76.33333333333333,84.33333333333333,85.66666666666667,79.33333333333333,85.66666666666667,112.33333333333333,148.33333333333334,171.33333333333334,177.33333333333334,174.33333333333334,171.33333333333334,170.33333333333334,170.33333333333334,170.33333333333334,171.33333333333334,171.33333333333334,171.33333333333334,169.33333333333334,167.33333333333334,166.33333333333334,167.0,167.0,166.0,166.0,166.0,166.0,166.0,165.0,168.0,166.0,165.0,164.0,165.0,167.0,170.0,172.0,167.0,167.0,167.0,167.0,167.0,167.0,168.0,168.0,172.0,172.0,172.0,171.0,171.0,171.0,171.0,172.0,168.0,167.0,167.0,166.0,166.0,167.0,167.0,168.0,168.0,169.0,169.0,169.0,169.0,168.0,167.0,166.0,168.0,168.0,168.0,169.0,169.0,170.0,164.0,164.0,164.0,165.0,165.0,166.0,166.0,167.0,164.0,164.0,164.0,164.0,162.0,161.0,161.0,162.0,162.0,162.0,163.0,163.0,163.0,164.0,164.0,164.0,160.0,161.0,162.0,164.0,164.0,164.0,163.0,163.0,161.0,165.0,168.0,167.0,163.0,162.0,165.0,169.0,168.0,159.0,151.0,151.0,158.0,165.0,166.0,165.0,162.33333333333334,161.33333333333334,162.33333333333334,164.33333333333334,166.33333333333334,166.33333333333334,164.33333333333334,162.33333333333334,163.33333333333334,163.33333333333334,163.33333333333334,164.33333333333334,164.33333333333334,164.33333333333334,164.33333333333334,164.33333333333334,164.0,162.0,162.33333333333334,164.33333333333334,163.33333333333334,162.33333333333334,165.66666666666666,171.66666666666666,173.66666666666666,144.66666666666666,105.33333333333333,79.33333333333333,76.33333333333333,85.33333333333333,87.33333333333333,80.66666666666667,83.66666666666667,113.33333333333333,151.33333333333334,175.33333333333334,178.33333333333334,171.33333333333334,167.33333333333334,167.33333333333334,166.33333333333334,167.33333333333334,168.33333333333334,168.33333333333334,168.33333333333334,167.33333333333334,165.33333333333334,164.33333333333334,165.0,166.0,166.0,166.0,166.0,166.0,166.0,166.0,165.0,164.0,162.0,161.0,162.0,163.0,165.0,167.0,163.0,163.0,164.0,164.0,165.0,165.0,166.0,166.0,165.0,165.0,165.0,167.0,168.0,168.0,166.0,164.0,168.0,168.0,167.0,167.0,167.0,167.0,168.0,168.0,168.0,168.0,169.0,169.0,168.0,168.0,167.0,166.0,166.0,166.0,167.0,167.0,168.0,168.0,164.0,165.0,165.0,166.0,166.0,166.0,166.0,165.0,168.0,168.0,167.0,166.0,164.0,163.0,162.0,162.0,160.0,161.0,163.0,164.0,165.0,164.0,163.0,162.0,160.0,161.0,162.0,164.0,165.0,165.0,165.0,165.0,162.0,165.0,167.0,166.0,163.0,162.0,164.0,167.0,162.0,162.0,163.0,163.0,162.0,163.0,164.0,165.0,163.33333333333334,162.33333333333334,162.33333333333334,163.33333333333334,165.33333333333334,165.33333333333334,164.33333333333334,162.33333333333334,164.33333333333334,164.33333333333334,163.33333333333334,163.33333333333334,163.33333333333334,162.33333333333334,162.33333333333334,162.33333333333334,161.0,161.0,163.33333333333334,167.33333333333334,167.33333333333334,163.33333333333334,163.66666666666666,167.66666666666666,171.66666666666666,142.66666666666666,104.33333333333333,79.33333333333333,77.33333333333333,87.33333333333333,88.33333333333333,82.66666666666667,82.66666666666667,116.33333333333333,156.33333333333334,178.33333333333334,176.33333333333334,166.33333333333334,162.33333333333334,164.33333333333334,162.33333333333334,162.33333333333334,163.33333333333334,164.33333333333334,165.33333333333334,164.33333333333334,164.33333333333334,163.33333333333334,164.0,164.0,165.0,165.0,166.0,167.0,167.0,167.0,165.0,164.0,162.0,161.0,160.0,161.0,162.0,163.0,161.0,162.0,163.0,164.0,165.0,166.0,166.0,167.0,165.0,164.0,164.0,166.0,170.0,170.0,167.0,164.0,169.0,168.0,168.0,167.0,167.0,168.0,168.0,169.0,168.0,168.0,169.0,169.0,168.0,167.0,166.0,166.0,164.0,164.0,165.0,165.0,165.0,166.0,163.0,163.0,164.0,165.0,165.0,165.0,164.0,163.0,168.0,167.0,166.0,166.0,166.0,166.0,165.0,164.0,160.0,162.0,164.0,166.0,166.0,165.0,163.0,162.0,160.0,161.0,162.0,164.0,165.0,166.0,167.0,168.0,162.0,164.0,166.0,166.0,164.0,164.0,166.0,168.0,163.0,165.0,168.0,168.0,166.0,164.0,163.0,163.0,165.33333333333334,164.33333333333334,163.33333333333334,164.33333333333334,166.33333333333334,166.33333333333334,165.33333333333334,163.33333333333334,163.33333333333334,163.33333333333334,163.33333333333334,163.33333333333334,163.33333333333334,163.33333333333334,163.33333333333334,163.33333333333334,162.0,161.0,164.33333333333334,167.33333333333334,166.33333333333334,162.33333333333334,163.66666666666666,167.66666666666666,170.66666666666666,142.66666666666666,105.33333333333333,79.33333333333333,78.33333333333333,87.33333333333333,88.33333333333333,81.66666666666667,84.66666666666667,118.33333333333333,159.33333333333334,178.33333333333334,172.33333333333334,161.33333333333334,159.33333333333334,164.33333333333334,160.33333333333334,160.33333333333334,161.33333333333334,162.33333333333334,163.33333333333334,164.33333333333334,164.33333333333334,164.33333333333334,163.0,163.0,164.0,165.0,166.0,167.0,167.0,168.0,168.0,167.0,166.0,164.0,163.0,163.0,163.0,163.0,162.0,162.0,163.0,165.0,166.0,168.0,169.0,169.0,167.0,164.0,162.0,164.0,169.0,172.0,170.0,167.0,169.0,169.0,168.0,168.0,168.0,168.0,169.0,169.0,167.0,168.0,168.0,168.0,168.0,167.0,166.0,165.0,164.0,164.0,164.0,164.0,164.0,164.0,161.0,161.0,162.0,162.0,163.0,163.0,162.0,162.0,162.0,160.0,159.0,161.0,163.0,165.0,164.0,162.0,161.0,163.0,165.0,167.0,167.0,166.0,164.0,163.0,161.0,161.0,162.0,163.0,165.0,166.0,167.0,168.0,161.0,163.0,164.0,165.0,166.0,167.0,168.0,170.0,169.0,167.0,165.0,165.0,166.0,166.0,164.0,162.0,168.33333333333334,166.33333333333334,164.33333333333334,165.33333333333334,166.33333333333334,167.33333333333334,166.33333333333334,165.33333333333334,162.33333333333334,163.33333333333334,163.33333333333334,164.33333333333334,165.33333333333334,166.33333333333334,167.33333333333334,167.33333333333334,165.0,163.0,163.33333333333334,165.33333333333334,164.33333333333334,161.33333333333334,163.66666666666666,169.66666666666666,172.66666666666666,144.66666666666666,106.33333333333333,80.33333333333333,78.33333333333333,86.33333333333333,86.33333333333333,78.66666666666667,87.66666666666667,120.33333333333333,158.33333333333334,174.33333333333334,167.33333333333334,157.33333333333334,159.33333333333334,166.33333333333334,161.33333333333334,161.33333333333334,161.33333333333334,162.33333333333334,163.33333333333334,165.33333333333334,166.33333333333334,166.33333333333334,162.0,163.0,163.0,164.0,165.0,166.0,167.0,167.0,169.0,168.0,167.0,166.0,165.0,164.0,163.0,163.0,161.0,162.0,163.0,164.0,165.0,167.0,168.0,168.0,167.0,163.0,160.0,160.0,163.0,167.0,169.0,168.0,169.0,168.0,168.0,167.0,167.0,168.0,168.0,169.0,167.0,167.0,168.0,168.0,167.0,167.0,166.0,165.0,164.0,164.0,164.0,164.0,164.0,164.0,159.0,159.0,159.0,159.0,160.0,161.0,163.0,164.0,162.0,160.0,159.0,161.0,165.0,167.0,166.0,164.0,162.0,163.0,164.0,165.0,166.0,165.0,164.0,164.0,162.0,162.0,162.0,162.0,163.0,165.0,166.0,167.0,161.0,162.0,163.0,164.0,165.0,166.0,167.0,168.0,172.0,167.0,162.0,162.0,165.0,167.0,165.0,161.0,169.33333333333334,166.33333333333334,164.33333333333334,164.33333333333334,165.33333333333334,166.33333333333334,166.33333333333334,165.33333333333334,162.33333333333334,162.33333333333334,163.33333333333334,165.33333333333334,166.33333333333334,167.33333333333334,168.33333333333334,168.33333333333334,168.0,164.0,162.33333333333334,163.33333333333334,161.33333333333334,160.33333333333334,164.66666666666666,170.66666666666666,171.66666666666666,144.66666666666666,106.33333333333333,81.33333333333333,78.33333333333333,86.33333333333333,85.33333333333333,77.66666666666667,88.66666666666667,119.33333333333333,156.33333333333334,171.33333333333334,165.33333333333334,157.33333333333334,160.33333333333334,167.33333333333334,163.33333333333334,163.33333333333334,163.33333333333334,163.33333333333334,164.33333333333334,166.33333333333334,167.33333333333334,168.33333333333334,163.0,163.0,163.0,164.0,165.0,165.0,166.0,166.0,166.0,166.0,165.0,164.0,163.0,162.0,161.0,161.0,159.0,159.0,160.0,161.0,162.0,163.0,164.0,164.0,168.0,167.0,165.0,163.0,164.0,166.0,169.0,172.0,168.0,167.0,167.0,166.0,166.0,167.0,167.0,168.0,167.0,167.0,167.0,167.0,167.0,166.0,165.0,165.0,164.0,164.0,163.0,163.0,163.0,162.0,160.0,159.0,158.0,157.0,159.0,162.0,166.0,168.0,166.0,163.0,161.0,163.0,167.0,170.0,167.0,164.0,161.0,161.0,161.0,162.0,162.0,163.0,163.0,163.0,162.0,162.0,161.0,161.0,161.0,163.0,164.0,165.0,163.0,162.0,162.0,162.0,162.0,162.0,162.0,161.0,169.0,166.0,162.0,161.0,163.0,165.0,164.0,162.0,168.33333333333334,165.33333333333334,163.33333333333334,162.33333333333334,163.33333333333334,164.33333333333334,164.33333333333334,163.33333333333334,163.33333333333334,163.33333333333334,163.33333333333334,164.33333333333334,165.33333333333334,165.33333333333334,165.33333333333334,166.33333333333334,167.0,164.0,163.33333333333334,164.33333333333334,162.33333333333334,160.33333333333334,163.66666666666666,169.66666666666666,169.66666666666666,142.66666666666666,105.33333333333333,81.33333333333333,79.33333333333333,87.33333333333333,87.33333333333333,79.66666666666667,85.66666666666667,116.33333333333333,153.33333333333334,171.33333333333334,167.33333333333334,159.33333333333334,160.33333333333334,166.33333333333334,165.33333333333334,165.33333333333334,164.33333333333334,164.33333333333334,164.33333333333334,166.33333333333334,167.33333333333334,168.33333333333334,164.0,164.0,164.0,164.0,164.0,164.0,164.0,165.0,163.0,163.0,163.0,163.0,162.0,162.0,161.0,160.0,160.0,160.0,160.0,161.0,161.0,162.0,162.0,163.0,166.0,169.0,172.0,171.0,167.0,166.0,169.0,172.0,166.0,166.0,165.0,165.0,165.0,165.0,166.0,166.0,166.0,167.0,167.0,167.0,167.0,166.0,165.0,164.0,162.0,162.0,161.0,161.0,160.0,160.0,161.0,159.0,157.0,157.0,159.0,163.0,168.0,171.0,165.0,161.0,158.0,160.0,164.0,165.0,162.0,158.0,160.0,159.0,159.0,159.0,159.0,160.0,161.0,162.0,163.0,162.0,161.0,160.0,160.0,161.0,163.0,164.0,164.0,163.0,161.0,160.0,160.0,159.0,157.0,155.0,165.0,164.0,163.0,162.0,162.0,162.0,162.0,162.0,166.33333333333334,163.33333333333334,161.33333333333334,160.33333333333334,161.33333333333334,162.33333333333334,162.33333333333334,161.33333333333334,164.33333333333334,164.33333333333334,163.33333333333334,163.33333333333334,163.33333333333334,163.33333333333334,162.33333333333334,162.33333333333334,166.0,164.0,164.33333333333334,165.33333333333334,163.33333333333334,160.33333333333334,162.66666666666666,168.66666666666666,166.66666666666666,140.66666666666666,104.33333333333333,81.33333333333333,80.33333333333333,89.33333333333333,89.33333333333333,81.66666666666667,82.66666666666667,113.33333333333333,152.33333333333334,172.33333333333334,170.33333333333334,162.33333333333334,160.33333333333334,163.33333333333334,166.33333333333334,165.33333333333334,164.33333333333334,163.33333333333334,164.33333333333334,165.33333333333334,167.33333333333334,168.33333333333334,165.0,164.0,164.0,164.0,164.0,164.0,163.0,163.0,163.0,164.0,164.0,164.0,164.0,163.0,162.0,161.0,163.0,163.0,163.0,163.0,163.0,163.0,163.0,164.0,157.0,165.0,172.0,172.0,166.0,161.0,162.0,165.0,166.0,165.0,164.0,164.0,164.0,164.0,165.0,166.0,166.0,167.0,167.0,167.0,167.0,166.0,165.0,164.0,160.0,160.0,160.0,159.0,159.0,158.0,161.0,161.0,160.0,160.0,161.0,162.0,162.0,163.0,163.0,163.0,163.0,163.0,161.0,160.0,158.0,157.0,162.0,158.0,157.0,159.0,164.0,163.0,158.0,152.0,157.0,162.0,165.0,164.0,160.0,158.0,160.0,164.0,166.0,160.0,156.0,160.0,167.0,168.0,160.0,152.0,155.0,156.0,159.0,161.0,161.0,161.0,160.0,159.0,161.33333333333334,165.33333333333334,165.33333333333334,160.33333333333334,157.33333333333334,160.33333333333334,164.33333333333334,165.33333333333334,165.33333333333334,164.33333333333334,164.33333333333334,163.33333333333334,163.33333333333334,164.33333333333334,164.33333333333334,165.33333333333334,160.0,164.0,167.33333333333334,165.33333333333334,162.33333333333334,161.33333333333334,165.66666666666666,170.66666666666666,167.66666666666666,140.66666666666666,103.33333333333333,79.33333333333333,79.33333333333333,88.33333333333333,90.33333333333333,83.66666666666667,84.66666666666667,118.33333333333333,156.33333333333334,172.33333333333334,169.33333333333334,165.33333333333334,164.33333333333334,165.33333333333334,166.33333333333334,164.33333333333334,160.33333333333334,158.33333333333334,158.33333333333334,160.33333333333334,164.33333333333334,167.33333333333334,165.0,166.0,165.0,162.0,159.0,159.0,163.0,167.0,165.0,164.0,164.0,163.0,163.0,162.0,162.0,162.0,159.0,160.0,163.0,165.0,166.0,165.0,164.0,163.0,166.0,168.0,169.0,168.0,166.0,164.0,164.0,165.0,166.0,164.0,162.0,163.0,165.0,166.0,164.0,162.0,163.0,164.0,165.0,167.0,167.0,166.0,165.0,164.0,157.0,158.0,160.0,161.0,161.0,160.0,160.0,159.0,159.0,159.0,160.0,160.0,161.0,162.0,161.0,161.0,161.0,161.0,160.0,159.0,158.0,157.0,159.0,157.0,157.0,159.0,161.0,160.0,156.0,152.0,156.0,160.0,163.0,162.0,158.0,156.0,159.0,162.0,163.0,160.0,157.0,158.0,160.0,162.0,160.0,157.0,163.0,163.0,162.0,161.0,160.0,160.0,160.0,160.0,160.33333333333334,164.33333333333334,164.33333333333334,159.33333333333334,157.33333333333334,161.33333333333334,164.33333333333334,165.33333333333334,163.33333333333334,163.33333333333334,162.33333333333334,162.33333333333334,162.33333333333334,162.33333333333334,163.33333333333334,163.33333333333334,161.0,164.0,165.33333333333334,163.33333333333334,159.33333333333334,158.33333333333334,161.66666666666666,165.66666666666666,167.66666666666666,140.66666666666666,103.33333333333333,79.33333333333333,79.33333333333333,89.33333333333333,90.33333333333333,83.66666666666667,82.66666666666667,116.33333333333333,153.33333333333334,169.33333333333334,166.33333333333334,162.33333333333334,161.33333333333334,163.33333333333334,166.33333333333334,165.33333333333334,163.33333333333334,161.33333333333334,161.33333333333334,161.33333333333334,162.33333333333334,163.33333333333334,164.0,166.0,167.0,166.0,163.0,162.0,164.0,166.0,164.0,164.0,163.0,163.0,163.0,162.0,162.0,162.0,159.0,160.0,162.0,163.0,164.0,164.0,164.0,163.0,165.0,165.0,166.0,166.0,167.0,167.0,166.0,165.0,165.0,163.0,161.0,163.0,165.0,167.0,165.0,163.0,164.0,165.0,166.0,166.0,165.0,164.0,162.0,161.0,160.0,161.0,162.0,162.0,163.0,163.0,157.0,157.0,158.0,158.0,158.0,159.0,159.0,159.0,157.0,158.0,158.0,159.0,159.0,158.0,157.0,157.0,156.0,156.0,157.0,158.0,158.0,157.0,155.0,154.0,155.0,158.0,161.0,160.0,157.0,156.0,157.0,159.0,159.0,159.0,157.0,156.0,155.0,156.0,159.0,162.0,165.0,163.0,161.0,159.0,158.0,159.0,160.0,161.0,159.33333333333334,162.33333333333334,162.33333333333334,158.33333333333334,158.33333333333334,161.33333333333334,164.33333333333334,164.33333333333334,161.33333333333334,161.33333333333334,160.33333333333334,160.33333333333334,160.33333333333334,160.33333333333334,161.33333333333334,161.33333333333334,160.0,162.0,163.33333333333334,161.33333333333334,157.33333333333334,155.33333333333334,158.66666666666666,161.66666666666666,166.66666666666666,139.66666666666666,103.33333333333333,80.33333333333333,80.33333333333333,89.33333333333333,90.33333333333333,83.66666666666667,83.66666666666667,116.33333333333333,153.33333333333334,168.33333333333334,165.33333333333334,160.33333333333334,160.33333333333334,161.33333333333334,165.33333333333334,165.33333333333334,165.33333333333334,164.33333333333334,163.33333333333334,161.33333333333334,160.33333333333334,159.33333333333334,162.0,164.0,166.0,166.0,164.0,162.0,162.0,162.0,163.0,163.0,163.0,162.0,162.0,162.0,161.0,161.0,160.0,160.0,160.0,160.0,161.0,162.0,163.0,164.0,164.0,163.0,162.0,164.0,168.0,169.0,167.0,164.0,163.0,162.0,161.0,163.0,165.0,166.0,165.0,164.0,165.0,165.0,165.0,164.0,163.0,161.0,160.0,159.0,161.0,161.0,161.0,161.0,162.0,163.0,155.0,155.0,156.0,157.0,157.0,157.0,157.0,157.0,156.0,156.0,157.0,158.0,159.0,159.0,158.0,158.0,155.0,157.0,159.0,158.0,157.0,155.0,156.0,156.0,155.0,158.0,160.0,160.0,157.0,156.0,157.0,158.0,157.0,157.0,156.0,156.0,157.0,158.0,160.0,161.0,158.0,157.0,156.0,156.0,157.0,159.0,160.0,161.0,158.33333333333334,161.33333333333334,161.33333333333334,158.33333333333334,158.33333333333334,162.33333333333334,164.33333333333334,162.33333333333334,161.33333333333334,160.33333333333334,160.33333333333334,159.33333333333334,159.33333333333334,160.33333333333334,160.33333333333334,161.33333333333334,158.0,160.0,160.33333333333334,159.33333333333334,157.33333333333334,156.33333333333334,158.66666666666666,161.66666666666666,166.66666666666666,139.66666666666666,104.33333333333333,81.33333333333333,81.33333333333333,90.33333333333333,91.33333333333333,84.66666666666667,85.66666666666667,118.33333333333333,154.33333333333334,168.33333333333334,165.33333333333334,160.33333333333334,160.33333333333334,162.33333333333334,162.33333333333334,162.33333333333334,161.33333333333334,161.33333333333334,160.33333333333334,160.33333333333334,159.33333333333334,159.33333333333334,160.0,160.0,161.0,161.0,160.0,159.0,158.0,158.0,162.0,162.0,162.0,161.0,161.0,161.0,161.0,161.0,160.0,159.0,158.0,157.0,158.0,160.0,163.0,164.0,166.0,162.0,160.0,163.0,168.0,170.0,166.0,161.0,164.0,163.0,163.0,163.0,163.0,163.0,163.0,162.0,163.0,163.0,163.0,162.0,161.0,160.0,159.0,159.0,161.0,160.0,159.0,158.0,157.0,158.0,153.0,154.0,155.0,156.0,157.0,156.0,156.0,155.0,156.0,156.0,158.0,159.0,159.0,160.0,160.0,159.0,156.0,157.0,159.0,159.0,157.0,156.0,157.0,158.0,157.0,158.0,160.0,160.0,159.0,158.0,158.0,158.0,158.0,156.0,155.0,158.0,162.0,163.0,160.0,156.0,154.0,155.0,157.0,159.0,159.0,159.0,159.0,158.0,158.33333333333334,160.33333333333334,160.33333333333334,157.33333333333334,158.33333333333334,162.33333333333334,162.33333333333334,159.33333333333334,161.33333333333334,160.33333333333334,160.33333333333334,159.33333333333334,159.33333333333334,160.33333333333334,160.33333333333334,161.33333333333334,157.0,157.0,158.33333333333334,158.33333333333334,158.33333333333334,159.33333333333334,161.66666666666666,163.66666666666666,165.66666666666666,139.66666666666666,104.33333333333333,82.33333333333333,82.33333333333333,91.33333333333333,92.33333333333333,84.66666666666667,86.66666666666667,118.33333333333333,153.33333333333334,167.33333333333334,163.33333333333334,158.33333333333334,158.33333333333334,160.33333333333334,158.33333333333334,157.33333333333334,156.33333333333334,155.33333333333334,156.33333333333334,158.33333333333334,160.33333333333334,161.33333333333334,162.0,160.0,157.0,156.0,156.0,157.0,158.0,159.0,160.0,160.0,160.0,161.0,161.0,161.0,161.0,161.0,160.0,159.0,157.0,156.0,157.0,160.0,163.0,165.0,167.0,163.0,161.0,162.0,167.0,167.0,163.0,158.0,165.0,165.0,165.0,164.0,162.0,161.0,160.0,160.0,161.0,160.0,160.0,160.0,160.0,160.0,161.0,161.0,163.0,161.0,159.0,157.0,156.0,156.0,152.0,153.0,155.0,156.0,157.0,156.0,155.0,154.0,156.0,156.0,158.0,159.0,159.0,159.0,159.0,159.0,157.0,157.0,157.0,157.0,158.0,158.0,158.0,158.0,157.0,158.0,158.0,159.0,159.0,158.0,158.0,157.0,158.0,156.0,155.0,158.0,163.0,163.0,158.0,153.0,159.0,160.0,162.0,162.0,162.0,159.0,157.0,155.0,159.33333333333334,160.33333333333334,159.33333333333334,157.33333333333334,158.33333333333334,162.33333333333334,160.33333333333334,156.33333333333334,160.33333333333334,160.33333333333334,159.33333333333334,159.33333333333334,159.33333333333334,159.33333333333334,160.33333333333334,160.33333333333334,156.0,156.0,157.33333333333334,158.33333333333334,160.33333333333334,161.33333333333334,163.66666666666666,164.66666666666666,164.66666666666666,138.66666666666666,104.33333333333333,83.33333333333333,83.33333333333333,92.33333333333333,92.33333333333333,84.66666666666667,84.66666666666667,116.33333333333333,150.33333333333334,163.33333333333334,159.33333333333334,154.33333333333334,154.33333333333334,156.33333333333334,155.33333333333334,154.33333333333334,153.33333333333334,152.33333333333334,154.33333333333334,156.33333333333334,159.33333333333334,161.33333333333334,164.0,161.0,157.0,155.0,156.0,158.0,160.0,160.0,159.0,159.0,159.0,160.0,160.0,160.0,161.0,161.0,160.0,159.0,158.0,157.0,158.0,160.0,163.0,164.0,166.0,164.0,162.0,163.0,165.0,164.0,161.0,158.0,164.0,165.0,165.0,164.0,161.0,159.0,160.0,161.0,160.0,160.0,159.0,159.0,160.0,161.0,162.0,162.0,165.0,164.0,162.0,161.0,160.0,159.0,152.0,153.0,155.0,157.0,157.0,156.0,155.0,154.0,155.0,156.0,156.0,157.0,157.0,157.0,157.0,156.0,158.0,155.0,153.0,154.0,157.0,159.0,158.0,156.0,156.0,156.0,156.0,157.0,158.0,157.0,156.0,155.0,157.0,157.0,157.0,157.0,157.0,156.0,156.0,155.0,161.0,161.0,161.0,160.0,159.0,158.0,157.0,157.0,160.33333333333334,161.33333333333334,159.33333333333334,156.33333333333334,158.33333333333334,161.33333333333334,158.33333333333334,153.33333333333334,158.33333333333334,158.33333333333334,157.33333333333334,157.33333333333334,157.33333333333334,157.33333333333334,158.33333333333334,158.33333333333334,158.0,157.0,156.33333333333334,157.33333333333334,159.33333333333334,161.33333333333334,162.66666666666666,162.66666666666666,163.66666666666666,138.66666666666666,105.33333333333333,83.33333333333333,84.33333333333333,93.33333333333333,93.33333333333333,85.66666666666667,85.66666666666667,116.33333333333333,149.33333333333334,162.33333333333334,157.33333333333334,152.33333333333334,153.33333333333334,155.33333333333334,154.33333333333334,154.33333333333334,154.33333333333334,155.33333333333334,156.33333333333334,156.33333333333334,157.33333333333334,157.33333333333334,162.0,159.0,156.0,155.0,157.0,159.0,158.0,156.0,158.0,158.0,159.0,159.0,159.0,160.0,160.0,160.0,160.0,159.0,159.0,159.0,160.0,161.0,163.0,164.0,162.0,162.0,163.0,163.0,163.0,163.0,162.0,161.0,160.0,162.0,164.0,163.0,161.0,160.0,162.0,164.0,163.0,162.0,161.0,159.0,159.0,160.0,161.0,161.0,162.0,163.0,163.0,164.0,164.0,164.0,152.0,153.0,155.0,157.0,158.0,157.0,155.0,154.0,154.0,155.0,155.0,156.0,156.0,155.0,154.0,154.0,158.0,153.0,150.0,152.0,157.0,160.0,157.0,154.0,155.0,154.0,154.0,155.0,156.0,156.0,155.0,153.0,155.0,158.0,159.0,155.0,150.0,149.0,154.0,159.0,157.0,156.0,155.0,154.0,155.0,157.0,159.0,161.0,161.33333333333334,161.33333333333334,159.33333333333334,156.33333333333334,158.33333333333334,160.33333333333334,157.33333333333334,151.33333333333334,157.33333333333334,156.33333333333334,156.33333333333334,155.33333333333334,155.33333333333334,156.33333333333334,156.33333333333334,157.33333333333334,159.0,158.0,156.33333333333334,157.33333333333334,158.33333333333334,159.33333333333334,159.66666666666666,159.66666666666666,163.66666666666666,138.66666666666666,105.33333333333333,84.33333333333333,84.33333333333333,93.33333333333333,93.33333333333333,85.66666666666667,87.66666666666667,118.33333333333333,151.33333333333334,163.33333333333334,159.33333333333334,154.33333333333334,154.33333333333334,157.33333333333334,153.33333333333334,155.33333333333334,157.33333333333334,159.33333333333334,159.33333333333334,157.33333333333334,154.33333333333334,153.33333333333334,156.0,155.0,153.0,155.0,157.0,157.0,154.0,150.0,157.0,158.0,158.0,159.0,159.0,160.0,160.0,160.0,160.0,160.0,160.0,160.0,161.0,162.0,163.0,164.0,158.0,160.0,163.0,163.0,162.0,162.0,163.0,164.0,157.0,160.0,162.0,163.0,161.0,162.0,164.0,167.0,166.0,164.0,162.0,160.0,159.0,159.0,159.0,160.0,158.0,159.0,162.0,164.0,165.0,166.0,153.0,157.0,160.0,159.0,156.0,152.0,151.0,152.0,152.0,153.0,153.0,154.0,154.0,155.0,155.0,156.0,154.0,155.0,157.0,158.0,159.0,159.0,158.0,157.0,153.0,153.0,154.0,155.0,157.0,158.0,159.0,159.0,154.66666666666666,154.66666666666666,153.66666666666666,152.66666666666666,152.66666666666666,152.66666666666666,153.66666666666666,153.66666666666666,152.66666666666666,154.66666666666666,157.66666666666666,160.66666666666666,160.66666666666666,157.66666666666666,154.66666666666666,152.66666666666666,158.33333333333334,157.33333333333334,156.33333333333334,156.33333333333334,157.33333333333334,157.33333333333334,155.33333333333334,152.33333333333334,153.33333333333334,154.33333333333334,155.33333333333334,155.33333333333334,156.33333333333334,156.33333333333334,155.33333333333334,155.33333333333334,154.0,153.0,154.66666666666666,158.66666666666666,157.66666666666666,156.66666666666666,159.66666666666666,164.66666666666666,171.66666666666666,135.66666666666666,104.33333333333333,87.33333333333333,80.33333333333333,87.33333333333333,94.33333333333333,87.66666666666667,84.66666666666667,119.33333333333333,153.33333333333334,163.33333333333334,158.33333333333334,154.33333333333334,153.33333333333334,151.33333333333334,154.33333333333334,154.33333333333334,154.33333333333334,155.33333333333334,155.33333333333334,156.33333333333334,156.33333333333334,156.33333333333334,159.33333333333334,159.33333333333334,158.33333333333334,157.33333333333334,157.33333333333334,158.33333333333334,158.33333333333334,159.33333333333334,158.33333333333334,157.33333333333334,156.33333333333334,156.33333333333334,157.33333333333334,158.33333333333334,160.33333333333334,161.33333333333334,159.33333333333334,160.33333333333334,159.33333333333334,156.33333333333334,153.33333333333334,154.33333333333334,159.33333333333334,163.33333333333334,164.33333333333334,161.33333333333334,159.33333333333334,158.33333333333334,159.33333333333334,160.33333333333334,160.33333333333334,159.33333333333334,158.33333333333334,159.33333333333334,161.33333333333334,163.33333333333334,163.33333333333334,161.33333333333334,159.33333333333334,158.33333333333334,161.33333333333334,160.33333333333334,158.33333333333334,157.33333333333334,156.33333333333334,155.33333333333334,155.33333333333334,155.33333333333334,155.33333333333334,155.33333333333334,155.33333333333334,156.33333333333334,158.33333333333334,160.33333333333334,153.0,156.0,159.0,159.0,156.0,153.0,152.0,153.0,154.0,155.0,155.0,155.0,155.0,155.0,156.0,156.0,154.0,155.0,157.0,158.0,158.0,158.0,157.0,157.0,154.0,154.0,155.0,156.0,156.0,157.0,158.0,158.0,154.66666666666666,153.66666666666666,153.66666666666666,152.66666666666666,153.66666666666666,153.66666666666666,154.66666666666666,155.66666666666666,156.66666666666666,156.66666666666666,157.66666666666666,157.66666666666666,157.66666666666666,157.66666666666666,156.66666666666666,156.66666666666666,157.33333333333334,156.33333333333334,155.33333333333334,156.33333333333334,158.33333333333334,157.33333333333334,156.33333333333334,153.33333333333334,155.33333333333334,156.33333333333334,157.33333333333334,157.33333333333334,158.33333333333334,158.33333333333334,157.33333333333334,157.33333333333334,156.0,154.0,156.66666666666666,158.66666666666666,158.66666666666666,156.66666666666666,158.66666666666666,164.66666666666666,166.66666666666666,134.66666666666666,108.33333333333333,93.33333333333333,83.33333333333333,86.33333333333333,91.33333333333333,85.66666666666667,84.66666666666667,119.33333333333333,153.33333333333334,162.33333333333334,158.33333333333334,154.33333333333334,154.33333333333334,152.33333333333334,154.33333333333334,154.33333333333334,154.33333333333334,155.33333333333334,155.33333333333334,156.33333333333334,156.33333333333334,156.33333333333334,158.33333333333334,158.33333333333334,157.33333333333334,157.33333333333334,156.33333333333334,157.33333333333334,158.33333333333334,158.33333333333334,160.33333333333334,159.33333333333334,158.33333333333334,157.33333333333334,156.33333333333334,157.33333333333334,158.33333333333334,159.33333333333334,160.33333333333334,161.33333333333334,161.33333333333334,159.33333333333334,156.33333333333334,157.33333333333334,160.33333333333334,163.33333333333334,163.33333333333334,161.33333333333334,158.33333333333334,158.33333333333334,159.33333333333334,160.33333333333334,160.33333333333334,159.33333333333334,159.33333333333334,160.33333333333334,162.33333333333334,163.33333333333334,163.33333333333334,162.33333333333334,160.33333333333334,159.33333333333334,158.33333333333334,157.33333333333334,156.33333333333334,156.33333333333334,156.33333333333334,156.33333333333334,156.33333333333334,157.33333333333334,156.33333333333334,156.33333333333334,156.33333333333334,157.33333333333334,158.33333333333334,159.33333333333334,153.0,155.0,157.0,158.0,156.0,154.0,154.0,154.0,156.0,156.0,156.0,156.0,156.0,155.0,155.0,155.0,155.0,156.0,156.0,157.0,158.0,157.0,157.0,157.0,156.0,156.0,156.0,156.0,156.0,156.0,156.0,156.0,153.66666666666666,153.66666666666666,153.66666666666666,153.66666666666666,154.66666666666666,155.66666666666666,156.66666666666666,157.66666666666666,159.66666666666666,158.66666666666666,157.66666666666666,156.66666666666666,156.66666666666666,157.66666666666666,158.66666666666666,159.66666666666666,156.33333333333334,155.33333333333334,155.33333333333334,156.33333333333334,158.33333333333334,158.33333333333334,157.33333333333334,155.33333333333334,157.33333333333334,157.33333333333334,158.33333333333334,159.33333333333334,160.33333333333334,160.33333333333334,159.33333333333334,159.33333333333334,158.0,156.0,157.66666666666666,160.66666666666666,159.66666666666666,156.66666666666666,158.66666666666666,163.66666666666666,160.66666666666666,133.66666666666666,114.33333333333333,101.33333333333333,88.33333333333333,85.33333333333333,88.33333333333333,84.66666666666667,84.66666666666667,118.33333333333333,152.33333333333334,162.33333333333334,157.33333333333334,155.33333333333334,155.33333333333334,153.33333333333334,154.33333333333334,154.33333333333334,154.33333333333334,154.33333333333334,155.33333333333334,155.33333333333334,155.33333333333334,155.33333333333334,157.33333333333334,156.33333333333334,156.33333333333334,155.33333333333334,155.33333333333334,156.33333333333334,157.33333333333334,157.33333333333334,161.33333333333334,160.33333333333334,158.33333333333334,157.33333333333334,156.33333333333334,156.33333333333334,156.33333333333334,156.33333333333334,160.33333333333334,162.33333333333334,163.33333333333334,162.33333333333334,160.33333333333334,160.33333333333334,161.33333333333334,163.33333333333334,162.33333333333334,160.33333333333334,158.33333333333334,158.33333333333334,159.33333333333334,160.33333333333334,159.33333333333334,158.33333333333334,161.33333333333334,161.33333333333334,161.33333333333334,162.33333333333334,162.33333333333334,161.33333333333334,161.33333333333334,161.33333333333334,155.33333333333334,155.33333333333334,155.33333333333334,154.33333333333334,155.33333333333334,156.33333333333334,157.33333333333334,157.33333333333334,156.33333333333334,157.33333333333334,157.33333333333334,157.33333333333334,158.33333333333334,158.33333333333334,153.0,154.0,156.0,156.0,156.0,155.0,155.0,155.0,157.0,156.0,156.0,155.0,155.0,154.0,154.0,153.0,156.0,156.0,156.0,156.0,157.0,157.0,156.0,156.0,157.0,157.0,157.0,156.0,156.0,155.0,155.0,155.0,154.66666666666666,153.66666666666666,154.66666666666666,154.66666666666666,155.66666666666666,157.66666666666666,158.66666666666666,159.66666666666666,159.66666666666666,159.66666666666666,158.66666666666666,157.66666666666666,157.66666666666666,158.66666666666666,159.66666666666666,159.66666666666666,156.33333333333334,155.33333333333334,155.33333333333334,156.33333333333334,159.33333333333334,159.33333333333334,158.33333333333334,156.33333333333334,157.33333333333334,158.33333333333334,159.33333333333334,159.33333333333334,160.33333333333334,160.33333333333334,159.33333333333334,159.33333333333334,160.0,158.0,158.66666666666666,161.66666666666666,159.66666666666666,156.66666666666666,158.66666666666666,163.66666666666666,158.66666666666666,132.66666666666666,116.33333333333333,106.33333333333333,92.33333333333333,86.33333333333333,89.33333333333333,86.66666666666667,84.66666666666667,118.33333333333333,152.33333333333334,161.33333333333334,157.33333333333334,155.33333333333334,155.33333333333334,154.33333333333334,154.33333333333334,154.33333333333334,154.33333333333334,154.33333333333334,154.33333333333334,154.33333333333334,154.33333333333334,155.33333333333334,155.33333333333334,155.33333333333334,154.33333333333334,154.33333333333334,154.33333333333334,155.33333333333334,156.33333333333334,157.33333333333334,159.33333333333334,158.33333333333334,158.33333333333334,157.33333333333334,157.33333333333334,156.33333333333334,156.33333333333334,156.33333333333334,159.33333333333334,161.33333333333334,162.33333333333334,163.33333333333334,162.33333333333334,161.33333333333334,160.33333333333334,160.33333333333334,161.33333333333334,159.33333333333334,157.33333333333334,158.33333333333334,159.33333333333334,159.33333333333334,158.33333333333334,157.33333333333334,161.33333333333334,160.33333333333334,160.33333333333334,159.33333333333334,159.33333333333334,160.33333333333334,160.33333333333334,161.33333333333334,155.33333333333334,155.33333333333334,154.33333333333334,154.33333333333334,154.33333333333334,155.33333333333334,155.33333333333334,156.33333333333334,157.33333333333334,157.33333333333334,158.33333333333334,158.33333333333334,158.33333333333334,157.33333333333334,154.0,154.0,154.0,155.0,156.0,156.0,155.0,155.0,155.0,154.0,154.0,153.0,153.0,152.0,152.0,151.0,156.0,156.0,156.0,156.0,155.0,155.0,156.0,156.0,158.0,158.0,157.0,156.0,156.0,155.0,154.0,154.0,155.66666666666666,155.66666666666666,155.66666666666666,155.66666666666666,156.66666666666666,158.66666666666666,159.66666666666666,160.66666666666666,157.66666666666666,158.66666666666666,159.66666666666666,159.66666666666666,159.66666666666666,159.66666666666666,158.66666666666666,157.66666666666666,156.33333333333334,155.33333333333334,155.33333333333334,157.33333333333334,159.33333333333334,160.33333333333334,159.33333333333334,157.33333333333334,156.33333333333334,156.33333333333334,157.33333333333334,158.33333333333334,158.33333333333334,158.33333333333334,158.33333333333334,158.33333333333334,160.0,158.0,158.66666666666666,161.66666666666666,159.66666666666666,156.66666666666666,158.66666666666666,163.66666666666666,158.66666666666666,130.66666666666666,114.33333333333333,109.33333333333333,98.33333333333333,92.33333333333333,93.33333333333333,91.66666666666667,85.66666666666667,119.33333333333333,152.33333333333334,161.33333333333334,156.33333333333334,154.33333333333334,155.33333333333334,154.33333333333334,154.33333333333334,154.33333333333334,154.33333333333334,154.33333333333334,154.33333333333334,154.33333333333334,154.33333333333334,153.33333333333334,154.33333333333334,154.33333333333334,154.33333333333334,154.33333333333334,154.33333333333334,155.33333333333334,156.33333333333334,157.33333333333334,155.33333333333334,156.33333333333334,156.33333333333334,157.33333333333334,157.33333333333334,158.33333333333334,158.33333333333334,158.33333333333334,158.33333333333334,158.33333333333334,160.33333333333334,161.33333333333334,162.33333333333334,161.33333333333334,158.33333333333334,157.33333333333334,159.33333333333334,158.33333333333334,157.33333333333334,157.33333333333334,158.33333333333334,159.33333333333334,157.33333333333334,155.33333333333334,159.33333333333334,158.33333333333334,158.33333333333334,157.33333333333334,157.33333333333334,158.33333333333334,158.33333333333334,159.33333333333334,158.33333333333334,157.33333333333334,156.33333333333334,154.33333333333334,154.33333333333334,153.33333333333334,153.33333333333334,153.33333333333334,156.33333333333334,157.33333333333334,158.33333333333334,158.33333333333334,158.33333333333334,157.33333333333334,157.0,155.0,154.0,154.0,156.0,156.0,155.0,154.0,153.0,153.0,153.0,152.0,152.0,152.0,152.0,152.0,157.0,156.0,156.0,155.0,154.0,155.0,155.0,155.0,157.0,157.0,157.0,156.0,156.0,155.0,155.0,155.0,157.66666666666666,157.66666666666666,156.66666666666666,157.66666666666666,157.66666666666666,158.66666666666666,160.66666666666666,160.66666666666666,156.66666666666666,157.66666666666666,158.66666666666666,159.66666666666666,159.66666666666666,158.66666666666666,157.66666666666666,156.66666666666666,157.33333333333334,156.33333333333334,156.33333333333334,157.33333333333334,159.33333333333334,160.33333333333334,158.33333333333334,156.33333333333334,154.33333333333334,155.33333333333334,156.33333333333334,157.33333333333334,157.33333333333334,157.33333333333334,157.33333333333334,156.33333333333334,158.0,156.0,157.66666666666666,160.66666666666666,159.66666666666666,156.66666666666666,158.66666666666666,163.66666666666666,159.66666666666666,126.66666666666667,109.33333333333333,111.33333333333333,108.33333333333333,103.33333333333333,100.33333333333333,93.66666666666667,87.66666666666667,120.33333333333333,152.33333333333334,160.33333333333334,155.33333333333334,153.33333333333334,154.33333333333334,154.33333333333334,154.33333333333334,154.33333333333334,154.33333333333334,154.33333333333334,153.33333333333334,153.33333333333334,153.33333333333334,153.33333333333334,154.33333333333334,154.33333333333334,154.33333333333334,154.33333333333334,154.33333333333334,156.33333333333334,157.33333333333334,158.33333333333334,153.33333333333334,154.33333333333334,156.33333333333334,157.33333333333334,158.33333333333334,158.33333333333334,158.33333333333334,158.33333333333334,157.33333333333334,157.33333333333334,157.33333333333334,158.33333333333334,160.33333333333334,160.33333333333334,157.33333333333334,155.33333333333334,158.33333333333334,157.33333333333334,156.33333333333334,157.33333333333334,158.33333333333334,158.33333333333334,156.33333333333334,154.33333333333334,156.33333333333334,157.33333333333334,157.33333333333334,157.33333333333334,157.33333333333334,157.33333333333334,157.33333333333334,156.33333333333334,160.33333333333334,159.33333333333334,157.33333333333334,155.33333333333334,154.33333333333334,153.33333333333334,153.33333333333334,153.33333333333334,155.33333333333334,156.33333333333334,157.33333333333334,158.33333333333334,158.33333333333334,157.33333333333334,159.0,156.0,154.0,154.0,155.0,156.0,154.0,152.0,152.0,152.0,153.0,153.0,153.0,153.0,153.0,154.0,158.0,157.0,155.0,154.0,154.0,154.0,155.0,155.0,157.0,156.0,156.0,156.0,156.0,156.0,156.0,155.0,159.66666666666666,159.66666666666666,158.66666666666666,158.66666666666666,158.66666666666666,159.66666666666666,159.66666666666666,160.66666666666666,157.66666666666666,157.66666666666666,156.66666666666666,156.66666666666666,156.66666666666666,156.66666666666666,157.66666666666666,157.66666666666666,159.33333333333334,158.33333333333334,157.33333333333334,158.33333333333334,159.33333333333334,159.33333333333334,157.33333333333334,155.33333333333334,154.33333333333334,155.33333333333334,156.33333333333334,157.33333333333334,157.33333333333334,157.33333333333334,157.33333333333334,157.33333333333334,156.0,154.0,156.66666666666666,158.66666666666666,158.66666666666666,156.66666666666666,158.66666666666666,164.66666666666666,157.66666666666666,120.66666666666667,105.33333333333333,115.33333333333333,120.33333333333333,116.33333333333333,105.33333333333333,92.66666666666667,89.66666666666667,122.33333333333333,153.33333333333334,160.33333333333334,154.33333333333334,152.33333333333334,153.33333333333334,152.33333333333334,154.33333333333334,154.33333333333334,154.33333333333334,153.33333333333334,153.33333333333334,152.33333333333334,152.33333333333334,152.33333333333334,154.33333333333334,154.33333333333334,154.33333333333334,154.33333333333334,155.33333333333334,157.33333333333334,158.33333333333334,159.33333333333334,154.33333333333334,155.33333333333334,156.33333333333334,157.33333333333334,158.33333333333334,157.33333333333334,156.33333333333334,155.33333333333334,158.33333333333334,157.33333333333334,156.33333333333334,157.33333333333334,159.33333333333334,160.33333333333334,158.33333333333334,155.33333333333334,157.33333333333334,156.33333333333334,156.33333333333334,157.33333333333334,158.33333333333334,158.33333333333334,155.33333333333334,153.33333333333334,155.33333333333334,156.33333333333334,158.33333333333334,159.33333333333334,159.33333333333334,158.33333333333334,156.33333333333334,155.33333333333334,159.33333333333334,158.33333333333334,157.33333333333334,156.33333333333334,155.33333333333334,155.33333333333334,156.33333333333334,156.33333333333334,153.33333333333334,155.33333333333334,157.33333333333334,158.33333333333334,158.33333333333334,157.33333333333334,160.0,157.0,154.0,153.0,155.0,156.0,154.0,151.0,152.0,153.0,153.0,154.0,154.0,155.0,155.0,156.0,158.0,157.0,155.0,154.0,153.0,153.0,154.0,155.0,156.0,156.0,156.0,156.0,156.0,156.0,156.0,156.0,161.66666666666666,160.66666666666666,159.66666666666666,158.66666666666666,158.66666666666666,158.66666666666666,159.66666666666666,159.66666666666666,160.66666666666666,157.66666666666666,154.66666666666666,152.66666666666666,152.66666666666666,154.66666666666666,157.66666666666666,160.66666666666666,160.33333333333334,159.33333333333334,158.33333333333334,158.33333333333334,159.33333333333334,159.33333333333334,157.33333333333334,154.33333333333334,155.33333333333334,156.33333333333334,157.33333333333334,157.33333333333334,158.33333333333334,158.33333333333334,157.33333333333334,157.33333333333334,154.0,153.0,154.66666666666666,158.66666666666666,157.66666666666666,156.66666666666666,159.66666666666666,164.66666666666666,155.66666666666666,117.66666666666667,102.33333333333333,118.33333333333333,129.33333333333334,124.33333333333333,108.33333333333333,89.66666666666667,91.66666666666667,123.33333333333333,154.33333333333334,160.33333333333334,154.33333333333334,151.33333333333334,152.33333333333334,151.33333333333334,154.33333333333334,154.33333333333334,154.33333333333334,153.33333333333334,153.33333333333334,152.33333333333334,152.33333333333334,152.33333333333334,154.33333333333334,154.33333333333334,154.33333333333334,155.33333333333334,156.33333333333334,157.33333333333334,159.33333333333334,159.33333333333334,156.33333333333334,157.33333333333334,158.33333333333334,158.33333333333334,157.33333333333334,156.33333333333334,154.33333333333334,153.33333333333334,160.33333333333334,157.33333333333334,155.33333333333334,156.33333333333334,159.33333333333334,160.33333333333334,158.33333333333334,156.33333333333334,157.33333333333334,156.33333333333334,156.33333333333334,157.33333333333334,158.33333333333334,157.33333333333334,155.33333333333334,152.33333333333334,155.33333333333334,157.33333333333334,159.33333333333334,160.33333333333334,160.33333333333334,159.33333333333334,157.33333333333334,155.33333333333334,157.33333333333334,157.33333333333334,156.33333333333334,156.33333333333334,156.33333333333334,157.33333333333334,158.33333333333334,159.33333333333334,152.33333333333334,154.33333333333334,156.33333333333334,158.33333333333334,159.33333333333334,158.33333333333334,157.0,153.0,150.0,151.0,154.0,155.0,153.0,151.0,152.0,153.0,154.0,156.0,156.0,156.0,156.0,156.0,159.0,155.0,152.0,152.0,155.0,157.0,156.0,155.0,153.0,154.0,155.0,155.0,156.0,156.0,156.0,155.0,155.66666666666666,155.66666666666666,156.66666666666666,156.66666666666666,156.66666666666666,157.66666666666666,157.66666666666666,157.66666666666666,158.66666666666666,156.66666666666666,155.66666666666666,157.66666666666666,160.66666666666666,161.66666666666666,160.66666666666666,157.66666666666666,161.33333333333334,161.33333333333334,161.33333333333334,161.33333333333334,160.33333333333334,158.33333333333334,157.33333333333334,156.33333333333334,156.33333333333334,156.33333333333334,156.33333333333334,157.33333333333334,157.33333333333334,158.33333333333334,158.33333333333334,158.33333333333334,155.0,153.0,153.66666666666666,154.66666666666666,154.66666666666666,153.66666666666666,156.66666666666666,163.66666666666666,148.66666666666666,119.66666666666667,102.33333333333333,114.33333333333333,131.33333333333334,128.33333333333334,108.33333333333333,92.66666666666667,90.66666666666667,126.33333333333333,151.33333333333334,156.33333333333334,158.33333333333334,153.33333333333334,149.33333333333334,153.33333333333334,153.33333333333334,153.33333333333334,153.33333333333334,153.33333333333334,153.33333333333334,153.33333333333334,153.33333333333334,153.33333333333334,150.33333333333334,151.33333333333334,151.33333333333334,152.33333333333334,154.33333333333334,155.33333333333334,155.33333333333334,156.33333333333334,154.33333333333334,158.33333333333334,161.33333333333334,159.33333333333334,153.33333333333334,151.33333333333334,154.33333333333334,158.33333333333334,159.33333333333334,158.33333333333334,158.33333333333334,158.33333333333334,158.33333333333334,159.33333333333334,160.33333333333334,161.33333333333334,162.33333333333334,160.33333333333334,158.33333333333334,159.33333333333334,160.33333333333334,161.33333333333334,161.33333333333334,160.33333333333334,152.33333333333334,154.33333333333334,157.33333333333334,159.33333333333334,160.33333333333334,159.33333333333334,158.33333333333334,157.33333333333334,153.33333333333334,158.33333333333334,160.33333333333334,156.33333333333334,153.33333333333334,156.33333333333334,159.33333333333334,160.33333333333334,153.33333333333334,155.33333333333334,157.33333333333334,159.33333333333334,160.33333333333334,159.33333333333334,155.0,153.0,151.0,151.0,152.0,154.0,154.0,154.0,155.0,155.0,155.0,155.0,155.0,154.0,154.0,154.0,157.0,155.0,153.0,153.0,156.0,157.0,156.0,155.0,151.0,153.0,154.0,156.0,157.0,157.0,157.0,156.0,153.66666666666666,154.66666666666666,154.66666666666666,154.66666666666666,155.66666666666666,155.66666666666666,155.66666666666666,156.66666666666666,157.66666666666666,157.66666666666666,158.66666666666666,161.66666666666666,163.66666666666666,163.66666666666666,160.66666666666666,156.66666666666666,160.33333333333334,160.33333333333334,159.33333333333334,159.33333333333334,158.33333333333334,157.33333333333334,156.33333333333334,155.33333333333334,156.33333333333334,156.33333333333334,157.33333333333334,157.33333333333334,158.33333333333334,158.33333333333334,158.33333333333334,158.33333333333334,154.0,152.0,151.66666666666666,153.66666666666666,153.66666666666666,151.66666666666666,155.66666666666666,161.66666666666666,150.66666666666666,120.66666666666667,102.33333333333333,112.33333333333333,130.33333333333334,128.33333333333334,111.33333333333333,95.66666666666667,90.66666666666667,126.33333333333333,151.33333333333334,156.33333333333334,157.33333333333334,153.33333333333334,149.33333333333334,153.33333333333334,153.33333333333334,153.33333333333334,153.33333333333334,153.33333333333334,153.33333333333334,153.33333333333334,153.33333333333334,153.33333333333334,154.33333333333334,154.33333333333334,154.33333333333334,154.33333333333334,154.33333333333334,154.33333333333334,155.33333333333334,155.33333333333334,155.33333333333334,158.33333333333334,159.33333333333334,158.33333333333334,155.33333333333334,153.33333333333334,155.33333333333334,157.33333333333334,158.33333333333334,158.33333333333334,159.33333333333334,159.33333333333334,160.33333333333334,160.33333333333334,160.33333333333334,160.33333333333334,161.33333333333334,159.33333333333334,157.33333333333334,158.33333333333334,159.33333333333334,160.33333333333334,160.33333333333334,159.33333333333334,154.33333333333334,155.33333333333334,158.33333333333334,160.33333333333334,161.33333333333334,160.33333333333334,159.33333333333334,158.33333333333334,154.33333333333334,158.33333333333334,159.33333333333334,156.33333333333334,156.33333333333334,158.33333333333334,160.33333333333334,158.33333333333334,153.33333333333334,155.33333333333334,157.33333333333334,159.33333333333334,159.33333333333334,158.33333333333334,152.0,152.0,152.0,150.0,150.0,151.0,155.0,158.0,158.0,157.0,155.0,153.0,152.0,152.0,153.0,154.0,155.0,154.0,154.0,155.0,157.0,158.0,157.0,155.0,151.0,152.0,155.0,157.0,158.0,158.0,156.0,155.0,152.66666666666666,152.66666666666666,152.66666666666666,153.66666666666666,153.66666666666666,154.66666666666666,154.66666666666666,154.66666666666666,156.66666666666666,157.66666666666666,160.66666666666666,163.66666666666666,165.66666666666666,164.66666666666666,159.66666666666666,156.66666666666666,158.33333333333334,157.33333333333334,157.33333333333334,156.33333333333334,156.33333333333334,155.33333333333334,154.33333333333334,154.33333333333334,157.33333333333334,157.33333333333334,157.33333333333334,157.33333333333334,158.33333333333334,158.33333333333334,158.33333333333334,158.33333333333334,153.0,151.0,151.66666666666666,153.66666666666666,152.66666666666666,150.66666666666666,153.66666666666666,159.66666666666666,151.66666666666666,121.66666666666667,101.33333333333333,109.33333333333333,127.33333333333333,128.33333333333334,113.33333333333333,98.66666666666667,91.66666666666667,127.33333333333333,151.33333333333334,156.33333333333334,157.33333333333334,153.33333333333334,149.33333333333334,153.33333333333334,152.33333333333334,152.33333333333334,152.33333333333334,152.33333333333334,152.33333333333334,152.33333333333334,152.33333333333334,152.33333333333334,156.33333333333334,156.33333333333334,155.33333333333334,155.33333333333334,155.33333333333334,154.33333333333334,154.33333333333334,154.33333333333334,157.33333333333334,157.33333333333334,157.33333333333334,157.33333333333334,156.33333333333334,156.33333333333334,156.33333333333334,156.33333333333334,157.33333333333334,158.33333333333334,159.33333333333334,161.33333333333334,161.33333333333334,160.33333333333334,160.33333333333334,159.33333333333334,160.33333333333334,158.33333333333334,156.33333333333334,156.33333333333334,158.33333333333334,159.33333333333334,158.33333333333334,157.33333333333334,153.33333333333334,155.33333333333334,157.33333333333334,158.33333333333334,159.33333333333334,159.33333333333334,158.33333333333334,158.33333333333334,155.33333333333334,158.33333333333334,158.33333333333334,157.33333333333334,159.33333333333334,162.33333333333334,160.33333333333334,155.33333333333334,154.33333333333334,155.33333333333334,156.33333333333334,158.33333333333334,158.33333333333334,157.33333333333334,150.0,152.0,152.0,150.0,148.0,150.0,155.0,160.0,157.0,155.0,153.0,151.0,151.0,152.0,153.0,155.0,152.0,153.0,155.0,157.0,158.0,158.0,157.0,155.0,152.0,154.0,156.0,158.0,158.0,156.0,153.0,152.0,152.66666666666666,152.66666666666666,152.66666666666666,153.66666666666666,153.66666666666666,153.66666666666666,154.66666666666666,154.66666666666666,156.66666666666666,157.66666666666666,159.66666666666666,161.66666666666666,162.66666666666666,160.66666666666666,158.66666666666666,156.66666666666666,156.33333333333334,155.33333333333334,154.33333333333334,153.33333333333334,153.33333333333334,153.33333333333334,153.33333333333334,153.33333333333334,157.33333333333334,157.33333333333334,157.33333333333334,158.33333333333334,158.33333333333334,158.33333333333334,158.33333333333334,158.33333333333334,153.0,151.0,152.66666666666666,154.66666666666666,153.66666666666666,151.66666666666666,153.66666666666666,158.66666666666666,151.66666666666666,121.66666666666667,99.33333333333333,104.33333333333333,122.33333333333333,127.33333333333333,114.33333333333333,99.66666666666667,92.66666666666667,128.33333333333334,152.33333333333334,155.33333333333334,156.33333333333334,152.33333333333334,149.33333333333334,153.33333333333334,151.33333333333334,151.33333333333334,151.33333333333334,151.33333333333334,151.33333333333334,151.33333333333334,151.33333333333334,151.33333333333334,154.33333333333334,154.33333333333334,154.33333333333334,154.33333333333334,154.33333333333334,154.33333333333334,154.33333333333334,154.33333333333334,157.33333333333334,156.33333333333334,155.33333333333334,155.33333333333334,156.33333333333334,157.33333333333334,156.33333333333334,154.33333333333334,155.33333333333334,157.33333333333334,159.33333333333334,161.33333333333334,161.33333333333334,160.33333333333334,159.33333333333334,157.33333333333334,159.33333333333334,157.33333333333334,155.33333333333334,155.33333333333334,156.33333333333334,157.33333333333334,156.33333333333334,155.33333333333334,152.33333333333334,153.33333333333334,154.33333333333334,156.33333333333334,156.33333333333334,157.33333333333334,156.33333333333334,156.33333333333334,156.33333333333334,157.33333333333334,158.33333333333334,158.33333333333334,161.33333333333334,164.33333333333334,160.33333333333334,153.33333333333334,154.33333333333334,155.33333333333334,156.33333333333334,156.33333333333334,157.33333333333334,156.33333333333334,149.0,151.0,152.0,151.0,149.0,150.0,154.0,159.0,154.0,153.0,151.0,150.0,150.0,152.0,155.0,156.0,151.0,153.0,155.0,156.0,156.0,156.0,155.0,155.0,154.0,155.0,156.0,156.0,155.0,153.0,150.0,148.0,152.66666666666666,152.66666666666666,153.66666666666666,153.66666666666666,153.66666666666666,154.66666666666666,154.66666666666666,154.66666666666666,156.66666666666666,156.66666666666666,156.66666666666666,155.66666666666666,154.66666666666666,155.66666666666666,156.66666666666666,157.66666666666666,154.33333333333334,153.33333333333334,152.33333333333334,151.33333333333334,151.33333333333334,151.33333333333334,152.33333333333334,152.33333333333334,157.33333333333334,157.33333333333334,157.33333333333334,157.33333333333334,157.33333333333334,157.33333333333334,156.33333333333334,156.33333333333334,155.0,153.0,154.66666666666666,156.66666666666666,155.66666666666666,152.66666666666666,154.66666666666666,159.66666666666666,150.66666666666666,121.66666666666667,96.33333333333333,98.33333333333333,116.33333333333333,124.33333333333333,112.33333333333333,97.66666666666667,93.66666666666667,128.33333333333334,152.33333333333334,155.33333333333334,155.33333333333334,152.33333333333334,148.33333333333334,153.33333333333334,151.33333333333334,151.33333333333334,151.33333333333334,151.33333333333334,151.33333333333334,151.33333333333334,151.33333333333334,151.33333333333334,150.33333333333334,150.33333333333334,151.33333333333334,152.33333333333334,153.33333333333334,153.33333333333334,154.33333333333334,154.33333333333334,155.33333333333334,154.33333333333334,153.33333333333334,154.33333333333334,155.33333333333334,156.33333333333334,155.33333333333334,154.33333333333334,154.33333333333334,156.33333333333334,158.33333333333334,160.33333333333334,160.33333333333334,159.33333333333334,157.33333333333334,156.33333333333334,159.33333333333334,157.33333333333334,154.33333333333334,154.33333333333334,155.33333333333334,156.33333333333334,155.33333333333334,154.33333333333334,153.33333333333334,153.33333333333334,154.33333333333334,155.33333333333334,156.33333333333334,156.33333333333334,157.33333333333334,157.33333333333334,155.33333333333334,157.33333333333334,157.33333333333334,157.33333333333334,161.33333333333334,164.33333333333334,160.33333333333334,153.33333333333334,154.33333333333334,155.33333333333334,155.33333333333334,155.33333333333334,155.33333333333334,155.33333333333334,149.0,150.0,151.0,151.0,150.0,151.0,153.0,155.0,151.0,151.0,150.0,150.0,151.0,152.0,154.0,155.0,152.0,153.0,155.0,155.0,153.0,152.0,153.0,154.0,155.0,155.0,154.0,153.0,152.0,150.0,148.0,147.0,152.66666666666666,152.66666666666666,152.66666666666666,153.66666666666666,153.66666666666666,154.66666666666666,154.66666666666666,154.66666666666666,155.66666666666666,155.66666666666666,154.66666666666666,151.66666666666666,149.66666666666666,150.66666666666666,153.66666666666666,156.66666666666666,153.33333333333334,152.33333333333334,151.33333333333334,149.33333333333334,149.33333333333334,150.33333333333334,152.33333333333334,153.33333333333334,156.33333333333334,156.33333333333334,156.33333333333334,155.33333333333334,155.33333333333334,155.33333333333334,155.33333333333334,154.33333333333334,155.0,154.0,155.66666666666666,158.66666666666666,156.66666666666666,152.66666666666666,154.66666666666666,158.66666666666666,149.66666666666666,122.66666666666667,96.33333333333333,95.33333333333333,113.33333333333333,122.33333333333333,111.33333333333333,93.66666666666667,94.66666666666667,129.33333333333334,152.33333333333334,154.33333333333334,155.33333333333334,151.33333333333334,148.33333333333334,153.33333333333334,150.33333333333334,150.33333333333334,150.33333333333334,150.33333333333334,150.33333333333334,150.33333333333334,150.33333333333334,150.33333333333334,148.33333333333334,148.33333333333334,149.33333333333334,151.33333333333334,152.33333333333334,153.33333333333334,154.33333333333334,154.33333333333334,152.33333333333334,152.33333333333334,153.33333333333334,153.33333333333334,153.33333333333334,153.33333333333334,153.33333333333334,154.33333333333334,153.33333333333334,154.33333333333334,156.33333333333334,157.33333333333334,157.33333333333334,157.33333333333334,156.33333333333334,155.33333333333334,159.33333333333334,157.33333333333334,155.33333333333334,154.33333333333334,155.33333333333334,155.33333333333334,154.33333333333334,153.33333333333334,154.33333333333334,154.33333333333334,155.33333333333334,156.33333333333334,156.33333333333334,157.33333333333334,158.33333333333334,158.33333333333334,154.33333333333334,157.33333333333334,157.33333333333334,156.33333333333334,158.33333333333334,161.33333333333334,159.33333333333334,154.33333333333334,155.33333333333334,155.33333333333334,154.33333333333334,154.33333333333334,154.33333333333334,153.33333333333334,150.0,150.0,150.0,152.0,153.0,153.0,151.0,149.0,151.0,151.0,151.0,151.0,151.0,151.0,152.0,152.0,153.0,154.0,155.0,153.0,150.0,148.0,150.0,152.0,152.0,151.0,150.0,149.0,148.0,149.0,150.0,150.0,150.66666666666666,151.66666666666666,151.66666666666666,151.66666666666666,152.66666666666666,152.66666666666666,152.66666666666666,153.66666666666666,152.66666666666666,154.66666666666666,154.66666666666666,152.66666666666666,149.66666666666666,149.66666666666666,151.66666666666666,153.66666666666666,153.33333333333334,152.33333333333334,150.33333333333334,149.33333333333334,149.33333333333334,150.33333333333334,152.33333333333334,153.33333333333334,155.33333333333334,155.33333333333334,154.33333333333334,154.33333333333334,154.33333333333334,153.33333333333334,153.33333333333334,153.33333333333334,154.0,153.0,154.66666666666666,157.66666666666666,155.66666666666666,151.66666666666666,152.66666666666666,156.66666666666666,151.66666666666666,124.66666666666667,98.33333333333333,95.33333333333333,112.33333333333333,122.33333333333333,110.33333333333333,91.66666666666667,95.66666666666667,130.33333333333334,152.33333333333334,154.33333333333334,154.33333333333334,151.33333333333334,148.33333333333334,153.33333333333334,149.33333333333334,149.33333333333334,149.33333333333334,149.33333333333334,149.33333333333334,149.33333333333334,149.33333333333334,149.33333333333334,150.33333333333334,151.33333333333334,151.33333333333334,152.33333333333334,152.33333333333334,153.33333333333334,153.33333333333334,153.33333333333334,148.33333333333334,150.33333333333334,153.33333333333334,152.33333333333334,150.33333333333334,149.33333333333334,151.33333333333334,154.33333333333334,153.33333333333334,153.33333333333334,153.33333333333334,154.33333333333334,154.33333333333334,155.33333333333334,155.33333333333334,155.33333333333334,160.33333333333334,158.33333333333334,155.33333333333334,155.33333333333334,155.33333333333334,155.33333333333334,154.33333333333334,153.33333333333334,152.33333333333334,152.33333333333334,152.33333333333334,152.33333333333334,153.33333333333334,154.33333333333334,155.33333333333334,156.33333333333334,152.33333333333334,156.33333333333334,158.33333333333334,155.33333333333334,154.33333333333334,157.33333333333334,158.33333333333334,156.33333333333334,155.33333333333334,154.33333333333334,154.33333333333334,153.33333333333334,152.33333333333334,152.33333333333334,151.0,150.0,150.0,152.0,155.0,154.0,150.0,146.0,152.0,152.0,152.0,152.0,151.0,150.0,149.0,148.0,154.0,155.0,154.0,151.0,147.0,146.0,148.0,151.0,149.0,148.0,147.0,146.0,147.0,149.0,151.0,153.0,149.66666666666666,149.66666666666666,149.66666666666666,150.66666666666666,150.66666666666666,150.66666666666666,151.66666666666666,151.66666666666666,150.66666666666666,153.66666666666666,155.66666666666666,155.66666666666666,151.66666666666666,149.66666666666666,149.66666666666666,151.66666666666666,153.33333333333334,152.33333333333334,150.33333333333334,148.33333333333334,149.33333333333334,150.33333333333334,152.33333333333334,154.33333333333334,154.33333333333334,154.33333333333334,154.33333333333334,153.33333333333334,152.33333333333334,152.33333333333334,152.33333333333334,151.33333333333334,153.0,152.0,153.66666666666666,156.66666666666666,154.66666666666666,150.66666666666666,151.66666666666666,154.66666666666666,152.66666666666666,126.66666666666667,99.66666666666667,95.66666666666667,112.33333333333333,121.66666666666667,110.66666666666667,90.66666666666667,96.66666666666667,130.33333333333334,152.33333333333334,154.33333333333334,154.33333333333334,150.33333333333334,148.33333333333334,153.33333333333334,149.33333333333334,149.33333333333334,149.33333333333334,149.33333333333334,149.33333333333334,149.33333333333334,149.33333333333334,149.33333333333334,154.33333333333334,154.33333333333334,153.33333333333334,153.33333333333334,153.33333333333334,153.33333333333334,152.33333333333334,152.33333333333334,145.33333333333334,149.33333333333334,153.33333333333334,152.33333333333334,148.33333333333334,146.33333333333334,150.33333333333334,155.33333333333334,153.33333333333334,152.33333333333334,152.33333333333334,152.33333333333334,152.33333333333334,153.33333333333334,154.33333333333334,155.33333333333334,161.33333333333334,158.33333333333334,156.33333333333334,155.33333333333334,156.33333333333334,156.33333333333334,155.33333333333334,153.33333333333334,147.33333333333334,147.33333333333334,147.33333333333334,147.33333333333334,148.33333333333334,149.33333333333334,151.33333333333334,151.33333333333334,151.33333333333334,156.33333333333334,158.33333333333334,154.33333333333334,151.33333333333334,154.33333333333334,157.33333333333334,158.33333333333334,155.33333333333334,154.33333333333334,153.33333333333334,152.33333333333334,152.33333333333334,152.33333333333334,152.0,152.0,152.0,150.0,149.0,149.0,151.0,153.0,149.0,152.0,154.0,153.0,150.0,148.0,151.0,153.0,151.66666666666666,151.66666666666666,152.66666666666666,153.66666666666666,152.66666666666666,151.66666666666666,150.66666666666666,148.66666666666666,150.66666666666666,149.66666666666666,148.66666666666666,147.66666666666666,147.66666666666666,147.66666666666666,147.66666666666666,148.66666666666666,145.66666666666666,147.66666666666666,147.66666666666666,146.66666666666666,144.66666666666666,145.66666666666666,149.66666666666666,153.66666666666666,152.66666666666666,151.66666666666666,151.66666666666666,151.66666666666666,151.66666666666666,151.66666666666666,150.66666666666666,150.66666666666666,150.66666666666666,150.66666666666666,150.66666666666666,150.66666666666666,150.66666666666666,150.66666666666666,150.66666666666666,150.66666666666666,154.66666666666666,154.66666666666666,154.66666666666666,153.66666666666666,153.66666666666666,152.66666666666666,152.66666666666666,152.66666666666666,150.33333333333334,150.33333333333334,150.33333333333334,150.33333333333334,151.33333333333334,152.33333333333334,153.66666666666666,154.66666666666666,155.0,126.0,96.0,93.0,114.33333333333333,130.0,119.33333333333333,98.0,99.66666666666667,132.66666666666666,150.66666666666666,148.66666666666666,150.66666666666666,150.66666666666666,146.66666666666666,145.66666666666666,151.66666666666666,149.66666666666666,147.66666666666666,147.66666666666666,150.66666666666666,152.66666666666666,153.66666666666666,152.66666666666666,150.66666666666666,150.66666666666666,151.66666666666666,152.66666666666666,152.66666666666666,153.66666666666666,154.66666666666666,154.66666666666666,153.66666666666666,152.66666666666666,151.66666666666666,151.66666666666666,153.66666666666666,153.66666666666666,152.66666666666666,151.66666666666666,153.33333333333334,153.33333333333334,154.33333333333334,154.33333333333334,154.33333333333334,155.33333333333334,155.33333333333334,155.33333333333334,155.33333333333334,156.33333333333334,156.33333333333334,156.33333333333334,156.33333333333334,155.33333333333334,154.33333333333334,153.33333333333334,143.33333333333334,142.33333333333334,142.33333333333334,142.33333333333334,144.33333333333334,148.33333333333334,151.33333333333334,153.33333333333334,152.33333333333334,154.33333333333334,157.33333333333334,156.33333333333334,153.33333333333334,152.33333333333334,153.33333333333334,155.33333333333334,154.33333333333334,153.33333333333334,152.33333333333334,151.33333333333334,150.33333333333334,149.33333333333334,152.0,152.0,151.0,150.0,149.0,149.0,151.0,152.0,149.0,150.0,151.0,151.0,150.0,150.0,151.0,152.0,150.66666666666666,151.66666666666666,152.66666666666666,152.66666666666666,152.66666666666666,151.66666666666666,149.66666666666666,148.66666666666666,150.66666666666666,149.66666666666666,148.66666666666666,147.66666666666666,147.66666666666666,147.66666666666666,147.66666666666666,148.66666666666666,147.66666666666666,150.66666666666666,152.66666666666666,152.66666666666666,150.66666666666666,149.66666666666666,150.66666666666666,152.66666666666666,150.66666666666666,150.66666666666666,150.66666666666666,150.66666666666666,150.66666666666666,150.66666666666666,150.66666666666666,151.66666666666666,151.66666666666666,151.66666666666666,151.66666666666666,151.66666666666666,151.66666666666666,151.66666666666666,151.66666666666666,151.66666666666666,154.66666666666666,154.66666666666666,153.66666666666666,153.66666666666666,153.66666666666666,152.66666666666666,152.66666666666666,152.66666666666666,150.33333333333334,150.33333333333334,150.33333333333334,150.33333333333334,151.33333333333334,153.33333333333334,155.66666666666666,157.66666666666666,154.0,131.0,102.0,92.0,108.0,125.0,117.0,96.0,98.0,132.66666666666666,151.66666666666666,148.66666666666666,149.66666666666666,149.66666666666666,146.66666666666666,148.66666666666666,151.66666666666666,149.66666666666666,147.66666666666666,148.66666666666666,150.66666666666666,152.66666666666666,153.66666666666666,152.66666666666666,150.66666666666666,150.66666666666666,151.66666666666666,152.66666666666666,152.66666666666666,153.66666666666666,154.66666666666666,154.66666666666666,154.66666666666666,153.66666666666666,152.66666666666666,152.66666666666666,154.66666666666666,155.66666666666666,153.66666666666666,152.66666666666666,152.33333333333334,152.33333333333334,153.33333333333334,153.33333333333334,154.33333333333334,154.33333333333334,154.33333333333334,154.33333333333334,154.33333333333334,154.33333333333334,155.33333333333334,155.33333333333334,154.33333333333334,153.33333333333334,152.33333333333334,152.33333333333334,152.33333333333334,151.33333333333334,149.33333333333334,147.33333333333334,146.33333333333334,147.33333333333334,149.33333333333334,150.33333333333334,152.33333333333334,154.33333333333334,156.33333333333334,156.33333333333334,154.33333333333334,152.33333333333334,153.33333333333334,155.33333333333334,153.33333333333334,153.33333333333334,153.33333333333334,153.33333333333334,154.33333333333334,154.33333333333334,151.0,150.0,150.0,149.0,149.0,150.0,151.0,151.0,149.0,148.0,147.0,148.0,150.0,151.0,151.0,150.0,150.66666666666666,151.66666666666666,151.66666666666666,151.66666666666666,151.66666666666666,150.66666666666666,149.66666666666666,148.66666666666666,149.66666666666666,149.66666666666666,148.66666666666666,147.66666666666666,147.66666666666666,147.66666666666666,147.66666666666666,147.66666666666666,148.66666666666666,151.66666666666666,154.66666666666666,154.66666666666666,153.66666666666666,150.66666666666666,149.66666666666666,149.66666666666666,148.66666666666666,148.66666666666666,149.66666666666666,150.66666666666666,150.66666666666666,151.66666666666666,151.66666666666666,152.66666666666666,152.66666666666666,152.66666666666666,152.66666666666666,152.66666666666666,152.66666666666666,152.66666666666666,152.66666666666666,152.66666666666666,154.66666666666666,153.66666666666666,153.66666666666666,153.66666666666666,152.66666666666666,152.66666666666666,152.66666666666666,152.66666666666666,152.33333333333334,151.33333333333334,150.33333333333334,150.33333333333334,151.33333333333334,154.33333333333334,157.66666666666666,159.66666666666666,155.0,143.0,116.0,97.0,105.0,123.0,117.0,95.0,95.0,131.66666666666666,152.66666666666666,149.66666666666666,148.66666666666666,148.66666666666666,147.66666666666666,151.66666666666666,150.66666666666666,149.66666666666666,147.66666666666666,148.66666666666666,151.66666666666666,153.66666666666666,153.66666666666666,152.66666666666666,150.66666666666666,150.66666666666666,151.66666666666666,152.66666666666666,152.66666666666666,153.66666666666666,154.66666666666666,154.66666666666666,155.66666666666666,154.66666666666666,152.66666666666666,153.66666666666666,155.66666666666666,155.66666666666666,154.66666666666666,153.66666666666666,151.33333333333334,151.33333333333334,152.33333333333334,152.33333333333334,152.33333333333334,153.33333333333334,153.33333333333334,153.33333333333334,153.33333333333334,153.33333333333334,153.33333333333334,153.33333333333334,153.33333333333334,152.33333333333334,151.33333333333334,151.33333333333334,155.33333333333334,154.33333333333334,152.33333333333334,149.33333333333334,148.33333333333334,148.33333333333334,148.33333333333334,149.33333333333334,152.33333333333334,154.33333333333334,156.33333333333334,156.33333333333334,154.33333333333334,153.33333333333334,154.33333333333334,155.33333333333334,154.33333333333334,154.33333333333334,154.33333333333334,154.33333333333334,155.33333333333334,155.33333333333334,150.0,149.0,148.0,148.0,150.0,151.0,150.0,150.0,149.0,146.0,144.0,146.0,150.0,152.0,150.0,148.0,150.66666666666666,150.66666666666666,150.66666666666666,150.66666666666666,150.66666666666666,149.66666666666666,148.66666666666666,148.66666666666666,149.66666666666666,148.66666666666666,147.66666666666666,147.66666666666666,146.66666666666666,146.66666666666666,147.66666666666666,147.66666666666666,148.66666666666666,149.66666666666666,150.66666666666666,150.66666666666666,149.66666666666666,147.66666666666666,146.66666666666666,145.66666666666666,148.66666666666666,148.66666666666666,149.66666666666666,150.66666666666666,151.66666666666666,152.66666666666666,153.66666666666666,153.66666666666666,150.66666666666666,150.66666666666666,150.66666666666666,151.66666666666666,151.66666666666666,151.66666666666666,152.66666666666666,152.66666666666666,153.66666666666666,153.66666666666666,153.66666666666666,152.66666666666666,152.66666666666666,152.66666666666666,151.66666666666666,151.66666666666666,153.33333333333334,152.33333333333334,150.33333333333334,149.33333333333334,149.33333333333334,152.33333333333334,155.66666666666666,156.66666666666666,157.0,156.0,136.0,111.0,111.0,126.0,118.0,94.0,93.0,131.66666666666666,153.66666666666666,150.66666666666666,147.66666666666666,147.66666666666666,147.66666666666666,153.66666666666666,150.66666666666666,149.66666666666666,148.66666666666666,149.66666666666666,152.66666666666666,153.66666666666666,153.66666666666666,152.66666666666666,150.66666666666666,150.66666666666666,151.66666666666666,152.66666666666666,152.66666666666666,153.66666666666666,154.66666666666666,154.66666666666666,154.66666666666666,153.66666666666666,152.66666666666666,152.66666666666666,154.66666666666666,154.66666666666666,153.66666666666666,152.66666666666666,150.33333333333334,150.33333333333334,150.33333333333334,151.33333333333334,151.33333333333334,152.33333333333334,152.33333333333334,152.33333333333334,153.33333333333334,153.33333333333334,153.33333333333334,154.33333333333334,153.33333333333334,152.33333333333334,151.33333333333334,151.33333333333334,150.33333333333334,149.33333333333334,149.33333333333334,148.33333333333334,149.33333333333334,150.33333333333334,151.33333333333334,152.33333333333334,152.33333333333334,153.33333333333334,154.33333333333334,155.33333333333334,155.33333333333334,154.33333333333334,154.33333333333334,154.33333333333334,156.33333333333334,156.33333333333334,155.33333333333334,154.33333333333334,152.33333333333334,151.33333333333334,149.0,147.0,146.0,148.0,150.0,151.0,150.0,148.0,149.0,146.0,144.0,146.0,149.0,151.0,149.0,147.0,150.66666666666666,150.66666666666666,149.66666666666666,148.66666666666666,148.66666666666666,148.66666666666666,148.66666666666666,148.66666666666666,149.66666666666666,148.66666666666666,147.66666666666666,146.66666666666666,146.66666666666666,146.66666666666666,146.66666666666666,147.66666666666666,149.66666666666666,148.66666666666666,146.66666666666666,145.66666666666666,144.66666666666666,145.66666666666666,145.66666666666666,145.66666666666666,149.66666666666666,149.66666666666666,150.66666666666666,151.66666666666666,152.66666666666666,153.66666666666666,154.66666666666666,154.66666666666666,148.66666666666666,148.66666666666666,148.66666666666666,149.66666666666666,149.66666666666666,150.66666666666666,150.66666666666666,150.66666666666666,153.66666666666666,153.66666666666666,152.66666666666666,152.66666666666666,152.66666666666666,151.66666666666666,151.66666666666666,151.66666666666666,153.33333333333334,152.33333333333334,150.33333333333334,148.33333333333334,148.33333333333334,149.33333333333334,150.66666666666666,152.66666666666666,156.0,162.0,149.0,125.0,119.0,127.0,116.0,91.0,93.0,131.66666666666666,153.66666666666666,150.66666666666666,147.66666666666666,147.66666666666666,147.66666666666666,153.66666666666666,150.66666666666666,149.66666666666666,149.66666666666666,150.66666666666666,153.66666666666666,154.66666666666666,153.66666666666666,152.66666666666666,150.66666666666666,150.66666666666666,151.66666666666666,152.66666666666666,152.66666666666666,153.66666666666666,154.66666666666666,154.66666666666666,152.66666666666666,151.66666666666666,150.66666666666666,150.66666666666666,152.66666666666666,152.66666666666666,151.66666666666666,150.66666666666666,150.33333333333334,150.33333333333334,150.33333333333334,150.33333333333334,151.33333333333334,151.33333333333334,152.33333333333334,152.33333333333334,154.33333333333334,154.33333333333334,154.33333333333334,154.33333333333334,154.33333333333334,153.33333333333334,152.33333333333334,152.33333333333334,148.33333333333334,148.33333333333334,149.33333333333334,149.33333333333334,151.33333333333334,152.33333333333334,153.33333333333334,154.33333333333334,152.33333333333334,152.33333333333334,153.33333333333334,154.33333333333334,155.33333333333334,156.33333333333334,155.33333333333334,154.33333333333334,156.33333333333334,156.33333333333334,155.33333333333334,154.33333333333334,152.33333333333334,151.33333333333334,147.0,145.0,144.0,147.0,151.0,152.0,150.0,146.0,149.0,148.0,147.0,147.0,149.0,149.0,148.0,147.0,150.66666666666666,149.66666666666666,148.66666666666666,147.66666666666666,147.66666666666666,147.66666666666666,147.66666666666666,148.66666666666666,148.66666666666666,148.66666666666666,147.66666666666666,146.66666666666666,145.66666666666666,145.66666666666666,146.66666666666666,146.66666666666666,152.66666666666666,149.66666666666666,145.66666666666666,144.66666666666666,145.66666666666666,147.66666666666666,148.66666666666666,148.66666666666666,149.66666666666666,150.66666666666666,150.66666666666666,151.66666666666666,151.66666666666666,152.66666666666666,153.66666666666666,153.66666666666666,146.66666666666666,147.66666666666666,147.66666666666666,148.66666666666666,149.66666666666666,149.66666666666666,150.66666666666666,150.66666666666666,152.66666666666666,152.66666666666666,152.66666666666666,152.66666666666666,151.66666666666666,151.66666666666666,151.66666666666666,150.66666666666666,151.33333333333334,150.33333333333334,149.33333333333334,149.33333333333334,148.33333333333334,149.33333333333334,149.66666666666666,149.66666666666666,154.0,160.0,152.0,133.0,125.0,124.0,110.0,89.0,95.0,131.66666666666666,152.66666666666666,149.66666666666666,148.66666666666666,148.66666666666666,147.66666666666666,151.66666666666666,150.66666666666666,149.66666666666666,149.66666666666666,151.66666666666666,154.66666666666666,155.66666666666666,153.66666666666666,152.66666666666666,150.66666666666666,150.66666666666666,151.66666666666666,152.66666666666666,152.66666666666666,153.66666666666666,154.66666666666666,154.66666666666666,151.66666666666666,150.66666666666666,149.66666666666666,149.66666666666666,151.66666666666666,152.66666666666666,150.66666666666666,149.66666666666666,150.33333333333334,150.33333333333334,150.33333333333334,151.33333333333334,151.33333333333334,152.33333333333334,152.33333333333334,152.33333333333334,154.33333333333334,154.33333333333334,155.33333333333334,155.33333333333334,154.33333333333334,153.33333333333334,152.33333333333334,152.33333333333334,153.33333333333334,153.33333333333334,153.33333333333334,153.33333333333334,153.33333333333334,152.33333333333334,152.33333333333334,152.33333333333334,152.33333333333334,152.33333333333334,152.33333333333334,154.33333333333334,156.33333333333334,157.33333333333334,156.33333333333334,154.33333333333334,154.33333333333334,154.33333333333334,154.33333333333334,154.33333333333334,155.33333333333334,155.33333333333334,147.0,144.0,143.0,146.0,151.0,153.0,149.0,145.0,150.0,150.0,151.0,150.0,148.0,146.0,147.0,148.0,150.66666666666666,149.66666666666666,147.66666666666666,146.66666666666666,146.66666666666666,146.66666666666666,147.66666666666666,148.66666666666666,148.66666666666666,147.66666666666666,146.66666666666666,146.66666666666666,145.66666666666666,145.66666666666666,146.66666666666666,146.66666666666666,150.66666666666666,147.66666666666666,145.66666666666666,146.66666666666666,149.66666666666666,150.66666666666666,149.66666666666666,147.66666666666666,148.66666666666666,149.66666666666666,149.66666666666666,149.66666666666666,149.66666666666666,149.66666666666666,149.66666666666666,149.66666666666666,147.66666666666666,147.66666666666666,148.66666666666666,148.66666666666666,149.66666666666666,150.66666666666666,151.66666666666666,151.66666666666666,152.66666666666666,152.66666666666666,152.66666666666666,151.66666666666666,151.66666666666666,151.66666666666666,150.66666666666666,150.66666666666666,146.33333333333334,147.33333333333334,149.33333333333334,151.33333333333334,152.33333333333334,152.33333333333334,151.66666666666666,151.66666666666666,155.0,157.0,150.0,136.0,127.0,121.0,107.0,90.0,98.0,132.66666666666666,151.66666666666666,148.66666666666666,149.66666666666666,149.66666666666666,146.66666666666666,148.66666666666666,150.66666666666666,149.66666666666666,150.66666666666666,152.66666666666666,154.66666666666666,155.66666666666666,153.66666666666666,151.66666666666666,150.66666666666666,150.66666666666666,151.66666666666666,152.66666666666666,152.66666666666666,153.66666666666666,154.66666666666666,154.66666666666666,152.66666666666666,151.66666666666666,149.66666666666666,150.66666666666666,152.66666666666666,152.66666666666666,151.66666666666666,150.66666666666666,151.33333333333334,151.33333333333334,151.33333333333334,151.33333333333334,152.33333333333334,152.33333333333334,152.33333333333334,153.33333333333334,153.33333333333334,153.33333333333334,153.33333333333334,153.33333333333334,153.33333333333334,152.33333333333334,151.33333333333334,150.33333333333334,155.33333333333334,154.33333333333334,154.33333333333334,153.33333333333334,152.33333333333334,151.33333333333334,150.33333333333334,149.33333333333334,153.33333333333334,151.33333333333334,151.33333333333334,153.33333333333334,156.33333333333334,158.33333333333334,156.33333333333334,154.33333333333334,153.33333333333334,153.33333333333334,153.33333333333334,153.33333333333334,154.33333333333334,154.33333333333334,146.0,143.0,142.0,146.0,151.0,153.0,149.0,145.0,150.0,152.0,154.0,151.0,147.0,145.0,146.0,148.0,150.66666666666666,148.66666666666666,147.66666666666666,146.66666666666666,145.66666666666666,146.66666666666666,147.66666666666666,147.66666666666666,148.66666666666666,147.66666666666666,146.66666666666666,145.66666666666666,145.66666666666666,145.66666666666666,145.66666666666666,146.66666666666666,145.66666666666666,144.66666666666666,144.66666666666666,147.66666666666666,151.66666666666666,151.66666666666666,148.66666666666666,144.66666666666666,147.66666666666666,147.66666666666666,147.66666666666666,147.66666666666666,147.66666666666666,146.66666666666666,146.66666666666666,146.66666666666666,148.66666666666666,148.66666666666666,149.66666666666666,150.66666666666666,150.66666666666666,151.66666666666666,152.66666666666666,152.66666666666666,152.66666666666666,152.66666666666666,152.66666666666666,151.66666666666666,151.66666666666666,150.66666666666666,150.66666666666666,150.66666666666666,143.33333333333334,145.33333333333334,149.33333333333334,152.33333333333334,155.33333333333334,155.33333333333334,155.66666666666666,154.66666666666666,159.0,156.0,148.0,138.0,129.0,120.0,106.0,94.0,100.0,132.66666666666666,150.66666666666666,148.66666666666666,150.66666666666666,150.66666666666666,146.66666666666666,145.66666666666666,150.66666666666666,149.66666666666666,150.66666666666666,152.66666666666666,155.66666666666666,155.66666666666666,153.66666666666666,151.66666666666666,150.66666666666666,150.66666666666666,151.66666666666666,152.66666666666666,152.66666666666666,153.66666666666666,154.66666666666666,154.66666666666666,153.66666666666666,152.66666666666666,151.66666666666666,151.66666666666666,153.66666666666666,153.66666666666666,152.66666666666666,151.66666666666666,151.33333333333334,151.33333333333334,152.33333333333334,152.33333333333334,152.33333333333334,153.33333333333334,153.33333333333334,153.33333333333334,151.33333333333334,151.33333333333334,152.33333333333334,152.33333333333334,152.33333333333334,151.33333333333334,150.33333333333334,149.33333333333334,150.33333333333334,151.33333333333334,151.33333333333334,151.33333333333334,150.33333333333334,149.33333333333334,148.33333333333334,148.33333333333334,153.33333333333334,151.33333333333334,151.33333333333334,153.33333333333334,157.33333333333334,158.33333333333334,156.33333333333334,154.33333333333334,154.33333333333334,153.33333333333334,152.33333333333334,151.33333333333334,150.33333333333334,149.33333333333334,148.0,148.0,147.0,146.0,145.0,145.0,145.0,145.0,143.0,143.0,144.0,145.0,147.0,148.0,149.0,149.0,146.66666666666666,147.66666666666666,148.66666666666666,147.66666666666666,145.66666666666666,144.66666666666666,145.66666666666666,146.66666666666666,147.66666666666666,147.66666666666666,147.66666666666666,147.66666666666666,147.66666666666666,147.66666666666666,147.66666666666666,147.66666666666666,144.66666666666666,146.66666666666666,147.66666666666666,149.66666666666666,149.66666666666666,148.66666666666666,147.66666666666666,146.66666666666666,149.66666666666666,148.66666666666666,148.66666666666666,147.66666666666666,146.66666666666666,145.66666666666666,144.66666666666666,143.66666666666666,144.66666666666666,147.66666666666666,149.66666666666666,149.66666666666666,148.66666666666666,148.66666666666666,148.66666666666666,150.66666666666666,151.66666666666666,150.66666666666666,149.66666666666666,148.66666666666666,148.66666666666666,148.66666666666666,148.66666666666666,149.66666666666666,148.33333333333334,148.33333333333334,148.33333333333334,149.33333333333334,149.33333333333334,150.33333333333334,150.66666666666666,150.66666666666666,159.0,158.0,149.0,137.0,131.0,125.0,109.0,90.0,101.0,136.66666666666666,154.66666666666666,148.66666666666666,144.66666666666666,142.66666666666666,142.66666666666666,146.66666666666666,148.66666666666666,149.66666666666666,150.66666666666666,151.66666666666666,151.66666666666666,151.66666666666666,150.66666666666666,150.66666666666666,149.66666666666666,148.66666666666666,147.66666666666666,147.66666666666666,148.66666666666666,149.66666666666666,151.66666666666666,152.66666666666666,151.66666666666666,151.66666666666666,151.66666666666666,151.66666666666666,151.66666666666666,151.66666666666666,151.66666666666666,150.66666666666666,157.33333333333334,155.33333333333334,153.33333333333334,151.33333333333334,150.33333333333334,151.33333333333334,153.33333333333334,155.33333333333334,153.33333333333334,153.33333333333334,152.33333333333334,152.33333333333334,152.33333333333334,152.33333333333334,152.33333333333334,152.33333333333334,155.33333333333334,151.33333333333334,148.33333333333334,147.33333333333334,149.33333333333334,149.33333333333334,147.33333333333334,145.33333333333334,152.33333333333334,153.33333333333334,154.33333333333334,155.33333333333334,155.33333333333334,154.33333333333334,152.33333333333334,151.33333333333334,152.33333333333334,152.33333333333334,152.33333333333334,152.33333333333334,152.33333333333334,152.33333333333334,148.0,147.0,146.0,145.0,145.0,145.0,145.0,145.0,145.0,146.0,146.0,147.0,148.0,148.0,149.0,149.0,147.66666666666666,148.66666666666666,149.66666666666666,148.66666666666666,146.66666666666666,145.66666666666666,146.66666666666666,147.66666666666666,147.66666666666666,147.66666666666666,147.66666666666666,147.66666666666666,147.66666666666666,147.66666666666666,147.66666666666666,147.66666666666666,145.66666666666666,145.66666666666666,146.66666666666666,147.66666666666666,147.66666666666666,147.66666666666666,147.66666666666666,147.66666666666666,148.66666666666666,147.66666666666666,147.66666666666666,146.66666666666666,146.66666666666666,145.66666666666666,144.66666666666666,144.66666666666666,146.66666666666666,148.66666666666666,149.66666666666666,149.66666666666666,147.66666666666666,146.66666666666666,146.66666666666666,147.66666666666666,150.66666666666666,149.66666666666666,148.66666666666666,147.66666666666666,147.66666666666666,147.66666666666666,147.66666666666666,148.66666666666666,148.33333333333334,148.33333333333334,148.33333333333334,149.33333333333334,149.33333333333334,150.33333333333334,150.66666666666666,150.66666666666666,155.0,155.0,147.0,135.0,129.0,124.0,108.0,89.0,101.0,136.66666666666666,154.66666666666666,148.66666666666666,144.66666666666666,142.66666666666666,142.66666666666666,146.66666666666666,149.66666666666666,149.66666666666666,150.66666666666666,151.66666666666666,151.66666666666666,152.66666666666666,152.66666666666666,152.66666666666666,149.66666666666666,148.66666666666666,147.66666666666666,146.66666666666666,147.66666666666666,148.66666666666666,149.66666666666666,150.66666666666666,150.66666666666666,150.66666666666666,150.66666666666666,150.66666666666666,150.66666666666666,150.66666666666666,150.66666666666666,150.66666666666666,155.33333333333334,154.33333333333334,153.33333333333334,152.33333333333334,151.33333333333334,152.33333333333334,153.33333333333334,153.33333333333334,151.33333333333334,151.33333333333334,152.33333333333334,152.33333333333334,152.33333333333334,152.33333333333334,152.33333333333334,152.33333333333334,152.33333333333334,150.33333333333334,147.33333333333334,148.33333333333334,150.33333333333334,151.33333333333334,150.33333333333334,149.33333333333334,151.33333333333334,152.33333333333334,153.33333333333334,154.33333333333334,154.33333333333334,153.33333333333334,152.33333333333334,151.33333333333334,155.33333333333334,155.33333333333334,154.33333333333334,153.33333333333334,151.33333333333334,150.33333333333334,147.0,146.0,145.0,144.0,144.0,144.0,145.0,145.0,148.0,148.0,148.0,148.0,148.0,148.0,148.0,148.0,148.66666666666666,149.66666666666666,150.66666666666666,149.66666666666666,147.66666666666666,146.66666666666666,147.66666666666666,148.66666666666666,147.66666666666666,147.66666666666666,147.66666666666666,147.66666666666666,147.66666666666666,147.66666666666666,147.66666666666666,147.66666666666666,145.66666666666666,145.66666666666666,145.66666666666666,145.66666666666666,145.66666666666666,146.66666666666666,147.66666666666666,147.66666666666666,146.66666666666666,146.66666666666666,146.66666666666666,146.66666666666666,146.66666666666666,145.66666666666666,145.66666666666666,145.66666666666666,147.66666666666666,149.66666666666666,150.66666666666666,149.66666666666666,147.66666666666666,145.66666666666666,145.66666666666666,146.66666666666666,149.66666666666666,148.66666666666666,147.66666666666666,146.66666666666666,146.66666666666666,146.66666666666666,146.66666666666666,147.66666666666666,148.33333333333334,148.33333333333334,148.33333333333334,148.33333333333334,149.33333333333334,149.33333333333334,149.66666666666666,149.66666666666666,152.0,153.0,146.0,134.0,128.0,121.0,105.0,87.0,102.0,136.66666666666666,155.66666666666666,148.66666666666666,144.66666666666666,143.66666666666666,142.66666666666666,146.66666666666666,147.66666666666666,147.66666666666666,147.66666666666666,148.66666666666666,149.66666666666666,150.66666666666666,152.66666666666666,152.66666666666666,150.66666666666666,149.66666666666666,148.66666666666666,146.66666666666666,146.66666666666666,147.66666666666666,148.66666666666666,149.66666666666666,150.66666666666666,150.66666666666666,150.66666666666666,150.66666666666666,150.66666666666666,150.66666666666666,150.66666666666666,150.66666666666666,154.33333333333334,154.33333333333334,153.33333333333334,153.33333333333334,152.33333333333334,152.33333333333334,152.33333333333334,152.33333333333334,149.33333333333334,150.33333333333334,150.33333333333334,151.33333333333334,152.33333333333334,152.33333333333334,153.33333333333334,153.33333333333334,150.33333333333334,148.33333333333334,147.33333333333334,148.33333333333334,151.33333333333334,153.33333333333334,153.33333333333334,153.33333333333334,150.33333333333334,150.33333333333334,151.33333333333334,152.33333333333334,152.33333333333334,151.33333333333334,151.33333333333334,150.33333333333334,155.33333333333334,154.33333333333334,154.33333333333334,153.33333333333334,151.33333333333334,150.33333333333334,146.0,145.0,144.0,144.0,144.0,144.0,145.0,145.0,149.0,149.0,148.0,148.0,147.0,147.0,147.0,146.0,148.66666666666666,149.66666666666666,150.66666666666666,149.66666666666666,147.66666666666666,146.66666666666666,147.66666666666666,148.66666666666666,147.66666666666666,147.66666666666666,147.66666666666666,147.66666666666666,147.66666666666666,147.66666666666666,147.66666666666666,147.66666666666666,146.66666666666666,145.66666666666666,144.66666666666666,143.66666666666666,143.66666666666666,145.66666666666666,146.66666666666666,148.66666666666666,145.66666666666666,145.66666666666666,145.66666666666666,145.66666666666666,145.66666666666666,146.66666666666666,146.66666666666666,146.66666666666666,147.66666666666666,149.66666666666666,150.66666666666666,150.66666666666666,148.66666666666666,147.66666666666666,147.66666666666666,148.66666666666666,149.66666666666666,149.66666666666666,148.66666666666666,147.66666666666666,146.66666666666666,146.66666666666666,147.66666666666666,147.66666666666666,148.33333333333334,148.33333333333334,148.33333333333334,148.33333333333334,148.33333333333334,148.33333333333334,148.66666666666666,149.66666666666666,153.0,154.0,148.0,136.0,127.0,119.0,103.0,85.0,102.0,137.66666666666666,155.66666666666666,149.66666666666666,145.66666666666666,143.66666666666666,142.66666666666666,147.66666666666666,145.66666666666666,145.66666666666666,144.66666666666666,145.66666666666666,146.66666666666666,148.66666666666666,150.66666666666666,151.66666666666666,152.66666666666666,151.66666666666666,149.66666666666666,147.66666666666666,147.66666666666666,147.66666666666666,148.66666666666666,149.66666666666666,151.66666666666666,151.66666666666666,151.66666666666666,151.66666666666666,152.66666666666666,152.66666666666666,152.66666666666666,152.66666666666666,152.33333333333334,153.33333333333334,153.33333333333334,153.33333333333334,153.33333333333334,152.33333333333334,151.33333333333334,150.33333333333334,148.33333333333334,148.33333333333334,149.33333333333334,150.33333333333334,151.33333333333334,152.33333333333334,153.33333333333334,153.33333333333334,150.33333333333334,150.33333333333334,149.33333333333334,150.33333333333334,151.33333333333334,152.33333333333334,153.33333333333334,154.33333333333334,148.33333333333334,149.33333333333334,149.33333333333334,149.33333333333334,150.33333333333334,150.33333333333334,150.33333333333334,150.33333333333334,150.33333333333334,151.33333333333334,151.33333333333334,152.33333333333334,152.33333333333334,153.33333333333334,146.0,145.0,145.0,144.0,144.0,145.0,146.0,146.0,148.0,148.0,147.0,147.0,146.0,145.0,145.0,144.0,146.66666666666666,147.66666666666666,148.66666666666666,147.66666666666666,145.66666666666666,144.66666666666666,145.66666666666666,146.66666666666666,147.66666666666666,147.66666666666666,147.66666666666666,147.66666666666666,147.66666666666666,147.66666666666666,147.66666666666666,147.66666666666666,146.66666666666666,145.66666666666666,144.66666666666666,143.66666666666666,143.66666666666666,145.66666666666666,146.66666666666666,148.66666666666666,144.66666666666666,144.66666666666666,144.66666666666666,145.66666666666666,145.66666666666666,145.66666666666666,145.66666666666666,145.66666666666666,145.66666666666666,148.66666666666666,150.66666666666666,151.66666666666666,150.66666666666666,150.66666666666666,151.66666666666666,153.66666666666666,151.66666666666666,150.66666666666666,149.66666666666666,148.66666666666666,148.66666666666666,148.66666666666666,148.66666666666666,148.66666666666666,148.33333333333334,148.33333333333334,148.33333333333334,148.33333333333334,148.33333333333334,148.33333333333334,148.66666666666666,147.66666666666666,156.0,158.0,152.0,139.0,128.0,118.0,101.0,83.0,102.0,137.66666666666666,155.66666666666666,149.66666666666666,145.66666666666666,144.66666666666666,143.66666666666666,147.66666666666666,145.66666666666666,145.66666666666666,146.66666666666666,146.66666666666666,147.66666666666666,148.66666666666666,149.66666666666666,150.66666666666666,153.66666666666666,152.66666666666666,150.66666666666666,148.66666666666666,148.66666666666666,148.66666666666666,149.66666666666666,150.66666666666666,152.66666666666666,152.66666666666666,152.66666666666666,153.66666666666666,153.66666666666666,154.66666666666666,154.66666666666666,154.66666666666666,152.33333333333334,152.33333333333334,153.33333333333334,153.33333333333334,152.33333333333334,152.33333333333334,151.33333333333334,150.33333333333334,147.33333333333334,147.33333333333334,148.33333333333334,149.33333333333334,150.33333333333334,151.33333333333334,152.33333333333334,152.33333333333334,153.33333333333334,152.33333333333334,152.33333333333334,151.33333333333334,150.33333333333334,150.33333333333334,151.33333333333334,151.33333333333334,147.33333333333334,147.33333333333334,148.33333333333334,148.33333333333334,148.33333333333334,149.33333333333334,150.33333333333334,150.33333333333334,150.33333333333334,150.33333333333334,151.33333333333334,152.33333333333334,152.33333333333334,153.33333333333334,146.0,146.0,145.0,145.0,145.0,146.0,147.0,148.0,147.0,147.0,147.0,146.0,145.0,145.0,145.0,144.0,146.66666666666666,147.66666666666666,148.66666666666666,147.66666666666666,145.66666666666666,144.66666666666666,145.66666666666666,146.66666666666666,147.66666666666666,147.66666666666666,147.66666666666666,147.66666666666666,147.66666666666666,147.66666666666666,147.66666666666666,147.66666666666666,145.66666666666666,145.66666666666666,145.66666666666666,145.66666666666666,145.66666666666666,146.66666666666666,147.66666666666666,147.66666666666666,145.66666666666666,145.66666666666666,145.66666666666666,144.66666666666666,144.66666666666666,144.66666666666666,144.66666666666666,144.66666666666666,144.66666666666666,146.66666666666666,149.66666666666666,150.66666666666666,151.66666666666666,151.66666666666666,152.66666666666666,154.66666666666666,151.66666666666666,150.66666666666666,149.66666666666666,149.66666666666666,148.66666666666666,148.66666666666666,149.66666666666666,149.66666666666666,148.33333333333334,148.33333333333334,148.33333333333334,148.33333333333334,147.33333333333334,147.33333333333334,147.66666666666666,147.66666666666666,156.0,160.0,155.0,141.0,129.0,119.0,101.0,84.0,103.0,137.66666666666666,156.66666666666666,150.66666666666666,145.66666666666666,144.66666666666666,143.66666666666666,148.66666666666666,147.66666666666666,148.66666666666666,149.66666666666666,150.66666666666666,150.66666666666666,150.66666666666666,149.66666666666666,149.66666666666666,151.66666666666666,150.66666666666666,149.66666666666666,148.66666666666666,147.66666666666666,148.66666666666666,149.66666666666666,150.66666666666666,151.66666666666666,151.66666666666666,152.66666666666666,152.66666666666666,153.66666666666666,154.66666666666666,154.66666666666666,155.66666666666666,153.33333333333334,152.33333333333334,152.33333333333334,151.33333333333334,151.33333333333334,151.33333333333334,151.33333333333334,150.33333333333334,147.33333333333334,147.33333333333334,148.33333333333334,148.33333333333334,149.33333333333334,150.33333333333334,150.33333333333334,151.33333333333334,154.33333333333334,154.33333333333334,153.33333333333334,151.33333333333334,148.33333333333334,147.33333333333334,148.33333333333334,149.33333333333334,147.33333333333334,147.33333333333334,147.33333333333334,147.33333333333334,148.33333333333334,149.33333333333334,150.33333333333334,151.33333333333334,153.33333333333334,153.33333333333334,153.33333333333334,152.33333333333334,152.33333333333334,151.33333333333334,147.0,147.0,146.0,146.0,147.0,148.0,149.0,149.0,147.0,147.0,147.0,147.0,147.0,146.0,146.0,146.0,147.66666666666666,148.66666666666666,149.66666666666666,148.66666666666666,146.66666666666666,145.66666666666666,146.66666666666666,147.66666666666666,147.66666666666666,147.66666666666666,147.66666666666666,147.66666666666666,147.66666666666666,147.66666666666666,147.66666666666666,147.66666666666666,145.66666666666666,145.66666666666666,146.66666666666666,147.66666666666666,147.66666666666666,147.66666666666666,147.66666666666666,147.66666666666666,146.66666666666666,146.66666666666666,145.66666666666666,144.66666666666666,144.66666666666666,143.66666666666666,143.66666666666666,142.66666666666666,143.66666666666666,145.66666666666666,148.66666666666666,149.66666666666666,148.66666666666666,148.66666666666666,149.66666666666666,151.66666666666666,150.66666666666666,149.66666666666666,149.66666666666666,148.66666666666666,147.66666666666666,147.66666666666666,148.66666666666666,148.66666666666666,148.33333333333334,148.33333333333334,148.33333333333334,147.33333333333334,147.33333333333334,146.33333333333334,146.66666666666666,146.66666666666666,153.0,158.0,154.0,142.0,130.0,119.0,103.0,87.0,103.0,138.66666666666666,156.66666666666666,150.66666666666666,146.66666666666666,144.66666666666666,144.66666666666666,148.66666666666666,146.66666666666666,147.66666666666666,149.66666666666666,151.66666666666666,150.66666666666666,148.66666666666666,146.66666666666666,144.66666666666666,148.66666666666666,147.66666666666666,146.66666666666666,145.66666666666666,145.66666666666666,147.66666666666666,148.66666666666666,149.66666666666666,149.66666666666666,149.66666666666666,150.66666666666666,150.66666666666666,151.66666666666666,152.66666666666666,153.66666666666666,153.66666666666666,154.33333333333334,153.33333333333334,151.33333333333334,150.33333333333334,149.33333333333334,150.33333333333334,151.33333333333334,152.33333333333334,148.33333333333334,148.33333333333334,148.33333333333334,148.33333333333334,148.33333333333334,148.33333333333334,149.33333333333334,149.33333333333334,152.33333333333334,153.33333333333334,153.33333333333334,151.33333333333334,147.33333333333334,145.33333333333334,147.33333333333334,149.33333333333334,148.33333333333334,147.33333333333334,147.33333333333334,147.33333333333334,148.33333333333334,149.33333333333334,151.33333333333334,152.33333333333334,153.33333333333334,153.33333333333334,152.33333333333334,152.33333333333334,152.33333333333334,152.33333333333334,148.0,147.0,147.0,147.0,148.0,149.0,150.0,150.0,148.0,148.0,148.0,148.0,148.0,148.0,148.0,148.0,148.66666666666666,149.66666666666666,150.66666666666666,149.66666666666666,147.66666666666666,146.66666666666666,147.66666666666666,148.66666666666666,147.66666666666666,147.66666666666666,147.66666666666666,147.66666666666666,147.66666666666666,147.66666666666666,147.66666666666666,147.66666666666666,144.66666666666666,146.66666666666666,147.66666666666666,149.66666666666666,149.66666666666666,148.66666666666666,147.66666666666666,146.66666666666666,147.66666666666666,146.66666666666666,145.66666666666666,144.66666666666666,143.66666666666666,142.66666666666666,142.66666666666666,141.66666666666666,143.66666666666666,145.66666666666666,147.66666666666666,147.66666666666666,146.66666666666666,145.66666666666666,146.66666666666666,147.66666666666666,149.66666666666666,148.66666666666666,147.66666666666666,146.66666666666666,146.66666666666666,146.66666666666666,146.66666666666666,147.66666666666666,148.66666666666666,148.33333333333334,148.66666666666666,147.66666666666666,147.66666666666666,146.66666666666666,146.66666666666666,147.0,149.0,154.0,153.0,141.0,130.0,120.0,105.33333333333333,89.0,103.0,138.66666666666666,156.66666666666666,150.66666666666666,146.66666666666666,144.66666666666666,144.66666666666666,148.66666666666666,142.66666666666666,144.66666666666666,147.66666666666666,148.66666666666666,147.66666666666666,144.66666666666666,140.66666666666666,138.66666666666666,145.66666666666666,144.66666666666666,143.66666666666666,143.66666666666666,143.66666666666666,145.66666666666666,147.66666666666666,148.66666666666666,146.66666666666666,147.66666666666666,147.66666666666666,148.66666666666666,149.66666666666666,150.66666666666666,151.66666666666666,151.66666666666666,155.33333333333334,153.33333333333334,151.33333333333334,149.33333333333334,148.33333333333334,149.33333333333334,151.33333333333334,152.33333333333334,148.33333333333334,148.33333333333334,148.33333333333334,148.33333333333334,148.33333333333334,148.33333333333334,147.33333333333334,147.33333333333334,150.33333333333334,152.33333333333334,152.33333333333334,150.33333333333334,146.33333333333334,145.33333333333334,147.33333333333334,149.33333333333334,148.33333333333334,148.33333333333334,147.33333333333334,147.33333333333334,148.33333333333334,150.33333333333334,152.33333333333334,153.33333333333334,149.33333333333334,149.33333333333334,150.33333333333334,151.33333333333334,153.33333333333334,154.33333333333334,144.0,145.0,145.0,146.0,147.0,147.0,147.0,147.0,146.0,146.0,146.0,145.0,145.0,144.0,144.0,144.0,149.66666666666666,148.66666666666666,147.66666666666666,147.66666666666666,146.66666666666666,145.66666666666666,144.66666666666666,144.66666666666666,146.66666666666666,144.66666666666666,143.66666666666666,145.66666666666666,147.66666666666666,148.66666666666666,146.66666666666666,143.66666666666666,142.66666666666666,143.66666666666666,145.66666666666666,147.66666666666666,147.66666666666666,145.66666666666666,143.66666666666666,142.66666666666666,146.66666666666666,146.66666666666666,146.66666666666666,146.66666666666666,146.66666666666666,145.66666666666666,144.66666666666666,143.66666666666666,144.66666666666666,144.66666666666666,144.66666666666666,142.66666666666666,140.66666666666666,141.66666666666666,143.66666666666666,145.66666666666666,145.66666666666666,145.66666666666666,144.66666666666666,144.66666666666666,145.66666666666666,147.66666666666666,149.66666666666666,150.66666666666666,146.0,145.0,144.33333333333334,143.33333333333334,144.33333333333334,145.33333333333334,147.33333333333334,148.66666666666666,151.66666666666666,157.66666666666666,151.66666666666666,140.66666666666666,135.66666666666666,119.66666666666667,96.0,83.66666666666667,106.0,136.66666666666666,154.66666666666666,144.66666666666666,135.66666666666666,142.66666666666666,147.66666666666666,142.66666666666666,141.66666666666666,142.66666666666666,144.66666666666666,145.66666666666666,144.66666666666666,142.66666666666666,140.66666666666666,139.66666666666666,145.66666666666666,144.66666666666666,142.66666666666666,141.66666666666666,140.66666666666666,140.66666666666666,141.66666666666666,142.66666666666666,139.66666666666666,141.66666666666666,144.66666666666666,146.66666666666666,147.66666666666666,148.66666666666666,150.66666666666666,152.66666666666666,154.66666666666666,151.66666666666666,148.66666666666666,148.66666666666666,150.66666666666666,150.66666666666666,147.66666666666666,144.66666666666666,148.66666666666666,149.66666666666666,149.66666666666666,148.66666666666666,146.66666666666666,146.66666666666666,148.66666666666666,150.66666666666666,148.33333333333334,150.33333333333334,151.33333333333334,150.33333333333334,147.33333333333334,146.33333333333334,149.33333333333334,152.33333333333334,148.33333333333334,149.33333333333334,150.33333333333334,151.33333333333334,151.33333333333334,150.33333333333334,148.33333333333334,146.33333333333334,148.33333333333334,148.33333333333334,150.33333333333334,151.33333333333334,152.33333333333334,153.33333333333334,145.0,145.0,144.0,143.0,144.0,145.0,146.0,147.0,147.0,147.0,147.0,146.0,146.0,146.0,145.0,145.0,148.66666666666666,148.66666666666666,147.66666666666666,146.66666666666666,145.66666666666666,144.66666666666666,144.66666666666666,143.66666666666666,146.66666666666666,144.66666666666666,142.66666666666666,143.66666666666666,146.66666666666666,146.66666666666666,144.66666666666666,141.66666666666666,138.66666666666666,140.66666666666666,142.66666666666666,144.66666666666666,146.66666666666666,146.66666666666666,146.66666666666666,146.66666666666666,144.66666666666666,145.66666666666666,145.66666666666666,145.66666666666666,145.66666666666666,145.66666666666666,144.66666666666666,143.66666666666666,143.66666666666666,144.66666666666666,145.66666666666666,144.66666666666666,142.66666666666666,142.66666666666666,143.66666666666666,145.66666666666666,145.66666666666666,145.66666666666666,145.66666666666666,145.66666666666666,145.66666666666666,146.66666666666666,147.66666666666666,147.66666666666666,144.33333333333334,144.33333333333334,143.33333333333334,142.33333333333334,143.66666666666666,144.66666666666666,145.66666666666666,146.66666666666666,151.66666666666666,157.66666666666666,149.0,137.0,132.0,116.0,94.0,84.66666666666667,101.0,132.66666666666666,152.66666666666666,145.66666666666666,137.66666666666666,144.66666666666666,148.66666666666666,143.66666666666666,142.66666666666666,143.66666666666666,145.66666666666666,145.66666666666666,145.66666666666666,143.66666666666666,141.66666666666666,140.66666666666666,145.66666666666666,144.66666666666666,143.66666666666666,142.66666666666666,142.66666666666666,142.66666666666666,143.66666666666666,144.66666666666666,142.66666666666666,145.66666666666666,148.66666666666666,150.66666666666666,149.66666666666666,148.66666666666666,148.66666666666666,149.66666666666666,151.66666666666666,149.66666666666666,147.66666666666666,147.66666666666666,148.66666666666666,149.66666666666666,147.66666666666666,144.66666666666666,147.66666666666666,148.66666666666666,149.66666666666666,148.66666666666666,146.66666666666666,146.66666666666666,148.66666666666666,150.66666666666666,151.33333333333334,152.33333333333334,152.33333333333334,150.33333333333334,146.33333333333334,145.33333333333334,146.33333333333334,148.33333333333334,145.33333333333334,145.33333333333334,145.33333333333334,146.33333333333334,146.33333333333334,147.33333333333334,148.33333333333334,148.33333333333334,148.33333333333334,149.33333333333334,150.33333333333334,151.33333333333334,152.33333333333334,152.33333333333334,146.0,145.0,143.0,142.0,142.0,143.0,144.0,145.0,148.0,148.0,147.0,147.0,147.0,146.0,146.0,146.0,147.66666666666666,147.66666666666666,146.66666666666666,146.66666666666666,145.66666666666666,144.66666666666666,144.66666666666666,143.66666666666666,145.66666666666666,143.66666666666666,142.66666666666666,142.66666666666666,143.66666666666666,143.66666666666666,141.66666666666666,139.66666666666666,140.66666666666666,141.66666666666666,142.66666666666666,144.66666666666666,145.66666666666666,146.66666666666666,148.66666666666666,148.66666666666666,142.66666666666666,143.66666666666666,144.66666666666666,144.66666666666666,144.66666666666666,144.66666666666666,144.66666666666666,143.66666666666666,142.66666666666666,144.66666666666666,146.66666666666666,146.66666666666666,144.66666666666666,143.66666666666666,144.66666666666666,145.66666666666666,145.66666666666666,145.66666666666666,145.66666666666666,145.66666666666666,145.66666666666666,144.66666666666666,143.66666666666666,143.66666666666666,143.33333333333334,143.33333333333334,142.33333333333334,142.33333333333334,142.66666666666666,143.66666666666666,144.66666666666666,145.66666666666666,152.66666666666666,158.66666666666666,149.0,136.0,129.0,114.0,94.0,85.66666666666667,95.0,127.66666666666667,150.66666666666666,146.66666666666666,140.66666666666666,145.66666666666666,149.66666666666666,144.66666666666666,143.66666666666666,144.66666666666666,145.66666666666666,146.66666666666666,145.66666666666666,144.66666666666666,142.66666666666666,141.66666666666666,144.66666666666666,144.66666666666666,143.66666666666666,143.66666666666666,143.66666666666666,144.66666666666666,145.66666666666666,145.66666666666666,146.66666666666666,149.66666666666666,152.66666666666666,152.66666666666666,151.66666666666666,148.66666666666666,147.66666666666666,147.66666666666666,148.66666666666666,146.66666666666666,145.66666666666666,146.66666666666666,147.66666666666666,147.66666666666666,146.66666666666666,145.66666666666666,147.66666666666666,148.66666666666666,148.66666666666666,147.66666666666666,146.66666666666666,145.66666666666666,147.66666666666666,149.66666666666666,154.33333333333334,154.33333333333334,153.33333333333334,150.33333333333334,146.33333333333334,144.33333333333334,144.33333333333334,145.33333333333334,143.33333333333334,142.33333333333334,141.33333333333334,141.33333333333334,142.33333333333334,145.33333333333334,148.33333333333334,150.33333333333334,149.33333333333334,150.33333333333334,151.33333333333334,151.33333333333334,151.33333333333334,151.33333333333334,146.0,146.0,145.0,145.0,144.0,144.0,143.0,142.0,147.0,147.0,146.0,146.0,146.0,145.0,145.0,145.0,146.66666666666666,146.66666666666666,145.66666666666666,145.66666666666666,144.66666666666666,144.66666666666666,143.66666666666666,143.66666666666666,143.66666666666666,142.66666666666666,141.66666666666666,140.66666666666666,140.66666666666666,140.66666666666666,139.66666666666666,139.66666666666666,146.66666666666666,145.66666666666666,144.66666666666666,144.66666666666666,144.66666666666666,145.66666666666666,145.66666666666666,146.66666666666666,141.66666666666666,142.66666666666666,143.66666666666666,143.66666666666666,144.66666666666666,144.66666666666666,143.66666666666666,143.66666666666666,142.66666666666666,144.66666666666666,147.66666666666666,148.66666666666666,146.66666666666666,145.66666666666666,145.66666666666666,145.66666666666666,145.66666666666666,146.66666666666666,146.66666666666666,146.66666666666666,145.66666666666666,143.66666666666666,141.66666666666666,139.66666666666666,143.33333333333334,143.33333333333334,143.33333333333334,144.33333333333334,144.66666666666666,145.66666666666666,145.66666666666666,145.66666666666666,153.66666666666666,160.66666666666666,154.0,140.0,132.0,115.0,94.0,85.66666666666667,91.0,123.66666666666667,148.66666666666666,148.66666666666666,142.66666666666666,145.66666666666666,147.66666666666666,143.66666666666666,143.66666666666666,143.66666666666666,144.66666666666666,144.66666666666666,144.66666666666666,143.66666666666666,142.66666666666666,141.66666666666666,142.66666666666666,142.66666666666666,142.66666666666666,142.66666666666666,143.66666666666666,144.66666666666666,144.66666666666666,145.66666666666666,147.66666666666666,149.66666666666666,150.66666666666666,150.66666666666666,148.66666666666666,147.66666666666666,147.66666666666666,148.66666666666666,146.66666666666666,146.66666666666666,146.66666666666666,146.66666666666666,147.66666666666666,147.66666666666666,147.66666666666666,147.66666666666666,146.66666666666666,147.66666666666666,147.66666666666666,146.66666666666666,145.66666666666666,145.66666666666666,146.66666666666666,148.66666666666666,154.33333333333334,153.33333333333334,151.33333333333334,149.33333333333334,146.33333333333334,144.33333333333334,144.33333333333334,144.33333333333334,144.33333333333334,144.33333333333334,143.33333333333334,143.33333333333334,144.33333333333334,146.33333333333334,147.33333333333334,149.33333333333334,150.33333333333334,150.33333333333334,151.33333333333334,151.33333333333334,151.33333333333334,150.33333333333334,144.0,146.0,148.0,149.0,148.0,146.0,143.0,141.0,145.0,145.0,145.0,144.0,144.0,144.0,143.0,143.0,144.66666666666666,144.66666666666666,144.66666666666666,144.66666666666666,143.66666666666666,143.66666666666666,143.66666666666666,143.66666666666666,143.66666666666666,142.66666666666666,141.66666666666666,140.66666666666666,139.66666666666666,139.66666666666666,140.66666666666666,141.66666666666666,144.66666666666666,143.66666666666666,142.66666666666666,142.66666666666666,142.66666666666666,143.66666666666666,143.66666666666666,144.66666666666666,142.66666666666666,142.66666666666666,143.66666666666666,144.66666666666666,144.66666666666666,143.66666666666666,143.66666666666666,142.66666666666666,141.66666666666666,144.66666666666666,146.66666666666666,147.66666666666666,146.66666666666666,145.66666666666666,145.66666666666666,146.66666666666666,146.66666666666666,147.66666666666666,147.66666666666666,146.66666666666666,145.66666666666666,142.66666666666666,140.66666666666666,138.66666666666666,145.33333333333334,145.33333333333334,145.33333333333334,146.33333333333334,146.66666666666666,147.66666666666666,147.66666666666666,147.66666666666666,153.66666666666666,163.66666666666666,160.0,147.0,138.0,118.0,95.0,84.66666666666667,90.0,120.66666666666667,147.66666666666666,149.66666666666666,143.66666666666666,143.66666666666666,144.66666666666666,141.66666666666666,142.66666666666666,142.66666666666666,142.66666666666666,142.66666666666666,141.66666666666666,141.66666666666666,140.66666666666666,140.66666666666666,139.66666666666666,140.66666666666666,140.66666666666666,141.66666666666666,142.66666666666666,142.66666666666666,142.66666666666666,142.66666666666666,145.66666666666666,146.66666666666666,145.66666666666666,144.66666666666666,143.66666666666666,145.66666666666666,148.66666666666666,151.66666666666666,147.66666666666666,147.66666666666666,148.66666666666666,148.66666666666666,147.66666666666666,147.66666666666666,148.66666666666666,148.66666666666666,145.66666666666666,146.66666666666666,147.66666666666666,146.66666666666666,144.66666666666666,144.66666666666666,146.66666666666666,148.66666666666666,151.33333333333334,150.33333333333334,148.33333333333334,147.33333333333334,147.33333333333334,147.33333333333334,146.33333333333334,146.33333333333334,146.33333333333334,147.33333333333334,148.33333333333334,149.33333333333334,149.33333333333334,148.33333333333334,146.33333333333334,146.33333333333334,150.33333333333334,150.33333333333334,150.33333333333334,151.33333333333334,150.33333333333334,150.33333333333334,144.0,145.0,148.0,150.0,149.0,147.0,144.0,142.0,144.0,144.0,144.0,143.0,143.0,143.0,142.0,142.0,143.66666666666666,143.66666666666666,143.66666666666666,143.66666666666666,143.66666666666666,143.66666666666666,143.66666666666666,143.66666666666666,142.66666666666666,143.66666666666666,143.66666666666666,141.66666666666666,140.66666666666666,140.66666666666666,143.66666666666666,145.66666666666666,138.66666666666666,138.66666666666666,139.66666666666666,141.66666666666666,143.66666666666666,144.66666666666666,145.66666666666666,146.66666666666666,144.66666666666666,144.66666666666666,145.66666666666666,145.66666666666666,144.66666666666666,143.66666666666666,142.66666666666666,142.66666666666666,141.66666666666666,143.66666666666666,145.66666666666666,146.66666666666666,145.66666666666666,144.66666666666666,145.66666666666666,147.66666666666666,148.66666666666666,148.66666666666666,147.66666666666666,146.66666666666666,144.66666666666666,142.66666666666666,141.66666666666666,139.66666666666666,145.33333333333334,146.33333333333334,147.33333333333334,148.33333333333334,148.66666666666666,148.66666666666666,147.66666666666666,147.66666666666666,153.66666666666666,165.66666666666666,163.0,151.0,140.0,118.0,94.0,83.66666666666667,88.0,117.66666666666667,144.66666666666666,148.66666666666666,143.66666666666666,142.66666666666666,143.66666666666666,142.66666666666666,141.66666666666666,141.66666666666666,141.66666666666666,140.66666666666666,140.66666666666666,140.66666666666666,139.66666666666666,139.66666666666666,139.66666666666666,139.66666666666666,140.66666666666666,141.66666666666666,141.66666666666666,141.66666666666666,140.66666666666666,140.66666666666666,142.66666666666666,142.66666666666666,142.66666666666666,142.66666666666666,142.66666666666666,144.66666666666666,148.66666666666666,151.66666666666666,147.66666666666666,148.66666666666666,149.66666666666666,148.66666666666666,147.66666666666666,146.66666666666666,147.66666666666666,148.66666666666666,144.66666666666666,145.66666666666666,146.66666666666666,145.66666666666666,143.66666666666666,143.66666666666666,145.66666666666666,147.66666666666666,149.33333333333334,147.33333333333334,146.33333333333334,146.33333333333334,147.33333333333334,149.33333333333334,148.33333333333334,147.33333333333334,146.33333333333334,148.33333333333334,150.33333333333334,151.33333333333334,150.33333333333334,148.33333333333334,146.33333333333334,144.33333333333334,148.33333333333334,149.33333333333334,150.33333333333334,150.33333333333334,150.33333333333334,150.33333333333334,145.0,145.0,145.0,145.0,145.0,146.0,146.0,146.0,145.0,145.0,144.0,144.0,144.0,143.0,143.0,143.0,142.66666666666666,142.66666666666666,142.66666666666666,142.66666666666666,142.66666666666666,142.66666666666666,142.66666666666666,142.66666666666666,143.66666666666666,144.66666666666666,144.66666666666666,143.66666666666666,141.66666666666666,142.66666666666666,146.66666666666666,150.66666666666666,141.66666666666666,142.66666666666666,144.66666666666666,147.66666666666666,148.66666666666666,149.66666666666666,149.66666666666666,149.66666666666666,147.66666666666666,147.66666666666666,146.66666666666666,146.66666666666666,145.66666666666666,143.66666666666666,142.66666666666666,141.66666666666666,141.66666666666666,142.66666666666666,143.66666666666666,143.66666666666666,142.66666666666666,143.66666666666666,145.66666666666666,148.66666666666666,150.66666666666666,149.66666666666666,147.66666666666666,146.66666666666666,144.66666666666666,143.66666666666666,142.66666666666666,142.66666666666666,144.33333333333334,145.33333333333334,146.33333333333334,147.33333333333334,148.66666666666666,147.66666666666666,146.66666666666666,146.66666666666666,152.66666666666666,163.66666666666666,161.0,147.0,135.0,114.0,91.0,82.66666666666667,85.0,113.66666666666667,140.66666666666666,147.66666666666666,143.66666666666666,142.66666666666666,144.66666666666666,145.66666666666666,142.66666666666666,142.66666666666666,141.66666666666666,141.66666666666666,140.66666666666666,140.66666666666666,140.66666666666666,140.66666666666666,140.66666666666666,141.66666666666666,142.66666666666666,142.66666666666666,142.66666666666666,141.66666666666666,140.66666666666666,139.66666666666666,138.66666666666666,141.66666666666666,144.66666666666666,145.66666666666666,144.66666666666666,144.66666666666666,146.66666666666666,147.66666666666666,146.66666666666666,148.66666666666666,149.66666666666666,148.66666666666666,145.66666666666666,143.66666666666666,145.66666666666666,146.66666666666666,144.66666666666666,145.66666666666666,145.66666666666666,144.66666666666666,143.66666666666666,143.66666666666666,144.66666666666666,146.66666666666666,149.33333333333334,147.33333333333334,145.33333333333334,145.33333333333334,148.33333333333334,149.33333333333334,148.33333333333334,146.33333333333334,144.33333333333334,145.33333333333334,145.33333333333334,146.33333333333334,146.33333333333334,146.33333333333334,146.33333333333334,146.33333333333334,147.33333333333334,147.33333333333334,149.33333333333334,150.33333333333334,150.33333333333334,150.33333333333334,146.0,144.0,141.0,140.0,140.0,143.0,147.0,149.0,146.0,146.0,146.0,145.0,145.0,144.0,144.0,144.0,142.66666666666666,142.66666666666666,142.66666666666666,142.66666666666666,142.66666666666666,142.66666666666666,142.66666666666666,142.66666666666666,143.66666666666666,144.66666666666666,145.66666666666666,144.66666666666666,142.66666666666666,144.66666666666666,148.66666666666666,153.66666666666666,150.66666666666666,151.66666666666666,154.66666666666666,155.66666666666666,155.66666666666666,154.66666666666666,152.66666666666666,150.66666666666666,148.66666666666666,148.66666666666666,148.66666666666666,147.66666666666666,145.66666666666666,143.66666666666666,141.66666666666666,140.66666666666666,141.66666666666666,142.66666666666666,142.66666666666666,141.66666666666666,141.66666666666666,142.66666666666666,145.66666666666666,148.66666666666666,151.66666666666666,150.66666666666666,147.66666666666666,145.66666666666666,144.66666666666666,144.66666666666666,144.66666666666666,144.66666666666666,142.33333333333334,143.33333333333334,145.33333333333334,146.33333333333334,147.66666666666666,146.66666666666666,145.66666666666666,144.66666666666666,151.66666666666666,162.66666666666666,157.0,142.0,129.0,109.0,88.0,81.66666666666667,82.0,110.66666666666667,138.66666666666666,146.66666666666666,143.66666666666666,143.66666666666666,146.66666666666666,149.66666666666666,144.66666666666666,143.66666666666666,142.66666666666666,141.66666666666666,141.66666666666666,141.66666666666666,141.66666666666666,142.66666666666666,142.66666666666666,143.66666666666666,144.66666666666666,144.66666666666666,143.66666666666666,142.66666666666666,140.66666666666666,139.66666666666666,136.66666666666666,141.66666666666666,146.66666666666666,149.66666666666666,148.66666666666666,145.66666666666666,143.66666666666666,142.66666666666666,146.66666666666666,148.66666666666666,149.66666666666666,147.66666666666666,143.66666666666666,141.66666666666666,142.66666666666666,144.66666666666666,144.66666666666666,145.66666666666666,145.66666666666666,144.66666666666666,142.66666666666666,142.66666666666666,144.66666666666666,146.66666666666666,151.33333333333334,148.33333333333334,145.33333333333334,145.33333333333334,147.33333333333334,149.33333333333334,147.33333333333334,145.33333333333334,142.33333333333334,141.33333333333334,140.33333333333334,140.33333333333334,141.33333333333334,144.33333333333334,146.33333333333334,148.33333333333334,146.33333333333334,146.33333333333334,148.33333333333334,149.33333333333334,150.33333333333334,151.33333333333334,143.0,144.0,144.0,145.0,145.0,146.0,146.0,147.0,143.0,144.0,144.0,145.0,145.0,144.0,144.0,143.0,141.66666666666666,143.66666666666666,144.66666666666666,144.66666666666666,142.66666666666666,140.66666666666666,141.66666666666666,141.66666666666666,145.66666666666666,144.66666666666666,144.66666666666666,148.66666666666666,152.66666666666666,155.66666666666666,154.66666666666666,151.66666666666666,157.66666666666666,157.66666666666666,156.66666666666666,155.66666666666666,153.66666666666666,151.66666666666666,149.66666666666666,148.66666666666666,151.66666666666666,150.66666666666666,148.66666666666666,146.66666666666666,144.66666666666666,143.66666666666666,143.66666666666666,143.66666666666666,144.66666666666666,144.66666666666666,143.66666666666666,143.66666666666666,144.66666666666666,144.66666666666666,145.66666666666666,146.66666666666666,150.66666666666666,149.66666666666666,147.66666666666666,145.66666666666666,144.66666666666666,144.66666666666666,145.66666666666666,145.66666666666666,148.33333333333334,146.33333333333334,145.33333333333334,145.33333333333334,145.66666666666666,145.66666666666666,144.66666666666666,143.66666666666666,155.66666666666666,147.66666666666666,137.0,125.0,115.0,103.0,91.0,81.66666666666667,77.0,118.66666666666667,144.66666666666666,144.66666666666666,143.66666666666666,142.66666666666666,142.66666666666666,146.66666666666666,140.66666666666666,142.66666666666666,144.66666666666666,146.66666666666666,147.66666666666666,146.66666666666666,144.66666666666666,143.66666666666666,142.66666666666666,143.66666666666666,143.66666666666666,143.66666666666666,142.66666666666666,141.66666666666666,140.66666666666666,139.66666666666666,139.66666666666666,143.66666666666666,147.66666666666666,151.66666666666666,152.66666666666666,149.66666666666666,145.66666666666666,142.66666666666666,147.66666666666666,146.66666666666666,144.66666666666666,143.66666666666666,143.66666666666666,144.66666666666666,146.66666666666666,147.66666666666666,146.66666666666666,146.66666666666666,146.66666666666666,146.66666666666666,146.66666666666666,146.66666666666666,146.66666666666666,146.66666666666666,148.33333333333334,149.33333333333334,150.33333333333334,150.33333333333334,149.33333333333334,148.33333333333334,146.33333333333334,145.33333333333334,145.33333333333334,146.33333333333334,147.33333333333334,146.33333333333334,144.33333333333334,144.33333333333334,146.33333333333334,148.33333333333334,149.33333333333334,149.33333333333334,148.33333333333334,148.33333333333334,147.33333333333334,146.33333333333334,143.0,143.0,144.0,144.0,144.0,144.0,144.0,145.0,143.0,143.0,143.0,143.0,143.0,143.0,143.0,143.0,142.66666666666666,143.66666666666666,145.66666666666666,144.66666666666666,142.66666666666666,140.66666666666666,140.66666666666666,141.66666666666666,145.66666666666666,144.66666666666666,144.66666666666666,147.66666666666666,151.66666666666666,153.66666666666666,152.66666666666666,150.66666666666666,152.66666666666666,152.66666666666666,153.66666666666666,153.66666666666666,152.66666666666666,151.66666666666666,150.66666666666666,150.66666666666666,155.66666666666666,153.66666666666666,151.66666666666666,148.66666666666666,145.66666666666666,143.66666666666666,142.66666666666666,142.66666666666666,143.66666666666666,143.66666666666666,143.66666666666666,142.66666666666666,143.66666666666666,144.66666666666666,145.66666666666666,145.66666666666666,143.66666666666666,143.66666666666666,143.66666666666666,143.66666666666666,145.66666666666666,147.66666666666666,149.66666666666666,150.66666666666666,148.33333333333334,146.33333333333334,145.33333333333334,145.33333333333334,145.66666666666666,145.66666666666666,145.66666666666666,144.66666666666666,152.66666666666666,147.66666666666666,139.0,130.0,120.0,106.0,90.0,78.66666666666667,82.0,121.66666666666667,146.66666666666666,145.66666666666666,144.66666666666666,143.66666666666666,142.66666666666666,146.66666666666666,141.66666666666666,142.66666666666666,144.66666666666666,145.66666666666666,146.66666666666666,145.66666666666666,144.66666666666666,143.66666666666666,145.66666666666666,145.66666666666666,145.66666666666666,145.66666666666666,144.66666666666666,144.66666666666666,143.66666666666666,143.66666666666666,143.66666666666666,145.66666666666666,147.66666666666666,149.66666666666666,150.66666666666666,149.66666666666666,147.66666666666666,146.66666666666666,148.66666666666666,147.66666666666666,145.66666666666666,144.66666666666666,144.66666666666666,145.66666666666666,147.66666666666666,148.66666666666666,145.66666666666666,145.66666666666666,145.66666666666666,145.66666666666666,145.66666666666666,145.66666666666666,145.66666666666666,145.66666666666666,146.33333333333334,147.33333333333334,148.33333333333334,148.33333333333334,148.33333333333334,147.33333333333334,146.33333333333334,145.33333333333334,146.33333333333334,147.33333333333334,147.33333333333334,146.33333333333334,145.33333333333334,144.33333333333334,146.33333333333334,148.33333333333334,148.33333333333334,148.33333333333334,147.33333333333334,147.33333333333334,146.33333333333334,146.33333333333334,144.0,144.0,144.0,143.0,143.0,143.0,143.0,143.0,144.0,143.0,142.0,141.0,141.0,142.0,143.0,144.0,143.66666666666666,144.66666666666666,146.66666666666666,145.66666666666666,142.66666666666666,140.66666666666666,140.66666666666666,140.66666666666666,143.66666666666666,143.66666666666666,143.66666666666666,146.66666666666666,149.66666666666666,150.66666666666666,149.66666666666666,148.66666666666666,146.66666666666666,147.66666666666666,148.66666666666666,150.66666666666666,150.66666666666666,150.66666666666666,150.66666666666666,150.66666666666666,158.66666666666666,156.66666666666666,153.66666666666666,149.66666666666666,146.66666666666666,143.66666666666666,142.66666666666666,141.66666666666666,142.66666666666666,142.66666666666666,142.66666666666666,142.66666666666666,142.66666666666666,143.66666666666666,144.66666666666666,144.66666666666666,140.66666666666666,140.66666666666666,141.66666666666666,142.66666666666666,144.66666666666666,147.66666666666666,149.66666666666666,150.66666666666666,146.33333333333334,146.33333333333334,145.33333333333334,144.33333333333334,144.66666666666666,144.66666666666666,145.66666666666666,145.66666666666666,149.66666666666666,146.66666666666666,143.0,136.0,126.0,110.0,90.0,76.66666666666667,89.0,126.66666666666667,148.66666666666666,146.66666666666666,144.66666666666666,143.66666666666666,141.66666666666666,145.66666666666666,142.66666666666666,143.66666666666666,143.66666666666666,144.66666666666666,144.66666666666666,144.66666666666666,144.66666666666666,145.66666666666666,148.66666666666666,148.66666666666666,147.66666666666666,146.66666666666666,146.66666666666666,146.66666666666666,146.66666666666666,147.66666666666666,145.66666666666666,145.66666666666666,145.66666666666666,145.66666666666666,146.66666666666666,146.66666666666666,146.66666666666666,146.66666666666666,149.66666666666666,148.66666666666666,146.66666666666666,145.66666666666666,145.66666666666666,146.66666666666666,148.66666666666666,149.66666666666666,144.66666666666666,144.66666666666666,144.66666666666666,144.66666666666666,144.66666666666666,144.66666666666666,144.66666666666666,144.66666666666666,144.33333333333334,145.33333333333334,146.33333333333334,147.33333333333334,147.33333333333334,147.33333333333334,146.33333333333334,146.33333333333334,146.33333333333334,147.33333333333334,148.33333333333334,146.33333333333334,145.33333333333334,145.33333333333334,146.33333333333334,148.33333333333334,146.33333333333334,146.33333333333334,146.33333333333334,146.33333333333334,145.33333333333334,145.33333333333334,146.0,145.0,145.0,144.0,144.0,143.0,143.0,142.0,146.0,144.0,142.0,141.0,141.0,142.0,144.0,146.0,144.66666666666666,145.66666666666666,146.66666666666666,145.66666666666666,142.66666666666666,140.66666666666666,140.66666666666666,140.66666666666666,141.66666666666666,142.66666666666666,143.66666666666666,144.66666666666666,146.66666666666666,147.66666666666666,146.66666666666666,146.66666666666666,143.66666666666666,144.66666666666666,145.66666666666666,147.66666666666666,147.66666666666666,147.66666666666666,147.66666666666666,147.66666666666666,155.66666666666666,154.66666666666666,151.66666666666666,148.66666666666666,145.66666666666666,143.66666666666666,142.66666666666666,141.66666666666666,142.66666666666666,141.66666666666666,141.66666666666666,141.66666666666666,141.66666666666666,142.66666666666666,143.66666666666666,144.66666666666666,143.66666666666666,143.66666666666666,143.66666666666666,143.66666666666666,143.66666666666666,143.66666666666666,143.66666666666666,144.66666666666666,144.33333333333334,144.33333333333334,144.33333333333334,142.33333333333334,141.66666666666666,141.66666666666666,143.66666666666666,145.66666666666666,150.66666666666666,148.66666666666666,145.0,140.0,129.0,113.0,93.0,78.66666666666667,95.0,130.66666666666666,149.66666666666666,144.66666666666666,142.66666666666666,141.66666666666666,139.66666666666666,143.66666666666666,143.66666666666666,143.66666666666666,142.66666666666666,142.66666666666666,143.66666666666666,143.66666666666666,144.66666666666666,145.66666666666666,149.66666666666666,148.66666666666666,147.66666666666666,146.66666666666666,146.66666666666666,147.66666666666666,147.66666666666666,148.66666666666666,143.66666666666666,143.66666666666666,143.66666666666666,144.66666666666666,144.66666666666666,144.66666666666666,143.66666666666666,143.66666666666666,147.66666666666666,146.66666666666666,145.66666666666666,145.66666666666666,145.66666666666666,145.66666666666666,146.66666666666666,147.66666666666666,144.66666666666666,144.66666666666666,144.66666666666666,144.66666666666666,144.66666666666666,144.66666666666666,144.66666666666666,144.66666666666666,144.33333333333334,145.33333333333334,146.33333333333334,146.33333333333334,147.33333333333334,147.33333333333334,148.33333333333334,148.33333333333334,147.33333333333334,148.33333333333334,148.33333333333334,147.33333333333334,145.33333333333334,145.33333333333334,146.33333333333334,148.33333333333334,144.33333333333334,144.33333333333334,145.33333333333334,145.33333333333334,145.33333333333334,145.33333333333334,148.0,147.0,147.0,146.0,146.0,145.0,145.0,144.0,147.0,146.0,144.0,142.0,142.0,144.0,146.0,147.0,144.66666666666666,145.66666666666666,146.66666666666666,145.66666666666666,143.66666666666666,141.66666666666666,141.66666666666666,141.66666666666666,141.66666666666666,142.66666666666666,143.66666666666666,144.66666666666666,144.66666666666666,144.66666666666666,144.66666666666666,144.66666666666666,144.66666666666666,144.66666666666666,144.66666666666666,145.66666666666666,144.66666666666666,144.66666666666666,143.66666666666666,142.66666666666666,148.66666666666666,147.66666666666666,146.66666666666666,145.66666666666666,144.66666666666666,143.66666666666666,143.66666666666666,143.66666666666666,142.66666666666666,141.66666666666666,141.66666666666666,141.66666666666666,141.66666666666666,142.66666666666666,143.66666666666666,144.66666666666666,144.66666666666666,144.66666666666666,144.66666666666666,143.66666666666666,143.66666666666666,142.66666666666666,141.66666666666666,140.66666666666666,141.33333333333334,142.33333333333334,142.33333333333334,140.33333333333334,138.66666666666666,138.66666666666666,141.66666666666666,145.66666666666666,153.66666666666666,150.66666666666666,147.0,141.0,131.0,115.0,96.0,83.66666666666667,100.0,132.66666666666666,148.66666666666666,142.66666666666666,140.66666666666666,139.66666666666666,137.66666666666666,140.66666666666666,143.66666666666666,142.66666666666666,142.66666666666666,142.66666666666666,142.66666666666666,143.66666666666666,144.66666666666666,145.66666666666666,146.66666666666666,145.66666666666666,145.66666666666666,145.66666666666666,145.66666666666666,145.66666666666666,146.66666666666666,146.66666666666666,142.66666666666666,143.66666666666666,146.66666666666666,147.66666666666666,147.66666666666666,145.66666666666666,143.66666666666666,141.66666666666666,145.66666666666666,144.66666666666666,144.66666666666666,144.66666666666666,144.66666666666666,144.66666666666666,144.66666666666666,145.66666666666666,146.66666666666666,146.66666666666666,146.66666666666666,146.66666666666666,146.66666666666666,146.66666666666666,146.66666666666666,146.66666666666666,146.33333333333334,146.33333333333334,147.33333333333334,147.33333333333334,148.33333333333334,148.33333333333334,149.33333333333334,150.33333333333334,148.33333333333334,149.33333333333334,149.33333333333334,147.33333333333334,145.33333333333334,145.33333333333334,146.33333333333334,148.33333333333334,143.33333333333334,143.33333333333334,144.33333333333334,145.33333333333334,145.33333333333334,146.33333333333334,147.0,147.0,147.0,147.0,147.0,146.0,146.0,146.0,147.0,146.0,145.0,144.0,144.0,145.0,146.0,147.0,142.66666666666666,144.66666666666666,146.66666666666666,145.66666666666666,143.66666666666666,142.66666666666666,142.66666666666666,143.66666666666666,140.66666666666666,142.66666666666666,144.66666666666666,144.66666666666666,143.66666666666666,142.66666666666666,143.66666666666666,144.66666666666666,144.66666666666666,144.66666666666666,144.66666666666666,143.66666666666666,142.66666666666666,141.66666666666666,139.66666666666666,139.66666666666666,142.66666666666666,142.66666666666666,142.66666666666666,142.66666666666666,142.66666666666666,143.66666666666666,144.66666666666666,144.66666666666666,142.66666666666666,142.66666666666666,142.66666666666666,142.66666666666666,142.66666666666666,143.66666666666666,144.66666666666666,144.66666666666666,141.66666666666666,142.66666666666666,143.66666666666666,144.66666666666666,144.66666666666666,144.66666666666666,143.66666666666666,143.66666666666666,140.33333333333334,141.33333333333334,141.33333333333334,139.33333333333334,136.66666666666666,137.66666666666666,141.66666666666666,146.66666666666666,156.66666666666666,152.66666666666666,148.0,142.0,132.0,117.0,100.0,86.66666666666667,105.0,135.66666666666666,148.66666666666666,140.66666666666666,138.66666666666666,138.66666666666666,137.66666666666666,140.66666666666666,141.66666666666666,141.66666666666666,142.66666666666666,142.66666666666666,143.66666666666666,143.66666666666666,143.66666666666666,143.66666666666666,141.66666666666666,142.66666666666666,143.66666666666666,144.66666666666666,144.66666666666666,144.66666666666666,143.66666666666666,143.66666666666666,144.66666666666666,146.66666666666666,149.66666666666666,150.66666666666666,150.66666666666666,148.66666666666666,145.66666666666666,143.66666666666666,143.66666666666666,143.66666666666666,143.66666666666666,143.66666666666666,143.66666666666666,143.66666666666666,143.66666666666666,143.66666666666666,146.66666666666666,146.66666666666666,146.66666666666666,146.66666666666666,146.66666666666666,146.66666666666666,146.66666666666666,146.66666666666666,148.33333333333334,148.33333333333334,147.33333333333334,147.33333333333334,147.33333333333334,148.33333333333334,149.33333333333334,150.33333333333334,149.33333333333334,150.33333333333334,150.33333333333334,148.33333333333334,146.33333333333334,145.33333333333334,146.33333333333334,148.33333333333334,143.33333333333334,143.33333333333334,144.33333333333334,145.33333333333334,146.33333333333334,147.33333333333334,145.0,146.0,146.0,146.0,146.0,146.0,147.0,147.0,145.0,145.0,145.0,145.0,145.0,145.0,145.0,145.0,141.66666666666666,143.66666666666666,145.66666666666666,145.66666666666666,144.66666666666666,143.66666666666666,144.66666666666666,145.66666666666666,141.66666666666666,143.66666666666666,145.66666666666666,145.66666666666666,142.66666666666666,141.66666666666666,142.66666666666666,143.66666666666666,142.66666666666666,143.66666666666666,143.66666666666666,142.66666666666666,142.66666666666666,140.66666666666666,139.66666666666666,138.66666666666666,141.66666666666666,141.66666666666666,140.66666666666666,140.66666666666666,141.66666666666666,142.66666666666666,143.66666666666666,144.66666666666666,143.66666666666666,143.66666666666666,143.66666666666666,142.66666666666666,143.66666666666666,144.66666666666666,145.66666666666666,145.66666666666666,140.66666666666666,141.66666666666666,143.66666666666666,144.66666666666666,145.66666666666666,146.66666666666666,145.66666666666666,145.66666666666666,140.33333333333334,142.33333333333334,143.33333333333334,140.33333333333334,137.66666666666666,137.66666666666666,143.66666666666666,149.66666666666666,156.66666666666666,153.66666666666666,150.0,145.0,135.0,120.0,101.0,87.66666666666667,109.0,137.66666666666666,148.66666666666666,140.66666666666666,139.66666666666666,140.66666666666666,139.66666666666666,141.66666666666666,140.66666666666666,141.66666666666666,142.66666666666666,143.66666666666666,144.66666666666666,143.66666666666666,142.66666666666666,142.66666666666666,138.66666666666666,140.66666666666666,142.66666666666666,145.66666666666666,145.66666666666666,144.66666666666666,142.66666666666666,140.66666666666666,146.66666666666666,146.66666666666666,146.66666666666666,146.66666666666666,146.66666666666666,145.66666666666666,144.66666666666666,143.66666666666666,143.66666666666666,144.66666666666666,144.66666666666666,144.66666666666666,144.66666666666666,144.66666666666666,144.66666666666666,143.66666666666666,145.66666666666666,145.66666666666666,145.66666666666666,145.66666666666666,145.66666666666666,145.66666666666666,145.66666666666666,145.66666666666666,149.33333333333334,148.33333333333334,147.33333333333334,146.33333333333334,146.33333333333334,146.33333333333334,147.33333333333334,148.33333333333334,150.33333333333334,150.33333333333334,150.33333333333334,148.33333333333334,146.33333333333334,145.33333333333334,146.33333333333334,148.33333333333334,143.33333333333334,144.33333333333334,145.33333333333334,146.33333333333334,147.33333333333334,148.33333333333334,143.33333333333334,144.0,144.33333333333334,145.0,145.33333333333334,146.0,146.33333333333334,147.0,143.33333333333334,144.0,144.33333333333334,145.0,145.33333333333334,144.0,144.33333333333334,143.0,141.0,142.66666666666666,146.0,145.66666666666666,145.0,144.66666666666666,146.0,146.66666666666666,142.0,144.66666666666666,147.0,145.66666666666666,143.0,141.66666666666666,143.0,143.66666666666666,142.0,141.66666666666666,143.0,142.66666666666666,143.0,141.66666666666666,141.0,139.66666666666666,143.0,141.66666666666666,142.0,141.66666666666666,142.0,142.66666666666666,144.0,144.66666666666666,145.0,144.66666666666666,144.0,143.66666666666666,145.0,144.66666666666666,146.0,146.66666666666666,143.0,143.66666666666666,145.0,145.66666666666666,147.0,145.66666666666666,145.0,143.33333333333334,142.33333333333334,144.0,145.33333333333334,142.33333333333334,139.0,140.0,145.66666666666666,151.66666666666666,155.0,152.66666666666666,151.0,147.0,137.0,121.33333333333333,100.33333333333333,86.66666666666667,112.0,139.66666666666666,151.0,141.66666666666666,140.66666666666666,141.66666666666666,140.66666666666666,143.66666666666666,138.66666666666666,140.66666666666666,142.66666666666666,144.66666666666666,145.66666666666666,144.66666666666666,142.66666666666666,140.66666666666666,136.66666666666666,139.66666666666666,143.66666666666666,146.66666666666666,146.66666666666666,144.66666666666666,141.66666666666666,139.66666666666666,145.66666666666666,144.66666666666666,142.66666666666666,140.66666666666666,139.66666666666666,140.66666666666666,141.66666666666666,142.66666666666666,144.66666666666666,145.66666666666666,145.66666666666666,146.66666666666666,146.66666666666666,145.66666666666666,145.66666666666666,144.66666666666666,144.66666666666666,144.66666666666666,144.66666666666666,144.66666666666666,144.66666666666666,144.66666666666666,144.66666666666666,144.66666666666666,149.33333333333334,148.33333333333334,146.33333333333334,145.33333333333334,144.33333333333334,144.33333333333334,145.33333333333334,146.33333333333334,150.33333333333334,151.33333333333334,150.33333333333334,148.33333333333334,146.33333333333334,145.33333333333334,146.33333333333334,148.33333333333334,143.33333333333334,144.33333333333334,145.33333333333334,146.33333333333334,148.33333333333334,149.33333333333334,139.66666666666666,140.33333333333334,141.66666666666666,143.33333333333334,144.66666666666666,145.33333333333334,146.66666666666666,146.33333333333334,145.66666666666666,145.33333333333334,144.66666666666666,143.33333333333334,143.66666666666666,142.33333333333334,142.66666666666666,141.33333333333334,141.0,141.0,142.0,143.0,143.0,143.0,142.0,142.0,142.0,142.0,142.0,143.0,143.0,144.0,144.0,144.0,141.66666666666666,141.33333333333334,140.66666666666666,139.33333333333334,139.66666666666666,139.33333333333334,140.66666666666666,140.33333333333334,142.66666666666666,143.33333333333334,144.66666666666666,145.33333333333334,145.66666666666666,144.33333333333334,142.66666666666666,141.33333333333334,134.66666666666666,138.33333333333334,142.66666666666666,143.33333333333334,140.66666666666666,138.33333333333334,140.66666666666666,142.33333333333334,143.66666666666666,143.33333333333334,144.66666666666666,144.33333333333334,144.66666666666666,143.33333333333334,142.66666666666666,142.33333333333334,136.33333333333334,142.0,146.0,143.66666666666666,143.33333333333334,148.33333333333334,149.0,145.0,153.0,153.33333333333334,149.0,149.0,143.66666666666666,116.33333333333333,92.0,90.33333333333333,116.66666666666667,143.0,151.0,141.0,141.0,142.0,139.0,139.0,139.66666666666666,141.66666666666666,143.33333333333334,143.33333333333334,141.33333333333334,140.33333333333334,140.33333333333334,141.33333333333334,145.66666666666666,143.66666666666666,141.66666666666666,141.66666666666666,143.66666666666666,143.66666666666666,141.66666666666666,139.66666666666666,143.66666666666666,144.66666666666666,144.66666666666666,144.66666666666666,143.66666666666666,143.66666666666666,145.66666666666666,147.66666666666666,146.66666666666666,146.66666666666666,145.66666666666666,144.66666666666666,145.66666666666666,146.66666666666666,148.66666666666666,149.66666666666666,147.66666666666666,146.66666666666666,145.66666666666666,144.66666666666666,145.66666666666666,148.66666666666666,150.66666666666666,152.66666666666666,149.66666666666666,146.66666666666666,143.66666666666666,140.66666666666666,139.66666666666666,140.66666666666666,142.66666666666666,143.66666666666666,152.66666666666666,149.66666666666666,145.66666666666666,143.66666666666666,144.66666666666666,145.66666666666666,145.66666666666666,145.66666666666666,144.66666666666666,142.66666666666666,140.66666666666666,142.66666666666666,145.66666666666666,148.66666666666666,145.66666666666666,145.66666666666666,145.66666666666666,145.66666666666666,145.66666666666666,144.66666666666666,143.66666666666666,143.66666666666666,144.66666666666666,144.66666666666666,144.66666666666666,144.66666666666666,144.66666666666666,144.66666666666666,144.66666666666666,144.66666666666666,142.0,143.0,143.0,144.0,144.0,144.0,143.0,142.0,142.0,142.0,142.0,143.0,143.0,143.0,144.0,144.0,141.66666666666666,141.66666666666666,140.66666666666666,140.66666666666666,140.66666666666666,140.66666666666666,141.66666666666666,142.66666666666666,142.66666666666666,142.66666666666666,143.66666666666666,144.66666666666666,145.66666666666666,145.66666666666666,145.66666666666666,145.66666666666666,137.66666666666666,140.66666666666666,142.66666666666666,143.66666666666666,142.66666666666666,141.66666666666666,141.66666666666666,142.66666666666666,142.66666666666666,143.66666666666666,143.66666666666666,144.66666666666666,144.66666666666666,143.66666666666666,143.66666666666666,142.0,138.33333333333334,144.0,147.0,144.66666666666666,145.66666666666666,149.33333333333334,150.0,146.33333333333334,152.66666666666666,152.0,150.33333333333334,150.33333333333334,143.66666666666666,116.66666666666667,92.0,90.66666666666667,114.66666666666667,141.0,149.0,140.0,139.0,140.0,137.0,137.0,139.66666666666666,141.66666666666666,143.33333333333334,143.33333333333334,141.33333333333334,140.33333333333334,140.33333333333334,141.33333333333334,144.66666666666666,143.66666666666666,141.66666666666666,141.66666666666666,143.66666666666666,143.66666666666666,141.66666666666666,140.66666666666666,143.66666666666666,144.66666666666666,144.66666666666666,144.66666666666666,143.66666666666666,143.66666666666666,145.66666666666666,147.66666666666666,144.66666666666666,144.66666666666666,143.66666666666666,143.66666666666666,143.66666666666666,144.66666666666666,146.66666666666666,147.66666666666666,146.66666666666666,145.66666666666666,144.66666666666666,144.66666666666666,145.66666666666666,147.66666666666666,149.66666666666666,151.66666666666666,149.66666666666666,148.66666666666666,145.66666666666666,144.66666666666666,143.66666666666666,143.66666666666666,145.66666666666666,146.66666666666666,150.66666666666666,149.66666666666666,148.66666666666666,146.66666666666666,145.66666666666666,145.66666666666666,145.66666666666666,146.66666666666666,143.66666666666666,141.66666666666666,139.66666666666666,140.66666666666666,143.66666666666666,145.66666666666666,148.66666666666666,148.66666666666666,147.66666666666666,146.66666666666666,145.66666666666666,144.66666666666666,144.66666666666666,143.66666666666666,142.66666666666666,143.66666666666666,143.66666666666666,144.66666666666666,145.66666666666666,146.66666666666666,146.66666666666666,147.66666666666666,143.0,144.0,144.0,145.0,145.0,144.0,143.0,143.0,142.0,142.0,142.0,142.0,143.0,143.0,143.0,144.0,141.66666666666666,140.66666666666666,140.66666666666666,140.66666666666666,141.66666666666666,142.66666666666666,143.66666666666666,144.66666666666666,142.66666666666666,142.66666666666666,142.66666666666666,143.66666666666666,144.66666666666666,146.66666666666666,147.66666666666666,148.66666666666666,142.66666666666666,141.66666666666666,141.66666666666666,143.66666666666666,144.66666666666666,144.66666666666666,143.66666666666666,142.66666666666666,142.66666666666666,142.66666666666666,143.66666666666666,144.66666666666666,144.66666666666666,143.66666666666666,143.66666666666666,142.0,141.33333333333334,145.0,148.0,145.66666666666666,145.66666666666666,148.33333333333334,149.0,146.33333333333334,151.66666666666666,153.0,152.33333333333334,152.33333333333334,144.66666666666666,116.66666666666667,93.0,90.66666666666667,115.66666666666667,142.0,150.0,141.0,140.0,141.0,138.0,138.0,139.66666666666666,141.66666666666666,143.33333333333334,143.33333333333334,141.33333333333334,140.33333333333334,140.33333333333334,141.33333333333334,144.66666666666666,142.66666666666666,141.66666666666666,141.66666666666666,143.66666666666666,143.66666666666666,142.66666666666666,140.66666666666666,143.66666666666666,144.66666666666666,144.66666666666666,144.66666666666666,143.66666666666666,143.66666666666666,145.66666666666666,147.66666666666666,142.66666666666666,142.66666666666666,141.66666666666666,141.66666666666666,141.66666666666666,142.66666666666666,143.66666666666666,144.66666666666666,145.66666666666666,145.66666666666666,144.66666666666666,143.66666666666666,144.66666666666666,146.66666666666666,148.66666666666666,149.66666666666666,149.66666666666666,149.66666666666666,148.66666666666666,148.66666666666666,148.66666666666666,148.66666666666666,148.66666666666666,148.66666666666666,148.66666666666666,150.66666666666666,152.66666666666666,151.66666666666666,147.66666666666666,145.66666666666666,146.66666666666666,148.66666666666666,144.66666666666666,143.66666666666666,141.66666666666666,141.66666666666666,143.66666666666666,144.66666666666666,145.66666666666666,145.66666666666666,145.66666666666666,145.66666666666666,145.66666666666666,145.66666666666666,146.66666666666666,146.66666666666666,142.66666666666666,142.66666666666666,142.66666666666666,143.66666666666666,143.66666666666666,144.66666666666666,144.66666666666666,144.66666666666666,143.0,143.0,144.0,144.0,144.0,143.0,142.0,141.0,141.0,141.0,142.0,142.0,142.0,143.0,143.0,143.0,140.66666666666666,140.66666666666666,140.66666666666666,141.66666666666666,142.66666666666666,143.66666666666666,145.66666666666666,146.66666666666666,143.66666666666666,143.66666666666666,142.66666666666666,141.66666666666666,142.66666666666666,143.66666666666666,145.66666666666666,146.66666666666666,145.66666666666666,143.66666666666666,141.66666666666666,142.66666666666666,145.66666666666666,147.66666666666666,144.66666666666666,141.66666666666666,141.66666666666666,142.66666666666666,143.66666666666666,144.66666666666666,144.66666666666666,144.66666666666666,143.66666666666666,143.0,143.33333333333334,145.0,146.0,145.66666666666666,144.66666666666666,144.33333333333334,146.0,145.33333333333334,151.66666666666666,154.0,154.33333333333334,154.33333333333334,145.66666666666666,116.66666666666667,92.0,91.66666666666667,118.66666666666667,145.0,153.0,144.0,143.0,144.0,141.0,141.0,139.66666666666666,141.66666666666666,143.33333333333334,143.33333333333334,141.33333333333334,140.33333333333334,140.33333333333334,141.33333333333334,143.66666666666666,142.66666666666666,141.66666666666666,141.66666666666666,143.66666666666666,143.66666666666666,142.66666666666666,141.66666666666666,143.66666666666666,144.66666666666666,144.66666666666666,144.66666666666666,143.66666666666666,143.66666666666666,145.66666666666666,147.66666666666666,141.66666666666666,141.66666666666666,141.66666666666666,141.66666666666666,141.66666666666666,141.66666666666666,142.66666666666666,142.66666666666666,145.66666666666666,144.66666666666666,144.66666666666666,143.66666666666666,144.66666666666666,145.66666666666666,146.66666666666666,147.66666666666666,147.66666666666666,148.66666666666666,149.66666666666666,150.66666666666666,150.66666666666666,150.66666666666666,149.66666666666666,148.66666666666666,145.66666666666666,151.66666666666666,155.66666666666666,154.66666666666666,149.66666666666666,146.66666666666666,147.66666666666666,149.66666666666666,147.66666666666666,146.66666666666666,144.66666666666666,143.66666666666666,143.66666666666666,143.66666666666666,144.66666666666666,143.66666666666666,142.66666666666666,142.66666666666666,142.66666666666666,143.66666666666666,144.66666666666666,144.66666666666666,142.66666666666666,142.66666666666666,142.66666666666666,141.66666666666666,141.66666666666666,140.66666666666666,140.66666666666666,140.66666666666666,142.0,142.0,142.0,142.0,142.0,141.0,140.0,139.0,141.0,141.0,141.0,142.0,142.0,142.0,143.0,143.0,140.66666666666666,140.66666666666666,140.66666666666666,141.66666666666666,142.66666666666666,143.66666666666666,145.66666666666666,146.66666666666666,144.66666666666666,143.66666666666666,141.66666666666666,139.66666666666666,139.66666666666666,139.66666666666666,140.66666666666666,141.66666666666666,146.66666666666666,143.66666666666666,140.66666666666666,141.66666666666666,144.66666666666666,146.66666666666666,144.66666666666666,141.66666666666666,141.66666666666666,142.66666666666666,143.66666666666666,144.66666666666666,144.66666666666666,144.66666666666666,144.66666666666666,144.0,143.33333333333334,143.0,143.0,142.66666666666666,141.66666666666666,139.33333333333334,141.0,141.33333333333334,152.66666666666666,155.0,155.33333333333334,154.33333333333334,144.66666666666666,114.66666666666667,92.0,92.66666666666667,118.66666666666667,145.0,153.0,144.0,143.0,144.0,141.0,141.0,139.66666666666666,141.66666666666666,143.33333333333334,143.33333333333334,141.33333333333334,140.33333333333334,140.33333333333334,141.33333333333334,143.66666666666666,141.66666666666666,140.66666666666666,141.66666666666666,143.66666666666666,144.66666666666666,143.66666666666666,141.66666666666666,143.66666666666666,144.66666666666666,144.66666666666666,144.66666666666666,143.66666666666666,143.66666666666666,145.66666666666666,147.66666666666666,142.66666666666666,142.66666666666666,143.66666666666666,143.66666666666666,143.66666666666666,142.66666666666666,142.66666666666666,142.66666666666666,145.66666666666666,144.66666666666666,144.66666666666666,144.66666666666666,145.66666666666666,145.66666666666666,146.66666666666666,146.66666666666666,145.66666666666666,146.66666666666666,148.66666666666666,150.66666666666666,150.66666666666666,149.66666666666666,147.66666666666666,146.66666666666666,143.66666666666666,149.66666666666666,155.66666666666666,154.66666666666666,149.66666666666666,146.66666666666666,146.66666666666666,149.66666666666666,147.66666666666666,146.66666666666666,145.66666666666666,143.66666666666666,140.66666666666666,139.66666666666666,145.66666666666666,144.66666666666666,142.66666666666666,140.66666666666666,139.66666666666666,139.66666666666666,140.66666666666666,140.66666666666666,142.66666666666666,141.66666666666666,141.66666666666666,140.66666666666666,139.66666666666666,138.66666666666666,138.66666666666666,137.66666666666666,141.0,141.0,142.0,141.0,141.0,139.0,138.0,138.0,140.0,141.0,141.0,141.0,142.0,142.0,142.0,142.0,141.66666666666666,140.66666666666666,140.66666666666666,140.66666666666666,141.66666666666666,142.66666666666666,143.66666666666666,144.66666666666666,143.66666666666666,142.66666666666666,141.66666666666666,139.66666666666666,138.66666666666666,138.66666666666666,137.66666666666666,137.66666666666666,144.66666666666666,142.66666666666666,140.66666666666666,140.66666666666666,141.66666666666666,142.66666666666666,141.66666666666666,140.66666666666666,140.66666666666666,141.66666666666666,142.66666666666666,143.66666666666666,144.66666666666666,144.66666666666666,144.66666666666666,144.0,143.33333333333334,141.0,140.0,140.66666666666666,138.66666666666666,135.33333333333334,136.0,139.33333333333334,152.66666666666666,156.0,155.33333333333334,152.33333333333334,141.66666666666666,112.66666666666667,91.0,93.66666666666667,115.66666666666667,142.0,150.0,141.0,140.0,141.0,138.0,138.0,139.66666666666666,141.66666666666666,143.33333333333334,143.33333333333334,141.33333333333334,140.33333333333334,140.33333333333334,141.33333333333334,142.66666666666666,141.66666666666666,140.66666666666666,141.66666666666666,143.66666666666666,144.66666666666666,143.66666666666666,142.66666666666666,143.66666666666666,144.66666666666666,144.66666666666666,144.66666666666666,143.66666666666666,143.66666666666666,145.66666666666666,147.66666666666666,143.66666666666666,143.66666666666666,144.66666666666666,144.66666666666666,144.66666666666666,143.66666666666666,142.66666666666666,141.66666666666666,145.66666666666666,145.66666666666666,145.66666666666666,146.66666666666666,146.66666666666666,146.66666666666666,146.66666666666666,146.66666666666666,145.66666666666666,145.66666666666666,147.66666666666666,147.66666666666666,147.66666666666666,146.66666666666666,145.66666666666666,144.66666666666666,143.66666666666666,147.66666666666666,151.66666666666666,151.66666666666666,148.66666666666666,146.66666666666666,146.66666666666666,147.66666666666666,146.66666666666666,146.66666666666666,145.66666666666666,141.66666666666666,137.66666666666666,135.66666666666666,144.66666666666666,142.66666666666666,140.66666666666666,139.66666666666666,138.66666666666666,139.66666666666666,140.66666666666666,141.66666666666666,140.66666666666666,140.66666666666666,140.66666666666666,140.66666666666666,140.66666666666666,140.66666666666666,140.66666666666666,140.66666666666666,142.0,142.0,142.0,142.0,141.0,140.0,139.0,138.0,140.0,140.0,141.0,141.0,141.0,142.0,142.0,142.0,141.66666666666666,141.66666666666666,140.66666666666666,140.66666666666666,140.66666666666666,140.66666666666666,141.66666666666666,142.66666666666666,141.66666666666666,141.66666666666666,141.66666666666666,141.66666666666666,140.66666666666666,139.66666666666666,138.66666666666666,138.66666666666666,141.66666666666666,141.66666666666666,140.66666666666666,139.66666666666666,137.66666666666666,137.66666666666666,138.66666666666666,140.66666666666666,140.66666666666666,141.66666666666666,142.66666666666666,143.66666666666666,144.66666666666666,145.66666666666666,145.66666666666666,144.0,144.33333333333334,140.0,139.0,139.66666666666666,137.66666666666666,132.33333333333334,133.0,137.33333333333334,153.66666666666666,156.0,154.33333333333334,150.33333333333334,137.66666666666666,109.66666666666667,91.0,94.66666666666667,114.66666666666667,141.0,149.0,140.0,139.0,140.0,137.0,137.0,139.66666666666666,141.66666666666666,143.33333333333334,143.33333333333334,141.33333333333334,140.33333333333334,140.33333333333334,141.33333333333334,142.66666666666666,141.66666666666666,140.66666666666666,141.66666666666666,143.66666666666666,144.66666666666666,143.66666666666666,142.66666666666666,143.66666666666666,144.66666666666666,144.66666666666666,144.66666666666666,143.66666666666666,143.66666666666666,145.66666666666666,147.66666666666666,143.66666666666666,143.66666666666666,144.66666666666666,144.66666666666666,144.66666666666666,143.66666666666666,141.66666666666666,140.66666666666666,146.66666666666666,146.66666666666666,147.66666666666666,147.66666666666666,147.66666666666666,147.66666666666666,146.66666666666666,146.66666666666666,146.66666666666666,146.66666666666666,146.66666666666666,146.66666666666666,145.66666666666666,144.66666666666666,143.66666666666666,142.66666666666666,143.66666666666666,144.66666666666666,146.66666666666666,147.66666666666666,147.66666666666666,146.66666666666666,145.66666666666666,144.66666666666666,149.66666666666666,150.66666666666666,148.66666666666666,144.66666666666666,139.66666666666666,135.66666666666666,140.66666666666666,139.66666666666666,138.66666666666666,138.66666666666666,139.66666666666666,142.66666666666666,145.66666666666666,147.66666666666666,139.66666666666666,139.66666666666666,140.66666666666666,141.66666666666666,141.66666666666666,142.66666666666666,142.66666666666666,143.66666666666666,144.0,144.0,144.0,143.0,142.0,141.0,140.0,139.0,140.0,140.0,140.0,141.0,141.0,142.0,142.0,142.0,141.66666666666666,141.66666666666666,140.66666666666666,139.66666666666666,139.66666666666666,139.66666666666666,140.66666666666666,140.66666666666666,139.66666666666666,140.66666666666666,141.66666666666666,143.66666666666666,143.66666666666666,142.66666666666666,141.66666666666666,140.66666666666666,138.66666666666666,140.66666666666666,141.66666666666666,138.66666666666666,134.66666666666666,133.66666666666666,137.66666666666666,140.66666666666666,140.66666666666666,141.66666666666666,142.66666666666666,143.66666666666666,144.66666666666666,145.66666666666666,145.66666666666666,145.0,146.33333333333334,140.0,139.0,139.66666666666666,137.66666666666666,131.33333333333334,133.0,137.33333333333334,154.66666666666666,156.0,153.33333333333334,148.33333333333334,135.66666666666666,108.66666666666667,90.0,94.66666666666667,116.66666666666667,143.0,151.0,141.0,141.0,142.0,139.0,139.0,139.66666666666666,141.66666666666666,143.33333333333334,143.33333333333334,141.33333333333334,140.33333333333334,140.33333333333334,141.33333333333334,142.66666666666666,141.66666666666666,140.66666666666666,141.66666666666666,143.66666666666666,144.66666666666666,143.66666666666666,142.66666666666666,143.66666666666666,144.66666666666666,144.66666666666666,144.66666666666666,143.66666666666666,143.66666666666666,145.66666666666666,147.66666666666666,142.66666666666666,143.66666666666666,144.66666666666666,144.66666666666666,143.66666666666666,142.66666666666666,140.66666666666666,139.66666666666666,147.66666666666666,147.66666666666666,148.66666666666666,148.66666666666666,148.66666666666666,147.66666666666666,147.66666666666666,146.66666666666666,148.66666666666666,147.66666666666666,146.66666666666666,145.66666666666666,144.66666666666666,143.66666666666666,143.66666666666666,142.66666666666666,144.66666666666666,143.66666666666666,142.66666666666666,144.66666666666666,145.66666666666666,146.66666666666666,144.66666666666666,142.66666666666666,154.66666666666666,155.66666666666666,153.66666666666666,149.66666666666666,142.66666666666666,139.66666666666666,138.66666666666666,138.66666666666666,138.66666666666666,139.66666666666666,139.66666666666666,140.66666666666666,140.66666666666666,140.66666666666666,141.66666666666666,143.66666666666666,144.66666666666666,142.66666666666666,138.66666666666666,136.66666666666666,137.66666666666666,139.66666666666666,145.0,144.0,144.0,143.0,141.0,140.0,140.0,139.0,140.0,141.0,142.0,144.0,144.0,144.0,144.0,144.0,142.66666666666666,140.66666666666666,138.66666666666666,140.66666666666666,144.66666666666666,146.66666666666666,144.66666666666666,142.66666666666666,140.66666666666666,141.66666666666666,142.66666666666666,141.66666666666666,139.66666666666666,138.66666666666666,138.66666666666666,139.66666666666666,140.66666666666666,141.66666666666666,142.66666666666666,140.66666666666666,138.66666666666666,138.66666666666666,139.66666666666666,141.66666666666666,143.66666666666666,143.66666666666666,143.66666666666666,142.66666666666666,142.66666666666666,141.66666666666666,141.66666666666666,141.0,139.33333333333334,139.0,143.0,145.66666666666666,142.66666666666666,136.33333333333334,136.0,138.33333333333334,154.66666666666666,157.0,156.33333333333334,151.33333333333334,137.66666666666666,108.66666666666667,90.0,93.66666666666667,118.66666666666667,145.0,152.0,140.0,139.0,141.0,141.0,144.0,143.66666666666666,141.66666666666666,140.33333333333334,140.33333333333334,142.33333333333334,142.33333333333334,141.33333333333334,139.33333333333334,139.66666666666666,139.66666666666666,138.66666666666666,139.66666666666666,140.66666666666666,141.66666666666666,142.66666666666666,143.66666666666666,145.66666666666666,145.66666666666666,145.66666666666666,145.66666666666666,145.66666666666666,145.66666666666666,145.66666666666666,145.66666666666666,144.66666666666666,145.66666666666666,146.66666666666666,145.66666666666666,142.66666666666666,140.66666666666666,140.66666666666666,140.66666666666666,142.66666666666666,142.66666666666666,142.66666666666666,143.66666666666666,144.66666666666666,145.66666666666666,147.66666666666666,148.66666666666666,144.66666666666666,145.66666666666666,145.66666666666666,146.66666666666666,146.66666666666666,146.66666666666666,145.66666666666666,145.66666666666666,146.66666666666666,145.66666666666666,145.66666666666666,144.66666666666666,144.66666666666666,143.66666666666666,143.66666666666666,142.66666666666666,157.66666666666666,159.66666666666666,160.66666666666666,156.66666666666666,150.66666666666666,145.66666666666666,138.66666666666666,138.66666666666666,139.66666666666666,139.66666666666666,140.66666666666666,140.66666666666666,140.66666666666666,140.66666666666666,141.66666666666666,142.66666666666666,143.66666666666666,142.66666666666666,138.66666666666666,137.66666666666666,138.66666666666666,139.66666666666666,145.0,144.0,144.0,143.0,142.0,141.0,140.0,140.0,142.0,143.0,143.0,143.0,143.0,143.0,142.0,141.0,140.66666666666666,139.66666666666666,138.66666666666666,139.66666666666666,141.66666666666666,141.66666666666666,141.66666666666666,140.66666666666666,140.66666666666666,141.66666666666666,142.66666666666666,141.66666666666666,140.66666666666666,139.66666666666666,140.66666666666666,141.66666666666666,137.66666666666666,138.66666666666666,140.66666666666666,140.66666666666666,139.66666666666666,140.66666666666666,143.66666666666666,145.66666666666666,143.66666666666666,143.66666666666666,142.66666666666666,142.66666666666666,142.66666666666666,141.66666666666666,141.66666666666666,141.0,137.33333333333334,138.0,142.0,145.66666666666666,143.66666666666666,138.33333333333334,139.0,142.33333333333334,158.66666666666666,160.0,157.33333333333334,152.33333333333334,139.66666666666666,108.66666666666667,87.0,88.66666666666667,116.66666666666667,144.0,152.0,141.0,138.0,140.0,140.0,144.0,141.66666666666666,140.66666666666666,139.33333333333334,139.33333333333334,141.33333333333334,141.33333333333334,140.33333333333334,139.33333333333334,136.66666666666666,137.66666666666666,139.66666666666666,140.66666666666666,142.66666666666666,144.66666666666666,145.66666666666666,146.66666666666666,144.66666666666666,144.66666666666666,144.66666666666666,144.66666666666666,144.66666666666666,144.66666666666666,144.66666666666666,144.66666666666666,143.66666666666666,145.66666666666666,146.66666666666666,145.66666666666666,143.66666666666666,141.66666666666666,141.66666666666666,142.66666666666666,142.66666666666666,142.66666666666666,142.66666666666666,142.66666666666666,143.66666666666666,144.66666666666666,146.66666666666666,147.66666666666666,145.66666666666666,145.66666666666666,146.66666666666666,146.66666666666666,145.66666666666666,144.66666666666666,143.66666666666666,143.66666666666666,143.66666666666666,144.66666666666666,144.66666666666666,143.66666666666666,142.66666666666666,141.66666666666666,142.66666666666666,144.66666666666666,157.66666666666666,159.66666666666666,161.66666666666666,158.66666666666666,152.66666666666666,148.66666666666666,139.66666666666666,139.66666666666666,139.66666666666666,139.66666666666666,140.66666666666666,140.66666666666666,140.66666666666666,140.66666666666666,141.66666666666666,142.66666666666666,142.66666666666666,141.66666666666666,139.66666666666666,138.66666666666666,138.66666666666666,139.66666666666666,144.0,144.0,143.0,143.0,142.0,141.0,141.0,141.0,143.0,143.0,144.0,143.0,142.0,141.0,140.0,139.0,140.66666666666666,141.66666666666666,141.66666666666666,141.66666666666666,139.66666666666666,138.66666666666666,139.66666666666666,140.66666666666666,140.66666666666666,141.66666666666666,142.66666666666666,142.66666666666666,141.66666666666666,140.66666666666666,142.66666666666666,143.66666666666666,137.66666666666666,139.66666666666666,140.66666666666666,140.66666666666666,139.66666666666666,140.66666666666666,143.66666666666666,145.66666666666666,143.66666666666666,142.66666666666666,142.66666666666666,142.66666666666666,141.66666666666666,141.66666666666666,141.66666666666666,141.0,136.33333333333334,137.0,142.0,145.66666666666666,144.66666666666666,140.33333333333334,142.0,146.33333333333334,159.66666666666666,159.0,155.33333333333334,152.33333333333334,142.66666666666666,113.66666666666667,90.0,88.66666666666667,112.66666666666667,143.0,153.0,142.0,138.0,138.0,139.0,144.0,140.66666666666666,139.66666666666666,138.33333333333334,138.33333333333334,140.33333333333334,141.33333333333334,140.33333333333334,138.33333333333334,138.66666666666666,139.66666666666666,141.66666666666666,143.66666666666666,144.66666666666666,145.66666666666666,144.66666666666666,144.66666666666666,143.66666666666666,143.66666666666666,143.66666666666666,143.66666666666666,143.66666666666666,143.66666666666666,143.66666666666666,143.66666666666666,142.66666666666666,143.66666666666666,145.66666666666666,145.66666666666666,143.66666666666666,142.66666666666666,143.66666666666666,144.66666666666666,141.66666666666666,141.66666666666666,141.66666666666666,141.66666666666666,142.66666666666666,143.66666666666666,144.66666666666666,145.66666666666666,145.66666666666666,145.66666666666666,145.66666666666666,145.66666666666666,145.66666666666666,144.66666666666666,143.66666666666666,142.66666666666666,141.66666666666666,143.66666666666666,143.66666666666666,142.66666666666666,139.66666666666666,139.66666666666666,143.66666666666666,146.66666666666666,155.66666666666666,159.66666666666666,162.66666666666666,161.66666666666666,156.66666666666666,152.66666666666666,139.66666666666666,139.66666666666666,139.66666666666666,140.66666666666666,140.66666666666666,140.66666666666666,140.66666666666666,140.66666666666666,140.66666666666666,141.66666666666666,141.66666666666666,140.66666666666666,140.66666666666666,139.66666666666666,139.66666666666666,140.66666666666666,143.0,143.0,143.0,143.0,143.0,142.0,142.0,142.0,142.0,142.0,143.0,143.0,142.0,141.0,140.0,140.0,142.66666666666666,145.66666666666666,146.66666666666666,144.66666666666666,140.66666666666666,138.66666666666666,140.66666666666666,142.66666666666666,139.66666666666666,141.66666666666666,143.66666666666666,143.66666666666666,142.66666666666666,142.66666666666666,143.66666666666666,145.66666666666666,141.66666666666666,142.66666666666666,142.66666666666666,141.66666666666666,139.66666666666666,139.66666666666666,140.66666666666666,142.66666666666666,142.66666666666666,142.66666666666666,142.66666666666666,141.66666666666666,141.66666666666666,141.66666666666666,140.66666666666666,140.0,137.33333333333334,138.0,142.0,145.66666666666666,144.66666666666666,141.33333333333334,143.0,147.33333333333334,154.66666666666666,154.0,151.33333333333334,152.33333333333334,147.66666666666666,121.66666666666667,98.0,95.66666666666667,111.66666666666667,143.0,154.0,143.0,138.0,137.0,138.0,144.0,141.66666666666666,139.66666666666666,138.33333333333334,139.33333333333334,141.33333333333334,142.33333333333334,141.33333333333334,140.33333333333334,141.66666666666666,142.66666666666666,144.66666666666666,145.66666666666666,144.66666666666666,142.66666666666666,139.66666666666666,137.66666666666666,142.66666666666666,142.66666666666666,142.66666666666666,142.66666666666666,142.66666666666666,142.66666666666666,142.66666666666666,142.66666666666666,140.66666666666666,143.66666666666666,145.66666666666666,145.66666666666666,144.66666666666666,143.66666666666666,144.66666666666666,145.66666666666666,141.66666666666666,141.66666666666666,140.66666666666666,140.66666666666666,140.66666666666666,141.66666666666666,142.66666666666666,142.66666666666666,142.66666666666666,143.66666666666666,144.66666666666666,144.66666666666666,144.66666666666666,144.66666666666666,143.66666666666666,143.66666666666666,140.66666666666666,142.66666666666666,144.66666666666666,142.66666666666666,139.66666666666666,139.66666666666666,144.66666666666666,148.66666666666666,150.66666666666666,155.66666666666666,160.66666666666666,161.66666666666666,158.66666666666666,154.66666666666666,139.66666666666666,139.66666666666666,139.66666666666666,139.66666666666666,139.66666666666666,139.66666666666666,138.66666666666666,138.66666666666666,140.66666666666666,139.66666666666666,139.66666666666666,140.66666666666666,140.66666666666666,141.66666666666666,141.66666666666666,140.66666666666666,143.0,143.0,143.0,143.0,143.0,144.0,144.0,144.0,140.0,141.0,142.0,143.0,143.0,143.0,143.0,142.0,143.66666666666666,145.66666666666666,147.66666666666666,144.66666666666666,140.66666666666666,138.66666666666666,139.66666666666666,142.66666666666666,139.66666666666666,141.66666666666666,143.66666666666666,143.66666666666666,142.66666666666666,142.66666666666666,143.66666666666666,145.66666666666666,142.66666666666666,143.66666666666666,143.66666666666666,141.66666666666666,139.66666666666666,139.66666666666666,141.66666666666666,142.66666666666666,142.66666666666666,142.66666666666666,141.66666666666666,141.66666666666666,141.66666666666666,140.66666666666666,140.66666666666666,140.0,139.33333333333334,139.0,142.0,145.66666666666666,143.66666666666666,140.33333333333334,142.0,147.33333333333334,152.66666666666666,152.0,150.33333333333334,151.33333333333334,148.66666666666666,124.66666666666667,102.0,100.66666666666667,114.66666666666667,144.0,154.0,142.0,138.0,138.0,138.0,143.0,142.66666666666666,140.66666666666666,140.33333333333334,141.33333333333334,143.33333333333334,144.33333333333334,143.33333333333334,142.33333333333334,141.66666666666666,142.66666666666666,143.66666666666666,143.66666666666666,142.66666666666666,140.66666666666666,137.66666666666666,135.66666666666666,142.66666666666666,142.66666666666666,142.66666666666666,142.66666666666666,142.66666666666666,142.66666666666666,142.66666666666666,142.66666666666666,140.66666666666666,143.66666666666666,145.66666666666666,145.66666666666666,145.66666666666666,144.66666666666666,145.66666666666666,146.66666666666666,142.66666666666666,141.66666666666666,141.66666666666666,140.66666666666666,140.66666666666666,140.66666666666666,141.66666666666666,141.66666666666666,139.66666666666666,140.66666666666666,141.66666666666666,143.66666666666666,144.66666666666666,145.66666666666666,145.66666666666666,145.66666666666666,140.66666666666666,142.66666666666666,143.66666666666666,142.66666666666666,140.66666666666666,140.66666666666666,144.66666666666666,147.66666666666666,142.66666666666666,148.66666666666666,155.66666666666666,158.66666666666666,157.66666666666666,154.66666666666666,138.66666666666666,138.66666666666666,138.66666666666666,137.66666666666666,137.66666666666666,137.66666666666666,137.66666666666666,136.66666666666666,139.66666666666666,138.66666666666666,138.66666666666666,139.66666666666666,141.66666666666666,142.66666666666666,142.66666666666666,141.66666666666666,142.0,142.0,143.0,143.0,144.0,145.0,145.0,145.0,140.0,141.0,142.0,144.0,144.0,145.0,145.0,144.0,141.66666666666666,142.66666666666666,142.66666666666666,141.66666666666666,139.66666666666666,137.66666666666666,138.66666666666666,138.66666666666666,140.66666666666666,141.66666666666666,142.66666666666666,142.66666666666666,141.66666666666666,140.66666666666666,142.66666666666666,143.66666666666666,138.66666666666666,140.66666666666666,141.66666666666666,141.66666666666666,141.66666666666666,142.66666666666666,144.66666666666666,147.66666666666666,141.66666666666666,141.66666666666666,141.66666666666666,141.66666666666666,140.66666666666666,140.66666666666666,140.66666666666666,139.0,139.33333333333334,139.0,141.0,143.66666666666666,142.66666666666666,139.33333333333334,142.0,147.33333333333334,153.66666666666666,154.0,150.33333333333334,149.33333333333334,142.66666666666666,117.66666666666667,97.0,97.66666666666667,121.66666666666667,147.0,153.0,141.0,138.0,139.0,139.0,142.0,142.66666666666666,141.66666666666666,140.33333333333334,142.33333333333334,144.33333333333334,145.33333333333334,145.33333333333334,144.33333333333334,137.66666666666666,138.66666666666666,140.66666666666666,141.66666666666666,142.66666666666666,141.66666666666666,140.66666666666666,140.66666666666666,142.66666666666666,142.66666666666666,142.66666666666666,142.66666666666666,142.66666666666666,142.66666666666666,142.66666666666666,142.66666666666666,141.66666666666666,143.66666666666666,145.66666666666666,146.66666666666666,145.66666666666666,144.66666666666666,145.66666666666666,146.66666666666666,143.66666666666666,143.66666666666666,142.66666666666666,140.66666666666666,140.66666666666666,140.66666666666666,140.66666666666666,140.66666666666666,138.66666666666666,139.66666666666666,141.66666666666666,142.66666666666666,143.66666666666666,144.66666666666666,144.66666666666666,144.66666666666666,140.66666666666666,140.66666666666666,140.66666666666666,141.66666666666666,141.66666666666666,142.66666666666666,141.66666666666666,141.66666666666666,134.66666666666666,141.66666666666666,151.66666666666666,156.66666666666666,156.66666666666666,154.66666666666666,137.66666666666666,137.66666666666666,136.66666666666666,136.66666666666666,136.66666666666666,135.66666666666666,135.66666666666666,135.66666666666666,139.66666666666666,138.66666666666666,137.66666666666666,138.66666666666666,142.66666666666666,143.66666666666666,142.66666666666666,141.66666666666666,141.0,142.0,142.0,143.0,144.0,145.0,146.0,146.0,143.0,144.0,144.0,145.0,145.0,145.0,144.0,144.0,142.66666666666666,141.66666666666666,140.66666666666666,140.66666666666666,140.66666666666666,140.66666666666666,139.66666666666666,137.66666666666666,140.66666666666666,141.66666666666666,142.66666666666666,141.66666666666666,140.66666666666666,139.66666666666666,140.66666666666666,141.66666666666666,139.66666666666666,140.66666666666666,141.66666666666666,141.66666666666666,141.66666666666666,142.66666666666666,144.66666666666666,147.66666666666666,141.66666666666666,141.66666666666666,141.66666666666666,140.66666666666666,140.66666666666666,140.66666666666666,139.66666666666666,139.0,136.33333333333334,136.0,139.0,141.66666666666666,141.66666666666666,139.33333333333334,144.0,149.33333333333334,152.66666666666666,154.0,149.33333333333334,145.33333333333334,134.66666666666666,107.66666666666667,90.0,93.66666666666667,129.66666666666666,150.0,152.0,139.0,139.0,142.0,140.0,140.0,141.66666666666666,140.66666666666666,139.33333333333334,141.33333333333334,143.33333333333334,145.33333333333334,144.33333333333334,143.33333333333334,138.66666666666666,139.66666666666666,139.66666666666666,140.66666666666666,141.66666666666666,142.66666666666666,143.66666666666666,143.66666666666666,143.66666666666666,143.66666666666666,143.66666666666666,143.66666666666666,143.66666666666666,143.66666666666666,143.66666666666666,143.66666666666666,142.66666666666666,144.66666666666666,146.66666666666666,146.66666666666666,145.66666666666666,144.66666666666666,145.66666666666666,146.66666666666666,145.66666666666666,144.66666666666666,143.66666666666666,141.66666666666666,140.66666666666666,140.66666666666666,140.66666666666666,140.66666666666666,141.66666666666666,141.66666666666666,142.66666666666666,142.66666666666666,142.66666666666666,141.66666666666666,141.66666666666666,140.66666666666666,139.66666666666666,137.66666666666666,136.66666666666666,139.66666666666666,142.66666666666666,142.66666666666666,137.66666666666666,133.66666666666666,128.66666666666666,137.66666666666666,148.66666666666666,154.66666666666666,155.66666666666666,154.66666666666666,136.66666666666666,136.66666666666666,136.66666666666666,135.66666666666666,134.66666666666666,134.66666666666666,134.66666666666666,133.66666666666666,139.66666666666666,137.66666666666666,136.66666666666666,138.66666666666666,142.66666666666666,144.66666666666666,143.66666666666666,141.66666666666666,141.0,142.0,142.0,143.0,145.0,146.0,146.0,147.0,146.0,146.0,147.0,146.0,146.0,144.0,143.0,143.0,145.66666666666666,142.66666666666666,140.66666666666666,141.66666666666666,143.66666666666666,144.66666666666666,142.66666666666666,139.66666666666666,140.66666666666666,141.66666666666666,142.66666666666666,141.66666666666666,139.66666666666666,138.66666666666666,138.66666666666666,139.66666666666666,143.66666666666666,143.66666666666666,144.66666666666666,142.66666666666666,140.66666666666666,140.66666666666666,141.66666666666666,143.66666666666666,141.66666666666666,141.66666666666666,141.66666666666666,140.66666666666666,140.66666666666666,139.66666666666666,139.66666666666666,139.0,133.33333333333334,133.33333333333334,137.0,141.0,141.33333333333334,140.0,144.66666666666666,151.66666666666666,149.33333333333334,152.0,147.66666666666666,141.66666666666666,129.66666666666666,103.33333333333333,87.0,92.33333333333333,134.66666666666666,152.0,151.0,138.0,139.0,143.0,140.0,139.0,141.0,139.66666666666666,138.66666666666666,140.66666666666666,142.66666666666666,144.66666666666666,143.66666666666666,142.66666666666666,144.66666666666666,143.66666666666666,142.66666666666666,141.66666666666666,141.66666666666666,141.66666666666666,142.66666666666666,142.66666666666666,143.66666666666666,143.66666666666666,143.66666666666666,143.66666666666666,143.66666666666666,143.66666666666666,143.66666666666666,143.66666666666666,143.66666666666666,145.66666666666666,148.0,147.66666666666666,146.0,144.66666666666666,145.0,145.66666666666666,147.0,145.66666666666666,144.0,142.66666666666666,142.0,140.66666666666666,141.0,140.66666666666666,144.66666666666666,143.66666666666666,143.66666666666666,142.66666666666666,141.66666666666666,139.66666666666666,138.66666666666666,137.66666666666666,138.66666666666666,135.66666666666666,133.66666666666666,136.66666666666666,142.66666666666666,141.66666666666666,134.66666666666666,126.66666666666667,126.66666666666667,135.66666666666666,147.66666666666666,154.66666666666666,156.66666666666666,155.66666666666666,134.66666666666666,134.66666666666666,134.66666666666666,134.66666666666666,134.66666666666666,134.66666666666666,134.66666666666666,134.66666666666666,136.66666666666666,136.66666666666666,137.66666666666666,138.66666666666666,139.66666666666666,141.66666666666666,143.66666666666666,144.66666666666666,141.66666666666666,142.66666666666666,144.66666666666666,145.66666666666666,146.66666666666666,146.66666666666666,145.66666666666666,145.66666666666666,142.66666666666666,142.66666666666666,142.66666666666666,142.66666666666666,142.66666666666666,142.66666666666666,142.66666666666666,142.66666666666666,146.66666666666666,145.66666666666666,144.66666666666666,143.66666666666666,141.66666666666666,140.66666666666666,139.66666666666666,139.66666666666666,137.66666666666666,138.66666666666666,138.66666666666666,138.66666666666666,137.66666666666666,137.66666666666666,136.66666666666666,135.66666666666666,140.33333333333334,141.33333333333334,142.33333333333334,143.33333333333334,143.33333333333334,143.33333333333334,142.66666666666666,142.66666666666666,140.66666666666666,141.66666666666666,141.0,139.0,138.0,138.0,141.0,143.0,137.33333333333334,136.0,137.33333333333334,140.33333333333334,140.66666666666666,139.0,141.0,146.33333333333334,158.33333333333334,152.33333333333334,137.33333333333334,125.33333333333333,111.0,88.33333333333333,85.0,103.66666666666667,144.66666666666666,145.66666666666666,146.66666666666666,142.66666666666666,138.66666666666666,137.66666666666666,140.66666666666666,143.66666666666666,139.66666666666666,139.33333333333334,139.33333333333334,140.33333333333334,140.33333333333334,141.33333333333334,141.33333333333334,142.33333333333334,143.0,142.0,142.0,142.0,141.0,140.0,140.0,140.0,140.0,140.0,140.0,141.0,141.0,142.0,142.0,142.0,143.0,143.0,143.0,144.0,145.0,146.0,148.0,148.0,139.0,141.0,143.0,145.0,146.0,145.0,143.0,142.0,142.0,141.0,141.0,141.0,142.0,142.0,140.0,138.0,136.0,135.0,135.0,135.0,136.0,136.0,134.0,132.0,130.66666666666666,135.0,141.0,147.0,150.0,151.0,130.66666666666666,131.66666666666666,131.66666666666666,132.66666666666666,133.66666666666666,134.66666666666666,135.66666666666666,135.66666666666666,136.66666666666666,136.66666666666666,135.66666666666666,135.66666666666666,136.66666666666666,137.66666666666666,138.66666666666666,139.66666666666666,140.66666666666666,141.66666666666666,143.66666666666666,144.66666666666666,145.66666666666666,145.66666666666666,144.66666666666666,144.66666666666666,143.66666666666666,143.66666666666666,143.66666666666666,142.66666666666666,142.66666666666666,142.66666666666666,142.66666666666666,142.66666666666666,145.66666666666666,144.66666666666666,144.66666666666666,143.66666666666666,142.66666666666666,140.66666666666666,139.66666666666666,138.66666666666666,137.66666666666666,137.66666666666666,138.66666666666666,139.66666666666666,138.66666666666666,137.66666666666666,136.66666666666666,134.66666666666666,139.33333333333334,139.33333333333334,140.33333333333334,141.33333333333334,141.33333333333334,141.33333333333334,140.66666666666666,140.66666666666666,139.66666666666666,139.66666666666666,139.0,137.0,136.0,136.0,138.0,140.0,137.33333333333334,135.66666666666666,137.33333333333334,140.0,139.66666666666666,138.66666666666666,141.33333333333334,146.33333333333334,158.0,151.0,136.0,122.0,107.33333333333333,86.0,83.33333333333333,103.33333333333333,146.66666666666666,146.66666666666666,144.66666666666666,142.66666666666666,139.66666666666666,138.66666666666666,139.66666666666666,141.66666666666666,139.66666666666666,140.66666666666666,140.66666666666666,140.66666666666666,141.66666666666666,141.66666666666666,142.66666666666666,142.33333333333334,143.33333333333334,142.0,142.0,142.0,141.0,141.0,140.0,140.0,140.0,140.0,140.0,141.0,141.0,141.0,142.0,142.0,143.0,143.0,143.0,143.0,144.0,146.0,147.0,148.0,141.0,142.0,143.0,144.0,144.0,144.0,143.0,142.0,142.0,141.0,140.0,141.0,142.0,142.0,140.0,138.0,136.0,135.0,135.0,135.0,137.0,137.0,135.0,133.0,132.0,135.0,139.0,144.0,147.0,148.0,127.66666666666667,128.66666666666666,129.66666666666666,131.66666666666666,132.66666666666666,134.66666666666666,135.66666666666666,136.66666666666666,137.66666666666666,136.66666666666666,136.66666666666666,135.66666666666666,135.66666666666666,136.66666666666666,136.66666666666666,137.66666666666666,138.66666666666666,139.66666666666666,141.66666666666666,143.66666666666666,144.66666666666666,144.66666666666666,143.66666666666666,142.66666666666666,143.66666666666666,143.66666666666666,143.66666666666666,143.66666666666666,143.66666666666666,143.66666666666666,143.66666666666666,143.66666666666666,143.66666666666666,143.66666666666666,144.66666666666666,144.66666666666666,143.66666666666666,141.66666666666666,138.66666666666666,137.66666666666666,136.66666666666666,137.66666666666666,139.66666666666666,140.66666666666666,139.66666666666666,137.66666666666666,135.66666666666666,134.66666666666666,138.33333333333334,138.33333333333334,139.33333333333334,139.33333333333334,139.33333333333334,139.33333333333334,139.66666666666666,139.66666666666666,139.66666666666666,140.66666666666666,140.0,138.0,135.66666666666666,134.66666666666666,136.66666666666666,138.0,138.33333333333334,136.66666666666666,138.33333333333334,142.0,141.66666666666666,139.66666666666666,142.33333333333334,148.33333333333334,163.0,155.0,139.0,124.0,108.33333333333333,87.0,87.33333333333333,109.33333333333333,149.66666666666666,147.66666666666666,143.66666666666666,141.66666666666666,140.66666666666666,140.66666666666666,139.66666666666666,138.66666666666666,140.66666666666666,140.66666666666666,140.66666666666666,140.66666666666666,141.66666666666666,141.66666666666666,141.66666666666666,141.33333333333334,141.33333333333334,141.0,141.0,141.0,140.0,140.0,140.0,140.0,140.0,140.0,140.0,140.0,141.0,141.0,141.0,142.0,143.0,143.0,142.0,143.0,143.0,144.0,146.0,146.0,142.0,143.0,142.0,142.0,142.0,142.0,142.0,142.0,142.66666666666666,141.33333333333334,140.33333333333334,141.33333333333334,142.33333333333334,142.33333333333334,140.33333333333334,138.33333333333334,136.33333333333334,135.33333333333334,134.33333333333334,136.33333333333334,137.33333333333334,138.33333333333334,136.33333333333334,134.33333333333334,132.33333333333334,133.33333333333334,135.33333333333334,138.33333333333334,140.33333333333334,141.33333333333334,128.66666666666666,129.66666666666666,130.66666666666666,131.66666666666666,132.66666666666666,133.66666666666666,134.66666666666666,135.66666666666666,137.66666666666666,137.66666666666666,137.66666666666666,137.66666666666666,137.66666666666666,138.66666666666666,139.66666666666666,139.66666666666666,137.66666666666666,138.66666666666666,140.66666666666666,142.66666666666666,142.66666666666666,142.66666666666666,141.66666666666666,141.66666666666666,143.66666666666666,143.66666666666666,143.66666666666666,143.66666666666666,143.66666666666666,144.66666666666666,144.66666666666666,144.66666666666666,142.66666666666666,142.66666666666666,143.66666666666666,144.66666666666666,143.66666666666666,141.66666666666666,138.66666666666666,137.66666666666666,135.66666666666666,137.66666666666666,139.66666666666666,140.66666666666666,140.66666666666666,138.66666666666666,135.66666666666666,133.66666666666666,139.33333333333334,139.33333333333334,138.33333333333334,138.33333333333334,138.33333333333334,139.33333333333334,138.66666666666666,139.66666666666666,141.66666666666666,142.0,142.0,141.0,138.66666666666666,137.66666666666666,137.66666666666666,140.0,140.33333333333334,139.0,140.0,144.0,143.66666666666666,142.33333333333334,145.33333333333334,151.33333333333334,164.0,156.0,140.0,124.0,107.66666666666667,86.33333333333333,89.0,112.66666666666667,152.66666666666666,147.66666666666666,142.66666666666666,140.66666666666666,141.66666666666666,141.66666666666666,138.66666666666666,136.66666666666666,138.66666666666666,138.66666666666666,139.66666666666666,139.66666666666666,139.66666666666666,139.66666666666666,139.66666666666666,139.66666666666666,138.33333333333334,138.0,138.0,138.0,138.0,138.0,138.0,138.0,139.0,139.0,140.0,140.0,140.0,141.0,141.0,141.33333333333334,142.0,142.0,142.0,142.0,142.0,143.0,144.0,145.0,143.0,142.0,142.0,141.0,140.0,141.0,141.0,141.0,142.66666666666666,140.33333333333334,140.33333333333334,140.33333333333334,142.33333333333334,141.33333333333334,139.33333333333334,137.33333333333334,135.33333333333334,134.33333333333334,134.33333333333334,135.33333333333334,137.33333333333334,138.33333333333334,136.33333333333334,134.33333333333334,132.0,132.33333333333334,132.33333333333334,133.33333333333334,134.33333333333334,135.33333333333334,132.66666666666666,132.66666666666666,132.66666666666666,132.66666666666666,133.66666666666666,133.66666666666666,133.66666666666666,133.66666666666666,134.66666666666666,134.66666666666666,135.66666666666666,135.66666666666666,137.66666666666666,138.66666666666666,140.66666666666666,141.66666666666666,136.66666666666666,137.66666666666666,139.66666666666666,141.66666666666666,141.66666666666666,141.66666666666666,141.66666666666666,140.66666666666666,142.66666666666666,142.66666666666666,142.66666666666666,143.66666666666666,143.66666666666666,144.66666666666666,144.66666666666666,144.66666666666666,141.66666666666666,142.66666666666666,142.66666666666666,143.66666666666666,142.66666666666666,140.66666666666666,139.66666666666666,138.66666666666666,136.66666666666666,137.66666666666666,139.66666666666666,139.66666666666666,139.66666666666666,137.66666666666666,135.66666666666666,134.66666666666666,141.33333333333334,140.33333333333334,139.33333333333334,138.33333333333334,137.66666666666666,138.66666666666666,138.66666666666666,139.66666666666666,140.0,141.0,142.0,140.66666666666666,138.66666666666666,137.66666666666666,138.66666666666666,140.0,142.33333333333334,141.0,143.0,147.0,147.66666666666666,146.33333333333334,149.33333333333334,155.66666666666666,157.66666666666666,150.66666666666666,135.0,119.0,102.66666666666667,82.33333333333333,86.0,111.66666666666667,152.66666666666666,147.0,142.0,140.0,141.0,141.0,138.0,136.0,137.0,137.0,137.0,137.0,137.0,137.0,137.0,137.0,135.33333333333334,135.33333333333334,135.33333333333334,136.33333333333334,136.33333333333334,136.33333333333334,136.33333333333334,136.33333333333334,139.33333333333334,139.33333333333334,139.33333333333334,140.33333333333334,140.33333333333334,140.33333333333334,141.33333333333334,141.33333333333334,141.0,141.0,141.0,140.0,141.0,141.0,142.0,143.0,142.0,141.0,140.0,140.0,140.0,140.0,141.0,141.0,141.66666666666666,140.33333333333334,139.33333333333334,140.33333333333334,141.33333333333334,141.33333333333334,139.33333333333334,137.33333333333334,135.33333333333334,134.33333333333334,134.33333333333334,135.33333333333334,136.33333333333334,137.33333333333334,135.33333333333334,133.33333333333334,131.0,129.33333333333334,128.33333333333334,128.33333333333334,128.33333333333334,129.33333333333334,133.66666666666666,133.66666666666666,133.66666666666666,133.66666666666666,133.66666666666666,133.66666666666666,133.66666666666666,133.66666666666666,130.66666666666666,130.66666666666666,131.66666666666666,132.66666666666666,134.66666666666666,136.66666666666666,138.66666666666666,139.66666666666666,136.66666666666666,137.66666666666666,139.66666666666666,141.66666666666666,141.66666666666666,141.66666666666666,140.66666666666666,140.66666666666666,140.66666666666666,140.66666666666666,141.66666666666666,142.66666666666666,142.66666666666666,143.66666666666666,143.66666666666666,144.66666666666666,142.66666666666666,142.66666666666666,141.66666666666666,140.66666666666666,140.66666666666666,140.66666666666666,139.66666666666666,139.66666666666666,137.66666666666666,138.66666666666666,138.66666666666666,138.66666666666666,137.66666666666666,137.66666666666666,136.66666666666666,135.66666666666666,142.33333333333334,140.33333333333334,139.33333333333334,137.33333333333334,136.66666666666666,137.66666666666666,138.66666666666666,139.66666666666666,136.0,138.0,139.66666666666666,139.66666666666666,137.66666666666666,136.66666666666666,136.66666666666666,137.33333333333334,143.0,142.33333333333334,144.0,147.33333333333334,148.33333333333334,147.33333333333334,151.66666666666666,157.66666666666666,155.66666666666666,151.66666666666666,137.0,122.0,105.0,85.66666666666667,90.0,117.0,149.0,147.0,143.0,141.0,140.0,140.0,139.0,138.0,138.0,137.0,137.0,137.0,137.0,136.0,136.0,136.0,134.66666666666666,134.33333333333334,134.33333333333334,134.33333333333334,135.33333333333334,135.33333333333334,135.33333333333334,135.33333333333334,138.33333333333334,139.33333333333334,139.33333333333334,139.33333333333334,140.33333333333334,140.33333333333334,140.33333333333334,140.33333333333334,141.0,140.0,140.0,139.0,139.0,140.0,141.0,141.0,138.0,139.0,139.0,140.0,140.0,141.0,141.0,141.0,141.66666666666666,140.33333333333334,139.33333333333334,140.33333333333334,141.33333333333334,141.33333333333334,138.33333333333334,136.33333333333334,135.33333333333334,134.33333333333334,133.33333333333334,134.33333333333334,135.33333333333334,134.33333333333334,132.33333333333334,130.33333333333334,128.0,127.33333333333333,126.33333333333333,125.33333333333333,125.33333333333333,126.33333333333333,130.66666666666666,130.66666666666666,130.66666666666666,131.66666666666666,132.66666666666666,132.66666666666666,133.66666666666666,133.66666666666666,131.66666666666666,131.66666666666666,131.66666666666666,132.66666666666666,133.66666666666666,134.66666666666666,136.66666666666666,136.66666666666666,136.66666666666666,137.66666666666666,139.66666666666666,141.66666666666666,142.66666666666666,142.66666666666666,141.66666666666666,140.66666666666666,138.66666666666666,139.66666666666666,139.66666666666666,140.66666666666666,141.66666666666666,142.66666666666666,143.66666666666666,143.66666666666666,143.66666666666666,142.66666666666666,140.66666666666666,138.66666666666666,138.66666666666666,139.66666666666666,140.66666666666666,141.66666666666666,139.66666666666666,138.66666666666666,137.66666666666666,136.66666666666666,136.66666666666666,136.66666666666666,137.66666666666666,137.66666666666666,140.66666666666666,138.66666666666666,136.66666666666666,135.66666666666666,134.66666666666666,135.66666666666666,136.0,137.0,133.0,136.0,138.66666666666666,139.66666666666666,138.0,137.0,138.0,139.33333333333334,142.0,141.33333333333334,143.0,146.33333333333334,147.33333333333334,147.33333333333334,150.66666666666666,156.66666666666666,156.66666666666666,153.66666666666666,142.0,128.0,111.0,91.66666666666667,97.0,124.0,146.0,146.0,144.0,142.0,139.0,138.0,139.0,141.0,140.0,139.0,139.0,139.0,138.0,138.0,137.0,137.0,134.66666666666666,135.33333333333334,135.33333333333334,135.33333333333334,136.33333333333334,136.33333333333334,137.33333333333334,137.33333333333334,138.33333333333334,138.33333333333334,139.33333333333334,139.33333333333334,139.33333333333334,140.33333333333334,140.33333333333334,140.33333333333334,140.0,140.0,139.0,139.0,138.0,139.0,140.0,140.0,135.0,136.0,138.0,140.0,141.0,142.0,141.0,141.0,141.66666666666666,139.66666666666666,139.66666666666666,139.66666666666666,141.66666666666666,140.66666666666666,138.66666666666666,136.66666666666666,135.66666666666666,134.66666666666666,132.66666666666666,132.66666666666666,133.66666666666666,132.66666666666666,129.66666666666666,127.33333333333333,125.0,124.33333333333333,125.33333333333333,125.33333333333333,125.33333333333333,125.33333333333333,126.66666666666667,127.66666666666667,128.66666666666666,129.66666666666666,131.66666666666666,132.66666666666666,133.66666666666666,134.66666666666666,136.66666666666666,135.66666666666666,135.66666666666666,134.66666666666666,134.66666666666666,135.66666666666666,136.66666666666666,136.66666666666666,136.66666666666666,138.66666666666666,140.66666666666666,141.66666666666666,142.66666666666666,142.66666666666666,141.66666666666666,141.66666666666666,137.66666666666666,138.66666666666666,138.66666666666666,139.66666666666666,140.66666666666666,141.66666666666666,142.66666666666666,142.66666666666666,144.66666666666666,142.66666666666666,139.66666666666666,137.66666666666666,137.66666666666666,138.66666666666666,141.66666666666666,143.66666666666666,141.66666666666666,139.66666666666666,137.66666666666666,135.66666666666666,134.66666666666666,135.66666666666666,137.66666666666666,138.66666666666666,139.66666666666666,137.66666666666666,135.66666666666666,133.66666666666666,132.66666666666666,133.0,135.0,136.0,134.0,136.66666666666666,139.66666666666666,141.66666666666666,141.0,140.0,141.0,142.66666666666666,141.0,139.0,141.33333333333334,145.66666666666666,146.33333333333334,146.33333333333334,149.66666666666666,155.66666666666666,153.66666666666666,151.66666666666666,140.0,127.0,111.33333333333333,91.0,96.66666666666667,123.33333333333333,144.33333333333334,145.0,146.0,142.0,138.0,137.0,140.0,143.0,142.0,141.0,141.0,140.0,140.0,139.0,139.0,139.0,136.66666666666666,136.33333333333334,136.33333333333334,137.33333333333334,137.33333333333334,138.33333333333334,138.33333333333334,138.33333333333334,138.33333333333334,138.33333333333334,138.33333333333334,139.33333333333334,139.33333333333334,140.33333333333334,140.33333333333334,140.33333333333334,140.0,140.0,139.0,138.0,138.0,138.0,139.0,139.0,132.0,134.0,138.0,141.0,142.0,142.0,141.0,140.0,140.66666666666666,139.66666666666666,139.66666666666666,139.66666666666666,140.66666666666666,140.66666666666666,138.66666666666666,136.66666666666666,135.66666666666666,134.66666666666666,132.66666666666666,132.66666666666666,132.66666666666666,130.66666666666666,127.66666666666667,125.33333333333333,123.0,123.33333333333333,125.0,125.33333333333333,126.0,124.33333333333333,132.66666666666666,130.66666666666666,128.66666666666666,127.66666666666667,128.66666666666666,131.66666666666666,134.66666666666666,136.66666666666666,136.66666666666666,137.66666666666666,138.66666666666666,139.66666666666666,139.66666666666666,139.66666666666666,139.66666666666666,138.66666666666666,138.66666666666666,143.66666666666666,143.66666666666666,138.66666666666666,134.66666666666666,136.66666666666666,139.66666666666666,140.66666666666666,141.66666666666666,141.66666666666666,141.66666666666666,141.66666666666666,141.66666666666666,141.66666666666666,141.66666666666666,141.66666666666666,142.66666666666666,141.66666666666666,139.66666666666666,137.66666666666666,136.66666666666666,136.66666666666666,136.66666666666666,137.66666666666666,136.66666666666666,136.66666666666666,137.66666666666666,138.66666666666666,140.66666666666666,141.66666666666666,142.66666666666666,142.66666666666666,138.66666666666666,136.66666666666666,135.66666666666666,136.66666666666666,138.0,138.0,134.0,130.66666666666666,132.66666666666666,132.66666666666666,133.66666666666666,138.0,143.0,144.0,142.0,139.66666666666666,139.0,140.0,141.66666666666666,143.66666666666666,143.33333333333334,146.33333333333334,154.66666666666666,161.33333333333334,158.33333333333334,146.33333333333334,135.66666666666666,127.0,109.33333333333333,95.0,101.66666666666667,119.33333333333333,150.33333333333334,148.0,145.0,143.0,143.0,142.0,141.0,139.0,141.0,142.0,144.0,145.0,145.0,144.0,142.0,141.0,135.66666666666666,135.66666666666666,135.66666666666666,135.66666666666666,136.66666666666666,136.66666666666666,137.66666666666666,137.66666666666666,134.66666666666666,138.66666666666666,141.66666666666666,141.66666666666666,138.66666666666666,137.66666666666666,137.66666666666666,139.66666666666666,139.0,138.0,137.0,137.0,136.0,136.0,137.0,137.0,132.0,137.0,140.0,140.0,136.0,135.0,139.0,143.0,144.66666666666666,141.66666666666666,138.66666666666666,138.66666666666666,140.66666666666666,141.66666666666666,139.66666666666666,137.66666666666666,135.66666666666666,132.66666666666666,129.66666666666666,127.66666666666667,128.66666666666666,127.66666666666667,126.66666666666667,125.66666666666667,127.33333333333333,126.0,126.33333333333333,125.0,126.33333333333333,126.0,137.66666666666666,135.66666666666666,131.66666666666666,129.66666666666666,129.66666666666666,131.66666666666666,132.66666666666666,133.66666666666666,135.66666666666666,136.66666666666666,136.66666666666666,137.66666666666666,138.66666666666666,138.66666666666666,138.66666666666666,139.66666666666666,140.66666666666666,143.66666666666666,141.66666666666666,136.66666666666666,134.66666666666666,138.66666666666666,140.66666666666666,140.66666666666666,142.66666666666666,141.66666666666666,141.66666666666666,141.66666666666666,141.66666666666666,141.66666666666666,141.66666666666666,140.66666666666666,142.66666666666666,141.66666666666666,140.66666666666666,138.66666666666666,138.66666666666666,137.66666666666666,137.66666666666666,137.66666666666666,138.66666666666666,138.66666666666666,139.66666666666666,139.66666666666666,139.66666666666666,140.66666666666666,140.66666666666666,140.66666666666666,139.66666666666666,138.66666666666666,137.66666666666666,138.66666666666666,140.0,140.0,136.66666666666666,133.66666666666666,135.66666666666666,134.66666666666666,136.0,139.0,143.0,144.0,142.0,139.0,138.33333333333334,140.33333333333334,142.66666666666666,143.33333333333334,144.33333333333334,148.66666666666666,156.33333333333334,164.33333333333334,158.33333333333334,145.33333333333334,133.66666666666666,122.66666666666667,105.0,91.33333333333333,100.66666666666667,120.66666666666667,148.0,145.0,142.0,141.0,142.0,143.0,143.0,142.0,140.0,140.0,141.0,141.0,141.0,141.0,140.0,140.0,138.66666666666666,138.66666666666666,138.66666666666666,138.66666666666666,137.66666666666666,137.66666666666666,137.66666666666666,137.66666666666666,134.66666666666666,137.66666666666666,140.66666666666666,140.66666666666666,138.66666666666666,136.66666666666666,137.66666666666666,138.66666666666666,138.0,137.0,137.0,136.0,136.0,136.0,136.0,136.0,130.0,134.0,138.0,138.0,136.0,136.0,140.0,144.0,145.66666666666666,142.66666666666666,139.66666666666666,139.66666666666666,140.66666666666666,140.66666666666666,139.66666666666666,137.66666666666666,132.66666666666666,130.66666666666666,129.66666666666666,129.66666666666666,130.66666666666666,130.66666666666666,129.66666666666666,127.66666666666667,125.66666666666667,126.33333333333333,126.66666666666667,127.33333333333333,127.66666666666667,128.33333333333334,140.66666666666666,137.66666666666666,133.66666666666666,132.66666666666666,132.66666666666666,134.66666666666666,134.66666666666666,134.66666666666666,134.66666666666666,134.66666666666666,134.66666666666666,135.66666666666666,136.66666666666666,137.66666666666666,138.66666666666666,139.66666666666666,144.66666666666666,143.66666666666666,139.66666666666666,133.66666666666666,134.66666666666666,140.66666666666666,142.66666666666666,140.66666666666666,142.66666666666666,142.66666666666666,142.66666666666666,141.66666666666666,141.66666666666666,140.66666666666666,140.66666666666666,140.66666666666666,141.66666666666666,141.66666666666666,141.66666666666666,141.66666666666666,140.66666666666666,139.66666666666666,138.66666666666666,137.66666666666666,141.66666666666666,141.66666666666666,140.66666666666666,140.66666666666666,139.66666666666666,139.66666666666666,138.66666666666666,138.66666666666666,140.0,139.0,139.0,141.0,142.0,143.0,140.66666666666666,138.66666666666666,139.0,139.0,140.0,142.0,143.66666666666666,144.66666666666666,142.66666666666666,141.0,139.33333333333334,141.33333333333334,143.66666666666666,143.33333333333334,145.33333333333334,150.66666666666666,159.33333333333334,165.33333333333334,160.33333333333334,146.33333333333334,132.66666666666666,119.66666666666667,100.0,87.0,99.0,123.0,148.0,144.0,141.0,140.0,141.0,144.0,145.0,146.0,145.0,145.0,144.0,144.0,144.0,144.0,145.0,145.0,144.66666666666666,143.66666666666666,142.66666666666666,141.66666666666666,140.66666666666666,138.66666666666666,137.66666666666666,137.66666666666666,134.66666666666666,137.66666666666666,139.66666666666666,139.66666666666666,138.66666666666666,136.66666666666666,136.66666666666666,136.66666666666666,137.0,137.0,136.0,136.0,135.0,135.0,134.0,134.0,132.0,135.0,138.0,138.0,136.0,136.0,139.0,143.0,144.66666666666666,142.33333333333334,140.33333333333334,139.33333333333334,139.33333333333334,140.33333333333334,138.33333333333334,137.33333333333334,135.33333333333334,133.33333333333334,132.33333333333334,132.33333333333334,133.33333333333334,131.33333333333334,129.33333333333334,126.33333333333333,122.66666666666667,124.33333333333333,126.66666666666667,128.33333333333334,129.66666666666666,129.33333333333334,140.66666666666666,136.66666666666666,133.66666666666666,134.66666666666666,137.66666666666666,139.66666666666666,139.66666666666666,138.66666666666666,134.66666666666666,133.66666666666666,133.66666666666666,134.66666666666666,135.66666666666666,136.66666666666666,138.66666666666666,139.66666666666666,146.66666666666666,143.66666666666666,137.66666666666666,132.66666666666666,135.66666666666666,142.66666666666666,144.66666666666666,141.66666666666666,143.66666666666666,143.66666666666666,142.66666666666666,141.66666666666666,141.66666666666666,140.66666666666666,139.66666666666666,139.66666666666666,141.66666666666666,141.66666666666666,142.66666666666666,143.66666666666666,142.66666666666666,141.66666666666666,139.66666666666666,138.66666666666666,141.66666666666666,141.66666666666666,140.66666666666666,140.66666666666666,140.66666666666666,139.66666666666666,139.66666666666666,139.66666666666666,140.0,140.0,140.0,141.0,142.0,142.66666666666666,142.66666666666666,141.66666666666666,142.0,142.0,143.0,144.0,144.66666666666666,143.66666666666666,142.66666666666666,141.66666666666666,142.33333333333334,146.66666666666666,147.33333333333334,144.33333333333334,144.66666666666666,151.0,160.33333333333334,165.33333333333334,161.33333333333334,148.33333333333334,133.66666666666666,118.66666666666667,97.0,85.0,101.33333333333333,127.0,151.0,147.0,142.0,140.0,142.0,145.0,147.0,148.0,149.0,148.0,147.0,146.0,146.0,147.0,148.0,149.0,148.0,147.66666666666666,146.66666666666666,144.66666666666666,142.66666666666666,140.66666666666666,138.66666666666666,137.66666666666666,135.66666666666666,137.66666666666666,138.66666666666666,139.66666666666666,138.66666666666666,136.66666666666666,135.66666666666666,135.66666666666666,136.0,136.0,136.0,136.0,135.0,134.0,133.0,133.0,137.0,139.0,140.0,140.0,137.0,137.0,138.0,140.0,142.33333333333334,140.33333333333334,139.33333333333334,138.33333333333334,137.33333333333334,137.33333333333334,137.33333333333334,137.33333333333334,140.33333333333334,136.33333333333334,132.33333333333334,129.33333333333334,128.33333333333334,126.33333333333333,124.33333333333333,122.33333333333333,120.66666666666667,122.66666666666667,126.33333333333333,128.66666666666666,130.33333333333334,129.66666666666666,143.66666666666666,139.66666666666666,135.66666666666666,136.66666666666666,140.66666666666666,142.66666666666666,141.66666666666666,138.66666666666666,134.66666666666666,134.66666666666666,135.66666666666666,135.66666666666666,136.66666666666666,137.66666666666666,138.66666666666666,139.66666666666666,146.66666666666666,143.66666666666666,137.66666666666666,132.66666666666666,135.66666666666666,143.66666666666666,145.66666666666666,142.66666666666666,142.66666666666666,142.66666666666666,142.66666666666666,141.66666666666666,141.66666666666666,140.66666666666666,140.66666666666666,140.66666666666666,140.66666666666666,141.66666666666666,142.66666666666666,143.66666666666666,143.66666666666666,142.66666666666666,140.66666666666666,139.66666666666666,139.66666666666666,139.66666666666666,140.66666666666666,140.66666666666666,140.66666666666666,141.66666666666666,141.66666666666666,141.66666666666666,139.0,140.0,140.0,140.0,140.66666666666666,140.66666666666666,141.66666666666666,142.0,144.0,144.0,144.66666666666666,143.66666666666666,142.66666666666666,142.66666666666666,141.66666666666666,141.66666666666666,145.66666666666666,150.66666666666666,149.33333333333334,144.33333333333334,143.66666666666666,151.0,160.33333333333334,162.66666666666666,160.66666666666666,149.66666666666666,137.33333333333334,120.66666666666667,97.0,85.0,104.33333333333333,133.33333333333334,153.33333333333334,149.33333333333334,144.33333333333334,141.33333333333334,142.33333333333334,145.33333333333334,146.33333333333334,147.33333333333334,145.33333333333334,144.33333333333334,143.33333333333334,142.33333333333334,142.33333333333334,143.33333333333334,144.33333333333334,146.0,149.0,148.66666666666666,147.66666666666666,145.66666666666666,143.66666666666666,141.66666666666666,139.66666666666666,139.66666666666666,137.66666666666666,137.66666666666666,138.66666666666666,139.66666666666666,139.66666666666666,137.66666666666666,135.66666666666666,134.66666666666666,136.0,136.0,137.0,136.0,136.0,134.0,132.0,131.0,138.0,139.0,140.0,140.0,140.0,140.0,141.0,142.0,141.33333333333334,140.33333333333334,139.33333333333334,137.33333333333334,135.33333333333334,135.33333333333334,135.33333333333334,135.33333333333334,134.33333333333334,130.33333333333334,123.33333333333333,119.33333333333333,118.33333333333333,119.33333333333333,119.33333333333333,119.33333333333333,119.33333333333333,121.33333333333333,125.0,127.33333333333333,130.0,129.33333333333334,148.66666666666666,143.66666666666666,138.66666666666666,138.66666666666666,141.66666666666666,142.66666666666666,138.66666666666666,134.66666666666666,136.66666666666666,137.66666666666666,138.66666666666666,139.66666666666666,139.66666666666666,139.66666666666666,139.66666666666666,138.66666666666666,143.66666666666666,143.66666666666666,139.66666666666666,134.66666666666666,136.66666666666666,142.66666666666666,145.66666666666666,143.66666666666666,141.66666666666666,141.66666666666666,141.66666666666666,141.66666666666666,141.66666666666666,141.66666666666666,141.66666666666666,141.66666666666666,141.66666666666666,141.66666666666666,141.66666666666666,142.66666666666666,142.66666666666666,141.66666666666666,141.66666666666666,140.66666666666666,139.66666666666666,139.66666666666666,140.66666666666666,140.66666666666666,141.66666666666666,141.66666666666666,142.66666666666666,142.66666666666666,140.0,141.0,141.0,140.0,138.66666666666666,138.66666666666666,140.0,142.0,143.0,144.0,144.66666666666666,142.66666666666666,140.66666666666666,139.66666666666666,140.66666666666666,141.66666666666666,145.0,151.66666666666666,150.33333333333334,142.33333333333334,142.66666666666666,152.0,160.66666666666666,162.66666666666666,157.66666666666666,149.66666666666666,140.33333333333334,124.33333333333333,100.0,87.0,107.33333333333333,137.33333333333334,153.33333333333334,149.33333333333334,145.33333333333334,143.33333333333334,143.33333333333334,145.33333333333334,146.33333333333334,146.33333333333334,146.33333333333334,146.33333333333334,145.33333333333334,145.33333333333334,145.33333333333334,145.33333333333334,146.33333333333334,147.0,147.33333333333334,147.66666666666666,146.66666666666666,144.66666666666666,143.66666666666666,142.66666666666666,141.66666666666666,140.66666666666666,139.66666666666666,139.66666666666666,139.66666666666666,139.66666666666666,140.66666666666666,139.66666666666666,136.66666666666666,133.66666666666666,137.0,137.0,138.0,138.0,137.0,135.0,132.0,131.0,136.0,136.0,137.0,139.0,140.0,142.0,143.0,144.0,140.33333333333334,139.33333333333334,138.33333333333334,133.33333333333334,129.33333333333334,126.33333333333333,125.33333333333333,126.33333333333333,115.33333333333333,111.33333333333333,107.33333333333333,105.33333333333333,107.33333333333333,110.33333333333333,112.33333333333333,113.66666666666667,114.0,115.0,117.0,119.0,120.0,120.0,149.66666666666666,144.66666666666666,138.66666666666666,139.66666666666666,143.66666666666666,143.66666666666666,138.66666666666666,133.66666666666666,139.66666666666666,140.66666666666666,142.66666666666666,144.66666666666666,143.66666666666666,141.66666666666666,139.66666666666666,137.66666666666666,140.66666666666666,143.66666666666666,142.66666666666666,137.66666666666666,136.66666666666666,141.66666666666666,144.66666666666666,144.66666666666666,139.66666666666666,139.66666666666666,140.66666666666666,141.66666666666666,141.66666666666666,142.66666666666666,143.66666666666666,143.66666666666666,141.66666666666666,141.66666666666666,140.66666666666666,140.66666666666666,140.66666666666666,140.66666666666666,141.66666666666666,141.66666666666666,142.66666666666666,142.66666666666666,141.66666666666666,141.66666666666666,141.66666666666666,140.66666666666666,140.66666666666666,140.66666666666666,141.0,142.66666666666666,142.66666666666666,140.66666666666666,137.66666666666666,137.66666666666666,140.0,142.0,140.0,142.0,142.66666666666666,141.66666666666666,138.66666666666666,137.66666666666666,139.33333333333334,141.66666666666666,141.0,149.66666666666666,148.33333333333334,140.33333333333334,141.66666666666666,154.0,163.66666666666666,164.66666666666666,153.33333333333334,148.33333333333334,142.33333333333334,127.33333333333333,103.0,89.0,108.33333333333333,138.33333333333334,148.33333333333334,145.33333333333334,143.33333333333334,142.33333333333334,144.33333333333334,145.33333333333334,145.33333333333334,145.33333333333334,147.33333333333334,147.33333333333334,148.33333333333334,148.33333333333334,148.33333333333334,148.33333333333334,147.33333333333334,148.0,143.33333333333334,143.66666666666666,143.66666666666666,143.66666666666666,143.66666666666666,142.66666666666666,142.66666666666666,142.66666666666666,142.66666666666666,140.66666666666666,139.66666666666666,140.66666666666666,142.66666666666666,141.66666666666666,137.66666666666666,134.66666666666666,138.0,138.0,139.0,139.0,138.0,135.0,133.0,131.0,138.0,137.0,137.0,137.0,138.0,139.0,138.0,137.0,135.33333333333334,134.33333333333334,130.33333333333334,123.33333333333333,114.33333333333333,108.33333333333333,106.33333333333333,106.33333333333333,94.33333333333333,93.33333333333333,92.33333333333333,94.33333333333333,97.33333333333333,99.33333333333333,99.33333333333333,99.66666666666667,99.0,100.0,100.66666666666667,101.0,101.66666666666667,102.0,146.0,141.0,136.0,138.0,144.0,146.0,142.0,136.0,140.0,142.0,145.0,147.0,146.0,143.0,139.0,136.0,137.66666666666666,143.66666666666666,144.66666666666666,139.66666666666666,137.66666666666666,140.66666666666666,144.66666666666666,145.66666666666666,138.66666666666666,138.66666666666666,139.66666666666666,140.66666666666666,142.66666666666666,143.66666666666666,144.66666666666666,144.66666666666666,141.66666666666666,140.66666666666666,139.66666666666666,138.66666666666666,138.66666666666666,139.66666666666666,141.66666666666666,142.66666666666666,144.66666666666666,144.66666666666666,143.66666666666666,142.66666666666666,140.66666666666666,139.66666666666666,138.66666666666666,138.0,142.66666666666666,143.66666666666666,145.0,141.66666666666666,139.0,137.66666666666666,140.33333333333334,143.0,139.33333333333334,140.66666666666666,142.33333333333334,139.66666666666666,138.33333333333334,136.66666666666666,138.66666666666666,142.33333333333334,138.33333333333334,146.33333333333334,147.33333333333334,139.33333333333334,141.0,154.66666666666666,166.66666666666666,167.66666666666666,149.33333333333334,145.66666666666666,142.33333333333334,129.33333333333334,104.0,89.0,108.0,138.0,143.33333333333334,141.33333333333334,140.33333333333334,141.33333333333334,143.33333333333334,145.33333333333334,145.33333333333334,145.33333333333334,142.33333333333334,143.33333333333334,144.33333333333334,145.33333333333334,145.33333333333334,144.33333333333334,143.33333333333334,142.33333333333334,141.33333333333334,141.0,141.0,142.0,142.0,142.0,143.66666666666666,143.66666666666666,143.66666666666666,141.66666666666666,140.66666666666666,141.66666666666666,143.66666666666666,142.66666666666666,138.66666666666666,134.66666666666666,138.0,139.0,140.0,140.0,139.0,136.0,133.0,131.0,144.0,142.0,139.0,137.0,135.0,133.0,130.0,128.0,128.66666666666666,127.33333333333333,122.33333333333333,112.33333333333333,101.33333333333333,92.33333333333333,88.33333333333333,88.66666666666667,82.66666666666667,83.66666666666667,85.66666666666667,88.66666666666667,90.66666666666667,90.66666666666667,87.66666666666667,85.33333333333333,85.66666666666667,85.66666666666667,84.66666666666667,84.66666666666667,84.66666666666667,85.66666666666667,141.33333333333334,142.0,144.33333333333334,145.0,144.33333333333334,142.0,140.33333333333334,138.0,142.33333333333334,147.0,147.33333333333334,142.0,138.33333333333334,139.0,140.33333333333334,140.66666666666666,141.33333333333334,141.0,142.33333333333334,143.0,143.33333333333334,144.0,145.0,145.0,143.0,147.0,147.0,144.0,143.0,145.0,144.0,140.0,137.0,137.0,137.0,137.0,137.0,137.0,137.0,136.0,140.0,140.0,140.0,141.0,141.0,142.0,142.0,142.0,142.0,144.0,144.0,143.0,140.33333333333334,139.33333333333334,140.33333333333334,141.33333333333334,144.33333333333334,143.33333333333334,142.33333333333334,140.66666666666666,139.66666666666666,138.66666666666666,138.66666666666666,138.66666666666666,138.33333333333334,138.33333333333334,135.66666666666666,132.33333333333334,137.66666666666666,152.33333333333334,166.33333333333334,173.33333333333334,151.33333333333334,145.66666666666666,135.33333333333334,115.0,93.33333333333333,87.33333333333333,108.66666666666667,135.66666666666666,143.33333333333334,142.33333333333334,141.33333333333334,140.33333333333334,139.33333333333334,141.33333333333334,144.33333333333334,146.33333333333334,146.33333333333334,148.33333333333334,148.33333333333334,143.33333333333334,142.33333333333334,144.33333333333334,143.33333333333334,140.33333333333334,144.33333333333334,145.0,144.0,144.0,143.0,142.0,141.33333333333334,141.33333333333334,142.33333333333334,142.33333333333334,142.33333333333334,142.33333333333334,144.0,145.0,146.0,146.66666666666666,140.66666666666666,144.66666666666666,143.66666666666666,135.66666666666666,128.66666666666666,128.66666666666666,131.66666666666666,132.66666666666666,136.66666666666666,135.66666666666666,131.66666666666666,127.66666666666667,122.66666666666667,117.66666666666667,114.66666666666667,113.0,112.33333333333333,110.66666666666667,108.66666666666667,104.33333333333333,99.33333333333333,94.33333333333333,91.0,89.33333333333333,93.33333333333333,90.33333333333333,86.0,85.0,85.66666666666667,86.66666666666667,85.66666666666667,84.66666666666667,85.33333333333333,85.33333333333333,85.33333333333333,85.33333333333333,85.33333333333333,85.33333333333333,140.33333333333334,142.33333333333334,143.33333333333334,144.33333333333334,144.33333333333334,143.33333333333334,141.33333333333334,139.33333333333334,149.33333333333334,152.33333333333334,151.33333333333334,144.33333333333334,141.33333333333334,143.33333333333334,146.33333333333334,146.33333333333334,144.0,144.33333333333334,144.33333333333334,145.33333333333334,146.33333333333334,146.33333333333334,147.0,147.0,142.0,146.0,146.0,143.0,143.0,145.0,144.0,141.0,141.0,141.0,141.0,141.0,140.0,140.0,140.0,140.0,141.0,142.0,142.0,142.0,143.0,143.0,143.0,143.0,142.0,143.0,144.0,143.0,140.33333333333334,139.33333333333334,140.33333333333334,141.33333333333334,144.33333333333334,143.33333333333334,141.66666666666666,140.66666666666666,139.66666666666666,138.66666666666666,138.66666666666666,139.66666666666666,139.66666666666666,139.66666666666666,136.33333333333334,132.66666666666666,138.66666666666666,152.33333333333334,166.33333333333334,172.33333333333334,150.33333333333334,139.0,123.33333333333333,104.66666666666667,89.33333333333333,87.0,110.0,134.66666666666666,143.33333333333334,142.33333333333334,141.33333333333334,140.33333333333334,139.33333333333334,141.33333333333334,144.33333333333334,146.33333333333334,144.33333333333334,146.33333333333334,145.33333333333334,141.33333333333334,140.33333333333334,142.33333333333334,141.33333333333334,137.33333333333334,138.33333333333334,140.33333333333334,142.33333333333334,144.33333333333334,145.0,144.0,143.0,141.0,138.33333333333334,138.33333333333334,138.33333333333334,138.33333333333334,139.0,140.0,141.0,141.66666666666666,141.66666666666666,145.66666666666666,143.66666666666666,135.66666666666666,129.66666666666666,130.66666666666666,134.66666666666666,136.66666666666666,141.66666666666666,138.66666666666666,134.66666666666666,129.66666666666666,123.66666666666667,117.66666666666667,113.66666666666667,110.66666666666667,108.33333333333333,105.33333333333333,100.66666666666667,94.66666666666667,91.33333333333333,90.33333333333333,91.33333333333333,92.33333333333333,92.66666666666667,90.66666666666667,87.66666666666667,86.66666666666667,88.33333333333333,88.33333333333333,88.33333333333333,87.33333333333333,89.33333333333333,89.33333333333333,89.33333333333333,89.33333333333333,89.33333333333333,89.33333333333333,140.33333333333334,141.33333333333334,142.33333333333334,144.33333333333334,144.33333333333334,143.33333333333334,142.33333333333334,141.33333333333334,153.33333333333334,154.33333333333334,151.33333333333334,144.33333333333334,141.33333333333334,145.33333333333334,148.33333333333334,149.33333333333334,146.0,146.33333333333334,146.33333333333334,146.33333333333334,147.33333333333334,147.33333333333334,147.0,147.0,141.0,144.0,144.0,142.0,142.0,145.0,145.0,142.0,145.0,145.0,145.0,144.0,144.0,143.0,143.0,142.0,142.0,143.0,143.0,143.0,144.0,144.0,144.0,145.0,141.0,143.0,143.0,143.0,140.33333333333334,139.33333333333334,140.33333333333334,141.33333333333334,144.33333333333334,143.33333333333334,141.66666666666666,140.66666666666666,139.66666666666666,139.66666666666666,139.66666666666666,139.66666666666666,141.66666666666666,140.66666666666666,137.33333333333334,133.66666666666666,139.66666666666666,153.33333333333334,165.33333333333334,169.33333333333334,151.33333333333334,134.0,115.33333333333333,99.66666666666667,88.33333333333333,89.0,112.0,137.66666666666666,143.33333333333334,142.33333333333334,140.33333333333334,139.33333333333334,139.33333333333334,141.33333333333334,143.33333333333334,145.33333333333334,141.33333333333334,144.33333333333334,143.33333333333334,139.33333333333334,137.33333333333334,139.33333333333334,138.33333333333334,135.33333333333334,134.33333333333334,136.33333333333334,140.33333333333334,144.33333333333334,146.0,145.0,143.0,142.0,142.33333333333334,142.33333333333334,141.33333333333334,141.33333333333334,142.0,143.0,144.0,143.66666666666666,142.66666666666666,144.66666666666666,142.66666666666666,134.66666666666666,129.66666666666666,133.66666666666666,138.66666666666666,141.66666666666666,145.66666666666666,144.66666666666666,141.66666666666666,137.66666666666666,132.66666666666666,127.66666666666667,124.66666666666667,121.66666666666667,115.33333333333333,109.33333333333333,99.66666666666667,91.66666666666667,86.33333333333333,86.33333333333333,90.33333333333333,92.33333333333333,91.66666666666667,89.66666666666667,87.66666666666667,87.66666666666667,90.33333333333333,91.33333333333333,90.33333333333333,89.33333333333333,92.33333333333333,92.33333333333333,92.33333333333333,92.33333333333333,92.33333333333333,92.33333333333333,139.33333333333334,140.33333333333334,142.33333333333334,143.33333333333334,143.33333333333334,143.33333333333334,143.33333333333334,142.33333333333334,147.33333333333334,149.33333333333334,146.33333333333334,140.33333333333334,139.33333333333334,142.33333333333334,143.33333333333334,142.33333333333334,144.0,144.33333333333334,144.33333333333334,144.33333333333334,144.33333333333334,144.33333333333334,144.0,144.0,140.0,143.0,143.0,140.0,141.0,145.0,145.0,143.0,146.0,146.0,145.0,144.0,143.0,142.0,142.0,141.0,141.0,142.0,142.0,142.0,143.0,143.0,143.0,143.0,140.0,142.0,143.0,142.0,139.33333333333334,139.33333333333334,140.33333333333334,141.33333333333334,143.33333333333334,142.33333333333334,140.66666666666666,139.66666666666666,139.66666666666666,139.66666666666666,139.66666666666666,139.66666666666666,142.66666666666666,141.66666666666666,138.33333333333334,135.66666666666666,141.66666666666666,155.33333333333334,164.33333333333334,167.33333333333334,152.33333333333334,136.0,119.33333333333333,105.66666666666667,92.33333333333333,90.0,114.0,142.66666666666666,143.33333333333334,141.33333333333334,139.33333333333334,138.33333333333334,139.33333333333334,142.33333333333334,143.33333333333334,144.33333333333334,140.33333333333334,143.33333333333334,142.33333333333334,138.33333333333334,136.33333333333334,138.33333333333334,137.33333333333334,134.33333333333334,135.33333333333334,137.33333333333334,138.33333333333334,140.33333333333334,142.0,143.0,143.0,142.0,145.33333333333334,144.33333333333334,144.33333333333334,143.33333333333334,144.0,144.0,145.0,144.66666666666666,140.66666666666666,142.66666666666666,138.66666666666666,131.66666666666666,129.66666666666666,134.66666666666666,141.66666666666666,143.66666666666666,144.66666666666666,145.66666666666666,145.66666666666666,145.66666666666666,145.66666666666666,143.66666666666666,141.66666666666666,140.66666666666666,131.33333333333334,123.33333333333333,111.66666666666667,100.66666666666667,91.33333333333333,87.33333333333333,88.33333333333333,89.33333333333333,90.66666666666667,89.66666666666667,88.66666666666667,89.66666666666667,92.33333333333333,93.33333333333333,92.33333333333333,91.33333333333333,93.33333333333333,93.33333333333333,93.33333333333333,93.33333333333333,93.33333333333333,93.33333333333333,140.33333333333334,140.33333333333334,141.33333333333334,142.33333333333334,143.33333333333334,143.33333333333334,143.33333333333334,143.33333333333334,140.33333333333334,142.33333333333334,142.33333333333334,138.33333333333334,138.33333333333334,139.33333333333334,137.33333333333334,133.33333333333334,138.0,138.33333333333334,138.33333333333334,138.33333333333334,139.33333333333334,139.33333333333334,139.0,139.0,140.0,142.0,142.0,139.0,139.0,144.0,145.0,143.0,144.0,144.0,143.0,141.0,140.0,139.0,138.0,137.0,139.0,139.0,139.0,140.0,140.0,140.0,141.0,141.0,139.0,141.0,142.0,142.0,139.33333333333334,139.33333333333334,140.33333333333334,141.33333333333334,143.33333333333334,142.33333333333334,140.66666666666666,139.66666666666666,139.66666666666666,139.66666666666666,140.66666666666666,140.66666666666666,142.66666666666666,141.66666666666666,138.33333333333334,136.66666666666666,144.66666666666666,157.33333333333334,165.33333333333334,166.33333333333334,149.33333333333334,138.0,127.33333333333333,114.66666666666667,97.33333333333333,88.0,111.0,142.66666666666666,144.33333333333334,141.33333333333334,137.33333333333334,137.33333333333334,140.33333333333334,142.33333333333334,143.33333333333334,143.33333333333334,141.33333333333334,143.33333333333334,142.33333333333334,138.33333333333334,137.33333333333334,139.33333333333334,138.33333333333334,135.33333333333334,141.33333333333334,139.33333333333334,137.33333333333334,135.33333333333334,137.0,138.0,141.0,142.0,139.33333333333334,138.33333333333334,137.33333333333334,136.33333333333334,137.0,137.0,137.0,136.66666666666666,137.66666666666666,138.66666666666666,134.66666666666666,128.66666666666666,127.66666666666667,134.66666666666666,140.66666666666666,141.66666666666666,139.66666666666666,140.66666666666666,143.66666666666666,146.66666666666666,147.66666666666666,147.66666666666666,147.66666666666666,146.66666666666666,139.33333333333334,134.33333333333334,124.66666666666667,112.66666666666667,102.33333333333333,94.33333333333333,90.33333333333333,87.33333333333333,89.66666666666667,88.66666666666667,88.66666666666667,90.66666666666667,93.33333333333333,94.33333333333333,93.33333333333333,92.33333333333333,90.33333333333333,90.33333333333333,90.33333333333333,90.33333333333333,90.33333333333333,90.33333333333333,141.33333333333334,141.33333333333334,142.33333333333334,142.33333333333334,142.33333333333334,142.33333333333334,143.33333333333334,143.33333333333334,137.33333333333334,140.33333333333334,140.33333333333334,138.33333333333334,138.33333333333334,139.33333333333334,135.33333333333334,129.33333333333334,132.0,133.33333333333334,133.33333333333334,134.33333333333334,135.33333333333334,136.33333333333334,136.0,137.0,140.0,142.0,141.0,137.0,138.0,142.0,144.0,142.0,143.0,142.0,141.0,139.0,137.0,135.0,134.0,133.0,136.0,137.0,137.0,137.0,138.0,138.0,138.0,139.0,138.0,140.0,141.0,141.0,139.33333333333334,138.33333333333334,140.33333333333334,141.33333333333334,142.33333333333334,142.33333333333334,140.66666666666666,139.66666666666666,139.66666666666666,140.66666666666666,140.66666666666666,141.66666666666666,142.66666666666666,141.66666666666666,138.33333333333334,138.66666666666666,147.66666666666666,160.33333333333334,166.33333333333334,166.33333333333334,146.33333333333334,137.0,130.33333333333334,119.66666666666667,99.33333333333333,86.0,107.0,139.66666666666666,144.33333333333334,140.33333333333334,136.33333333333334,136.33333333333334,140.33333333333334,143.33333333333334,143.33333333333334,142.33333333333334,141.33333333333334,144.33333333333334,143.33333333333334,139.33333333333334,137.33333333333334,139.33333333333334,138.33333333333334,135.33333333333334,145.33333333333334,141.33333333333334,136.33333333333334,133.33333333333334,133.0,135.0,138.0,141.0,136.33333333333334,135.33333333333334,134.33333333333334,132.33333333333334,132.0,132.0,132.0,131.66666666666666,134.66666666666666,135.66666666666666,131.66666666666666,126.66666666666667,127.66666666666667,134.66666666666666,138.66666666666666,138.66666666666666,132.66666666666666,134.66666666666666,137.66666666666666,139.66666666666666,140.66666666666666,140.66666666666666,138.66666666666666,137.66666666666666,135.33333333333334,132.33333333333334,127.66666666666667,118.66666666666667,109.33333333333333,99.33333333333333,92.33333333333333,88.33333333333333,89.66666666666667,88.66666666666667,88.66666666666667,90.66666666666667,93.33333333333333,94.33333333333333,92.33333333333333,90.33333333333333,88.33333333333333,88.33333333333333,88.33333333333333,88.33333333333333,88.33333333333333,88.33333333333333
