Available,131.0,131.0,130.0,127.0,122.66666666666667,116.66666666666667,111.66666666666667,108.66666666666667,121.0,138.0,157.66666666666666,172.66666666666666,183.66666666666666,184.66666666666666,167.66666666666666,146.66666666666666,119.33333333333333,106.33333333333333,96.0,98.0,105.66666666666667,109.66666666666667,113.33333333333333,115.33333333333333,114.33333333333333,111.33333333333333,107.33333333333333,105.66666666666667,106.33333333333333,108.33333333333333,109.0,108.0,110.0,110.0,110.33333333333333,111.33333333333333,112.66666666666667,113.66666666666667,116.33333333333333,116.33333333333333,114.33333333333333,116.33333333333333,119.33333333333333,122.66666666666667,126.66666666666667,125.66666666666667,122.66666666666667,119.0,111.33333333333333,106.33333333333333,102.0,99.0,101.33333333333333,104.66666666666667,107.66666666666667,108.0,114.0,121.0,127.0,127.0,122.0,112.0,94.0,79.66666666666667,70.66666666666667,70.66666666666667,72.33333333333333,73.33333333333333,73.0,71.33333333333333,68.66666666666667,67.33333333333333,63.666666666666664,63.666666666666664,63.333333333333336,59.333333333333336,48.666666666666664,40.666666666666664,43.666666666666664,51.666666666666664,74.33333333333333,99.33333333333333,129.66666666666666,150.66666666666666,158.0,158.0,150.66666666666666,143.66666666666666,132.0,131.0,128.33333333333334,129.33333333333334,132.33333333333334,134.33333333333334,134.66666666666666,134.66666666666666,136.33333333333334,139.33333333333334,143.33333333333334,147.33333333333334,149.33333333333334,149.33333333333334,148.33333333333334,147.33333333333334,145.33333333333334,145.33333333333334,144.33333333333334,143.33333333333334,141.33333333333334,139.33333333333334,137.33333333333334,136.33333333333334,135.33333333333334,136.66666666666666,136.66666666666666,136.66666666666666,133.66666666666666,130.66666666666666,126.66666666666667,124.66666666666667,120.66666666666667,117.66666666666667,114.66666666666667,114.66666666666667,115.66666666666667,114.66666666666667,111.66666666666667,108.66666666666667,106.0,107.0,109.0,113.0,118.0,124.0,128.0,131.0,140.0,137.0,133.0,129.0,126.0,125.0,125.0,124.66666666666667,117.0,113.66666666666667,110.66666666666667,106.66666666666667,103.66666666666667,102.66666666666667,124.0,125.0,125.0,124.0,120.66666666666667,117.66666666666667,113.66666666666667,110.66666666666667,123.0,140.0,159.66666666666666,173.66666666666666,183.66666666666666,182.66666666666666,164.66666666666666,142.66666666666666,118.33333333333333,106.33333333333333,97.0,99.0,107.66666666666667,112.66666666666667,116.33333333333333,118.33333333333333,117.33333333333333,114.33333333333333,111.33333333333333,109.66666666666667,110.33333333333333,111.33333333333333,111.0,111.0,110.0,110.0,109.33333333333333,109.33333333333333,109.66666666666667,110.66666666666667,111.33333333333333,112.33333333333333,111.33333333333333,111.33333333333333,114.33333333333333,116.66666666666667,119.66666666666667,119.66666666666667,117.66666666666667,114.0,109.33333333333333,104.33333333333333,102.0,100.0,102.33333333333333,105.66666666666667,108.66666666666667,110.0,115.0,122.0,127.0,127.0,122.0,111.0,93.0,78.66666666666667,71.66666666666667,71.66666666666667,72.33333333333333,73.33333333333333,73.0,71.33333333333333,67.66666666666667,65.33333333333333,61.666666666666664,61.666666666666664,61.333333333333336,57.333333333333336,46.666666666666664,37.666666666666664,38.666666666666664,45.666666666666664,68.33333333333333,92.33333333333333,119.66666666666667,136.66666666666666,141.0,139.0,131.66666666666666,123.66666666666667,114.0,113.0,111.66666666666667,113.33333333333333,116.33333333333333,120.33333333333333,120.66666666666667,120.66666666666667,121.33333333333333,123.33333333333333,127.33333333333333,131.33333333333334,134.33333333333334,135.33333333333334,136.33333333333334,136.33333333333334,138.33333333333334,138.33333333333334,139.33333333333334,140.33333333333334,140.33333333333334,140.33333333333334,139.33333333333334,139.33333333333334,137.0,137.66666666666666,138.66666666666666,138.66666666666666,136.66666666666666,134.66666666666666,131.66666666666666,130.66666666666666,127.66666666666667,125.66666666666667,123.66666666666667,123.66666666666667,125.66666666666667,125.66666666666667,123.66666666666667,120.66666666666667,118.66666666666667,119.0,120.0,122.0,125.0,128.0,132.0,134.0,135.0,133.0,129.0,125.0,122.0,121.0,121.0,120.66666666666667,118.0,115.66666666666667,112.66666666666667,109.66666666666667,107.66666666666667,107.66666666666667,116.0,117.0,119.0,120.0,118.66666666666667,116.66666666666667,114.66666666666667,112.66666666666667,125.0,142.0,161.66666666666666,175.66666666666666,184.66666666666666,181.66666666666666,161.66666666666666,138.66666666666666,117.33333333333333,105.33333333333333,97.0,100.0,109.66666666666667,116.66666666666667,120.33333333333333,123.33333333333333,123.33333333333333,120.33333333333333,117.33333333333333,114.66666666666667,115.33333333333333,116.33333333333333,115.0,114.0,111.0,110.0,109.33333333333333,108.33333333333333,106.66666666666667,106.66666666666667,107.33333333333333,107.33333333333333,106.33333333333333,106.33333333333333,106.33333333333333,107.66666666666667,110.66666666666667,111.66666666666667,110.66666666666667,108.0,105.33333333333333,101.33333333333333,101.0,101.0,105.33333333333333,108.66666666666667,111.66666666666667,112.0,116.0,123.0,128.0,127.0,121.0,110.0,92.0,77.66666666666667,70.66666666666667,70.66666666666667,71.33333333333333,72.33333333333333,73.0,71.33333333333333,67.66666666666667,65.33333333333333,59.666666666666664,59.666666666666664,59.333333333333336,56.333333333333336,45.666666666666664,35.666666666666664,34.666666666666664,38.666666666666664,58.666666666666664,80.66666666666667,104.66666666666667,117.66666666666667,118.0,114.0,105.0,96.66666666666667,90.0,89.0,89.66666666666667,92.66666666666667,96.33333333333333,100.33333333333333,102.33333333333333,102.33333333333333,102.66666666666667,103.66666666666667,106.66666666666667,109.66666666666667,112.66666666666667,115.66666666666667,117.66666666666667,118.66666666666667,125.66666666666667,126.66666666666667,129.66666666666666,131.66666666666666,134.66666666666666,136.66666666666666,137.66666666666666,137.33333333333334,134.0,135.33333333333334,137.33333333333334,138.33333333333334,139.33333333333334,138.33333333333334,137.33333333333334,136.33333333333334,136.33333333333334,135.33333333333334,134.33333333333334,136.33333333333334,138.33333333333334,139.33333333333334,139.33333333333334,137.33333333333334,135.33333333333334,134.33333333333334,134.33333333333334,134.33333333333334,135.33333333333334,136.33333333333334,138.33333333333334,140.33333333333334,138.33333333333334,136.33333333333334,132.33333333333334,129.33333333333334,126.33333333333333,124.33333333333333,124.33333333333333,124.33333333333333,122.0,119.66666666666667,117.66666666666667,115.66666666666667,114.66666666666667,114.66666666666667,112.0,114.0,116.0,117.0,116.66666666666667,115.66666666666667,113.66666666666667,111.66666666666667,123.0,142.0,162.66666666666666,177.66666666666666,185.66666666666666,182.66666666666666,160.66666666666666,136.66666666666666,114.33333333333333,103.33333333333333,96.0,101.0,111.66666666666667,118.66666666666667,122.33333333333333,125.33333333333333,127.33333333333333,124.33333333333333,122.33333333333333,119.66666666666667,120.33333333333333,120.33333333333333,119.0,118.0,114.0,113.0,111.33333333333333,109.33333333333333,107.66666666666667,105.66666666666667,105.33333333333333,105.33333333333333,104.33333333333333,102.33333333333333,101.33333333333333,101.66666666666667,103.66666666666667,104.66666666666667,104.66666666666667,103.0,101.33333333333333,99.33333333333333,100.0,102.0,107.33333333333333,110.66666666666667,112.66666666666667,113.0,116.0,123.0,128.0,127.0,121.0,109.0,91.0,75.66666666666667,68.66666666666667,67.66666666666667,68.33333333333333,70.33333333333333,74.0,73.33333333333333,69.66666666666667,67.33333333333333,60.666666666666664,60.666666666666664,60.333333333333336,57.333333333333336,47.666666666666664,36.666666666666664,33.666666666666664,37.666666666666664,52.666666666666664,71.66666666666667,92.66666666666667,101.66666666666667,100.0,95.0,86.0,79.0,74.0,73.0,74.66666666666667,77.66666666666667,83.66666666666667,87.33333333333333,89.33333333333333,89.33333333333333,90.66666666666667,90.66666666666667,90.66666666666667,91.66666666666667,94.66666666666667,96.66666666666667,99.66666666666667,100.66666666666667,109.66666666666667,111.66666666666667,114.66666666666667,117.66666666666667,120.66666666666667,123.66666666666667,124.66666666666667,126.0,125.33333333333333,126.33333333333333,129.33333333333334,131.33333333333334,133.33333333333334,134.33333333333334,135.33333333333334,135.33333333333334,138.33333333333334,138.33333333333334,139.33333333333334,141.33333333333334,143.33333333333334,145.33333333333334,146.33333333333334,146.33333333333334,145.33333333333334,144.33333333333334,143.33333333333334,142.33333333333334,143.33333333333334,144.33333333333334,146.33333333333334,147.33333333333334,144.33333333333334,142.33333333333334,140.33333333333334,137.33333333333334,135.33333333333334,133.33333333333334,133.33333333333334,132.33333333333334,131.0,128.66666666666666,126.66666666666667,125.66666666666667,123.66666666666667,123.66666666666667,115.0,116.0,117.0,117.0,115.66666666666667,113.66666666666667,110.66666666666667,108.66666666666667,121.0,141.0,162.66666666666666,178.66666666666666,187.66666666666666,183.66666666666666,159.66666666666666,134.66666666666666,111.33333333333333,100.33333333333333,94.0,100.0,110.66666666666667,117.66666666666667,121.33333333333333,123.33333333333333,126.33333333333333,124.33333333333333,122.33333333333333,120.66666666666667,121.33333333333333,121.33333333333333,120.0,118.0,116.0,115.0,113.33333333333333,110.33333333333333,108.66666666666667,106.66666666666667,107.33333333333333,106.33333333333333,103.33333333333333,101.33333333333333,99.33333333333333,98.66666666666667,100.66666666666667,102.66666666666667,102.66666666666667,101.0,99.33333333333333,98.33333333333333,101.0,105.0,110.33333333333333,112.66666666666667,112.66666666666667,112.0,116.0,123.0,128.0,126.0,120.0,108.0,90.0,75.66666666666667,65.66666666666667,63.666666666666664,65.33333333333333,69.33333333333333,75.0,76.33333333333333,72.66666666666667,69.33333333333333,63.666666666666664,62.666666666666664,61.333333333333336,60.333333333333336,51.666666666666664,41.666666666666664,38.666666666666664,40.666666666666664,51.666666666666664,68.66666666666667,87.66666666666667,94.66666666666667,93.0,88.0,82.0,75.0,70.0,70.0,72.0,75.66666666666667,81.66666666666667,84.66666666666667,86.66666666666667,85.66666666666667,89.0,88.0,86.0,85.0,86.0,87.0,89.0,91.0,96.0,98.0,100.0,102.0,105.0,106.0,107.0,107.0,111.33333333333333,112.33333333333333,115.33333333333333,118.33333333333333,121.33333333333333,123.33333333333333,125.33333333333333,126.33333333333333,130.33333333333334,131.33333333333334,133.33333333333334,135.33333333333334,137.33333333333334,139.33333333333334,141.33333333333334,142.33333333333334,142.0,142.0,142.0,142.0,144.0,146.0,149.0,151.0,149.0,148.0,147.0,145.0,144.0,143.0,142.0,142.0,143.0,141.66666666666666,140.66666666666666,138.66666666666666,136.66666666666666,135.66666666666666,121.0,121.0,121.0,120.0,116.66666666666667,112.66666666666667,108.66666666666667,105.66666666666667,120.0,140.0,163.66666666666666,180.66666666666666,189.66666666666666,183.66666666666666,158.66666666666666,132.66666666666666,109.33333333333333,98.33333333333333,92.0,97.0,107.66666666666667,113.66666666666667,116.33333333333333,118.33333333333333,119.33333333333333,118.33333333333333,116.33333333333333,116.66666666666667,117.33333333333333,117.33333333333333,116.0,114.0,114.0,113.0,111.33333333333333,109.33333333333333,107.66666666666667,106.66666666666667,107.33333333333333,107.33333333333333,104.33333333333333,102.33333333333333,100.33333333333333,99.66666666666667,100.66666666666667,101.66666666666667,101.66666666666667,100.0,99.33333333333333,99.33333333333333,103.0,107.0,112.33333333333333,112.66666666666667,111.66666666666667,109.0,115.0,121.0,127.0,126.0,120.0,109.0,91.0,76.66666666666667,64.66666666666667,62.666666666666664,63.333333333333336,68.33333333333333,75.0,77.33333333333333,73.66666666666667,69.33333333333333,64.66666666666667,62.666666666666664,60.333333333333336,60.333333333333336,53.666666666666664,45.666666666666664,43.666666666666664,45.666666666666664,55.666666666666664,71.66666666666667,88.66666666666667,94.66666666666667,94.0,91.0,87.0,82.0,76.0,76.0,78.0,82.0,86.0,88.66666666666667,89.0,88.0,91.0,90.0,88.0,86.0,86.0,86.0,87.0,88.0,89.0,89.0,91.0,92.0,93.0,93.0,93.0,92.0,97.66666666666667,98.33333333333333,100.33333333333333,103.33333333333333,106.33333333333333,109.33333333333333,111.33333333333333,113.33333333333333,115.33333333333333,117.33333333333333,120.33333333333333,121.33333333333333,122.33333333333333,123.33333333333333,125.33333333333333,128.33333333333334,128.0,128.0,129.0,131.0,135.0,139.0,142.0,144.0,151.0,151.0,151.0,151.0,151.0,151.0,150.0,149.33333333333334,150.33333333333334,149.66666666666666,148.66666666666666,148.66666666666666,147.66666666666666,146.66666666666666,126.0,126.0,125.0,123.0,118.66666666666667,113.66666666666667,108.66666666666667,105.66666666666667,121.0,142.0,166.66666666666666,182.66666666666666,190.66666666666666,182.66666666666666,155.66666666666666,128.66666666666666,106.33333333333333,95.33333333333333,89.0,94.0,103.66666666666667,107.66666666666667,110.33333333333333,111.33333333333333,109.33333333333333,108.33333333333333,108.33333333333333,108.66666666666667,110.33333333333333,110.33333333333333,109.0,107.0,108.0,107.0,106.33333333333333,105.33333333333333,104.66666666666667,104.66666666666667,105.33333333333333,105.33333333333333,104.33333333333333,103.33333333333333,102.33333333333333,101.66666666666667,102.66666666666667,102.66666666666667,100.66666666666667,98.0,100.33333333333333,101.33333333333333,105.0,109.0,113.33333333333333,112.66666666666667,109.66666666666667,106.0,113.0,120.0,126.0,125.0,120.0,109.0,92.0,77.66666666666667,67.66666666666667,63.666666666666664,63.333333333333336,67.33333333333333,75.0,76.33333333333333,71.66666666666667,66.33333333333333,62.666666666666664,58.666666666666664,57.333333333333336,56.333333333333336,52.666666666666664,47.666666666666664,46.666666666666664,49.666666666666664,60.666666666666664,76.66666666666667,92.66666666666667,97.66666666666667,97.0,96.0,93.0,90.0,83.66666666666667,83.66666666666667,85.66666666666667,88.66666666666667,91.66666666666667,93.0,92.66666666666667,91.66666666666667,92.66666666666667,91.66666666666667,90.66666666666667,90.66666666666667,89.66666666666667,89.66666666666667,89.66666666666667,90.66666666666667,87.66666666666667,88.66666666666667,88.66666666666667,89.66666666666667,88.66666666666667,88.66666666666667,87.66666666666667,87.0,88.66666666666667,89.66666666666667,90.66666666666667,93.66666666666667,95.66666666666667,98.66666666666667,100.66666666666667,102.66666666666667,100.66666666666667,103.66666666666667,105.66666666666667,105.66666666666667,104.66666666666667,105.66666666666667,107.66666666666667,110.66666666666667,109.66666666666667,110.66666666666667,111.66666666666667,114.66666666666667,119.66666666666667,124.66666666666667,128.66666666666666,131.66666666666666,141.66666666666666,141.66666666666666,142.66666666666666,144.66666666666666,145.66666666666666,145.66666666666666,145.66666666666666,145.33333333333334,146.33333333333334,146.33333333333334,147.33333333333334,148.33333333333334,149.33333333333334,149.33333333333334,129.0,128.0,127.0,125.0,120.66666666666667,114.66666666666667,109.66666666666667,106.66666666666667,124.0,144.0,168.66666666666666,184.66666666666666,190.66666666666666,181.66666666666666,152.66666666666666,124.66666666666667,105.33333333333333,94.33333333333333,88.0,92.0,100.66666666666667,104.66666666666667,106.33333333333333,107.33333333333333,101.33333333333333,101.33333333333333,101.33333333333333,101.66666666666667,104.33333333333333,105.33333333333333,104.0,102.0,103.0,102.0,102.33333333333333,101.33333333333333,101.66666666666667,101.66666666666667,103.33333333333333,103.33333333333333,104.33333333333333,103.33333333333333,102.33333333333333,102.66666666666667,103.66666666666667,102.66666666666667,100.66666666666667,97.0,101.33333333333333,102.33333333333333,107.0,110.0,113.33333333333333,111.66666666666667,107.66666666666667,104.0,112.0,119.0,125.0,125.0,120.0,109.0,92.0,77.66666666666667,69.66666666666667,65.66666666666667,64.33333333333333,68.33333333333333,74.0,75.33333333333333,69.66666666666667,63.333333333333336,59.666666666666664,55.666666666666664,53.333333333333336,53.333333333333336,50.666666666666664,46.666666666666664,47.666666666666664,50.666666666666664,65.66666666666667,80.66666666666667,94.66666666666667,100.66666666666667,100.0,99.0,97.0,95.0,88.66666666666667,88.66666666666667,89.66666666666667,91.66666666666667,94.66666666666667,95.66666666666667,93.66666666666667,92.66666666666667,91.66666666666667,91.66666666666667,91.66666666666667,92.66666666666667,92.66666666666667,92.66666666666667,92.66666666666667,92.66666666666667,88.66666666666667,89.66666666666667,89.66666666666667,89.66666666666667,89.66666666666667,88.66666666666667,87.66666666666667,87.66666666666667,84.66666666666667,85.66666666666667,86.66666666666667,87.66666666666667,90.66666666666667,92.66666666666667,94.66666666666667,96.66666666666667,91.66666666666667,93.66666666666667,96.66666666666667,95.66666666666667,93.66666666666667,93.66666666666667,95.66666666666667,98.66666666666667,97.66666666666667,98.66666666666667,100.66666666666667,103.66666666666667,107.66666666666667,113.66666666666667,117.66666666666667,120.66666666666667,123.66666666666667,124.66666666666667,126.66666666666667,128.66666666666666,130.66666666666666,131.66666666666666,131.66666666666666,132.66666666666666,137.66666666666666,138.33333333333334,140.33333333333334,143.33333333333334,145.33333333333334,147.33333333333334,122.0,120.0,121.0,121.0,116.66666666666667,109.66666666666667,109.66666666666667,112.66666666666667,131.0,151.0,173.66666666666666,184.66666666666666,186.66666666666666,174.66666666666666,147.66666666666666,120.66666666666667,99.33333333333333,90.33333333333333,87.0,92.0,98.66666666666667,99.66666666666667,100.33333333333333,100.33333333333333,98.33333333333333,98.33333333333333,98.33333333333333,97.66666666666667,98.33333333333333,98.33333333333333,98.0,98.0,97.0,97.0,97.33333333333333,97.33333333333333,98.66666666666667,98.66666666666667,100.33333333333333,100.33333333333333,101.33333333333333,101.33333333333333,102.33333333333333,103.66666666666667,104.66666666666667,103.66666666666667,100.66666666666667,97.0,101.33333333333333,102.33333333333333,107.0,111.0,113.33333333333333,111.66666666666667,107.66666666666667,103.0,110.0,118.0,125.0,124.0,118.0,108.0,94.0,81.66666666666667,73.66666666666667,69.66666666666667,67.33333333333333,68.33333333333333,72.0,73.33333333333333,69.66666666666667,65.33333333333333,57.666666666666664,54.666666666666664,53.333333333333336,53.333333333333336,49.666666666666664,46.666666666666664,47.666666666666664,52.666666666666664,66.33333333333333,81.33333333333333,96.33333333333333,101.33333333333333,100.66666666666667,98.66666666666667,95.66666666666667,92.66666666666667,87.33333333333333,88.33333333333333,90.0,92.0,93.0,93.0,92.0,92.0,90.0,91.0,92.0,93.0,93.0,93.0,93.0,92.0,92.0,92.0,93.0,94.0,94.0,95.0,96.0,95.66666666666667,91.66666666666667,90.66666666666667,89.66666666666667,88.66666666666667,88.66666666666667,89.66666666666667,91.66666666666667,92.66666666666667,88.66666666666667,88.66666666666667,88.66666666666667,89.66666666666667,89.66666666666667,89.66666666666667,90.66666666666667,90.66666666666667,92.0,92.0,94.0,96.0,98.0,100.0,102.0,102.0,111.0,111.0,112.0,113.0,115.0,118.0,120.0,120.66666666666667,125.66666666666667,126.66666666666667,128.66666666666666,131.66666666666666,133.66666666666666,134.66666666666666,114.0,113.0,115.0,117.0,113.66666666666667,108.66666666666667,109.66666666666667,114.66666666666667,133.0,153.0,173.66666666666666,183.66666666666666,183.66666666666666,171.66666666666666,143.66666666666666,117.66666666666667,98.33333333333333,90.33333333333333,87.0,92.0,99.66666666666667,100.66666666666667,101.33333333333333,101.33333333333333,101.33333333333333,101.33333333333333,101.33333333333333,100.66666666666667,99.33333333333333,99.33333333333333,99.0,99.0,98.0,98.0,98.33333333333333,99.33333333333333,99.66666666666667,100.66666666666667,101.33333333333333,101.33333333333333,102.33333333333333,101.33333333333333,101.33333333333333,102.66666666666667,104.66666666666667,103.66666666666667,101.66666666666667,99.0,102.33333333333333,102.33333333333333,106.0,110.0,113.33333333333333,111.66666666666667,108.66666666666667,105.0,112.0,119.0,123.0,121.0,116.0,108.0,96.0,85.66666666666667,74.66666666666667,70.66666666666667,68.33333333333333,68.33333333333333,72.0,72.33333333333333,68.66666666666667,65.33333333333333,56.666666666666664,53.666666666666664,52.333333333333336,53.333333333333336,49.666666666666664,45.666666666666664,47.666666666666664,52.666666666666664,66.33333333333333,81.33333333333333,96.33333333333333,101.33333333333333,100.66666666666667,98.66666666666667,95.66666666666667,92.66666666666667,87.33333333333333,89.33333333333333,91.0,92.0,93.0,93.0,92.66666666666667,92.0,90.0,91.0,92.0,93.0,93.0,93.0,93.0,92.0,92.0,92.0,93.0,94.0,94.0,95.0,96.0,96.0,93.0,91.66666666666667,90.66666666666667,89.66666666666667,89.66666666666667,90.66666666666667,91.66666666666667,92.66666666666667,89.66666666666667,89.66666666666667,89.66666666666667,89.66666666666667,90.66666666666667,90.66666666666667,91.66666666666667,91.66666666666667,92.66666666666667,94.0,94.0,95.0,97.0,98.0,98.0,99.0,101.0,101.0,101.0,102.0,104.0,106.0,108.0,109.0,110.66666666666667,111.66666666666667,113.66666666666667,115.66666666666667,116.66666666666667,117.66666666666667,104.0,104.0,107.0,110.0,107.66666666666667,105.66666666666667,109.66666666666667,116.66666666666667,135.0,155.0,174.66666666666666,182.66666666666666,180.66666666666666,167.66666666666666,139.66666666666666,113.66666666666667,99.33333333333333,91.33333333333333,89.0,94.0,101.66666666666667,102.66666666666667,102.33333333333333,103.33333333333333,105.33333333333333,105.33333333333333,105.33333333333333,103.66666666666667,102.33333333333333,102.33333333333333,101.0,101.0,100.0,100.0,101.33333333333333,101.33333333333333,101.66666666666667,102.66666666666667,103.33333333333333,103.33333333333333,104.33333333333333,102.33333333333333,101.33333333333333,101.66666666666667,103.66666666666667,103.66666666666667,102.66666666666667,101.0,103.33333333333333,102.33333333333333,106.0,109.0,112.33333333333333,112.66666666666667,110.66666666666667,108.0,114.0,120.0,123.0,120.0,115.0,109.0,100.0,91.66666666666667,77.66666666666667,73.66666666666667,70.33333333333333,69.33333333333333,71.0,70.33333333333333,67.66666666666667,65.33333333333333,57.666666666666664,54.666666666666664,53.333333333333336,53.333333333333336,50.666666666666664,46.666666666666664,47.666666666666664,52.666666666666664,66.33333333333333,81.33333333333333,96.33333333333333,101.33333333333333,100.66666666666667,98.66666666666667,96.66666666666667,92.66666666666667,88.66666666666667,89.66666666666667,91.66666666666667,93.66666666666667,93.66666666666667,93.66666666666667,93.33333333333333,92.66666666666667,91.66666666666667,91.66666666666667,92.66666666666667,93.66666666666667,93.66666666666667,93.66666666666667,93.66666666666667,93.66666666666667,92.66666666666667,92.66666666666667,93.66666666666667,94.66666666666667,94.66666666666667,95.66666666666667,96.66666666666667,96.0,94.0,94.0,93.0,92.0,92.0,93.0,93.0,94.0,91.0,91.0,91.0,92.0,92.0,92.0,93.0,93.0,95.33333333333333,95.33333333333333,95.33333333333333,95.33333333333333,96.33333333333333,96.33333333333333,96.33333333333333,96.33333333333333,98.33333333333333,98.33333333333333,98.33333333333333,98.33333333333333,99.33333333333333,101.33333333333333,102.33333333333333,102.66666666666667,100.66666666666667,101.66666666666667,102.66666666666667,104.66666666666667,105.66666666666667,105.66666666666667,98.0,98.0,101.0,104.0,101.66666666666667,100.66666666666667,106.66666666666667,115.66666666666667,137.0,157.0,175.66666666666666,182.66666666666666,178.66666666666666,164.66666666666666,138.66666666666666,114.66666666666667,100.33333333333333,93.33333333333333,91.0,97.0,104.66666666666667,106.66666666666667,106.33333333333333,106.33333333333333,109.33333333333333,109.33333333333333,108.33333333333333,106.66666666666667,105.33333333333333,104.33333333333333,103.0,103.0,102.0,102.0,103.33333333333333,103.33333333333333,104.66666666666667,104.66666666666667,105.33333333333333,105.33333333333333,106.33333333333333,104.33333333333333,102.33333333333333,101.66666666666667,102.66666666666667,104.66666666666667,103.66666666666667,102.0,103.33333333333333,102.33333333333333,105.0,108.0,112.33333333333333,113.66666666666667,113.66666666666667,111.0,115.0,120.0,123.0,121.0,117.0,112.0,103.0,94.66666666666667,81.66666666666667,77.66666666666667,72.33333333333333,69.33333333333333,69.0,68.33333333333333,66.66666666666667,65.33333333333333,60.666666666666664,57.666666666666664,55.333333333333336,55.333333333333336,51.666666666666664,47.666666666666664,49.666666666666664,53.666666666666664,67.33333333333333,82.33333333333333,97.33333333333333,101.33333333333333,100.66666666666667,99.66666666666667,96.66666666666667,93.66666666666667,89.66666666666667,90.66666666666667,92.66666666666667,93.66666666666667,95.33333333333333,94.33333333333333,93.33333333333333,92.33333333333333,92.33333333333333,92.66666666666667,93.66666666666667,93.66666666666667,94.66666666666667,94.66666666666667,93.66666666666667,93.66666666666667,93.66666666666667,93.66666666666667,93.66666666666667,94.66666666666667,94.66666666666667,95.66666666666667,95.66666666666667,95.66666666666667,96.66666666666667,95.0,95.0,95.0,94.0,94.0,94.0,94.0,92.0,92.0,92.0,93.0,93.0,94.0,94.0,94.0,95.0,95.33333333333333,95.33333333333333,96.33333333333333,96.33333333333333,97.33333333333333,97.33333333333333,97.33333333333333,100.33333333333333,99.33333333333333,99.33333333333333,99.33333333333333,99.33333333333333,100.33333333333333,101.33333333333333,101.33333333333333,98.0,98.66666666666667,99.66666666666667,100.66666666666667,100.66666666666667,100.66666666666667,96.0,97.0,99.0,100.0,96.66666666666667,94.66666666666667,102.66666666666667,112.66666666666667,137.0,157.0,175.66666666666666,181.66666666666666,176.66666666666666,163.66666666666666,138.66666666666666,116.66666666666667,100.33333333333333,93.33333333333333,93.0,100.0,107.66666666666667,109.66666666666667,109.33333333333333,109.33333333333333,111.33333333333333,110.33333333333333,110.33333333333333,108.66666666666667,107.33333333333333,106.33333333333333,105.0,104.0,104.0,104.0,104.33333333333333,105.33333333333333,105.66666666666667,106.66666666666667,107.33333333333333,107.33333333333333,106.33333333333333,105.33333333333333,103.33333333333333,102.66666666666667,103.66666666666667,104.66666666666667,104.66666666666667,103.0,102.33333333333333,102.33333333333333,105.0,109.0,113.33333333333333,115.66666666666667,115.66666666666667,114.0,114.0,120.0,124.0,122.0,118.0,113.0,104.0,95.66666666666667,85.66666666666667,81.66666666666667,75.33333333333333,70.33333333333333,68.0,66.33333333333333,65.66666666666667,65.33333333333333,63.666666666666664,59.666666666666664,58.333333333333336,58.333333333333336,53.666666666666664,49.666666666666664,50.666666666666664,55.666666666666664,67.33333333333333,82.33333333333333,97.33333333333333,102.33333333333333,101.66666666666667,99.66666666666667,96.66666666666667,93.66666666666667,90.66666666666667,91.66666666666667,93.33333333333333,95.33333333333333,95.33333333333333,94.33333333333333,93.33333333333333,92.33333333333333,92.33333333333333,93.33333333333333,94.33333333333333,95.33333333333333,95.33333333333333,95.33333333333333,95.33333333333333,94.33333333333333,94.33333333333333,94.33333333333333,95.33333333333333,95.33333333333333,95.33333333333333,95.33333333333333,96.33333333333333,95.66666666666667,97.66666666666667,97.66666666666667,96.66666666666667,96.66666666666667,96.66666666666667,95.66666666666667,94.66666666666667,94.66666666666667,92.66666666666667,92.66666666666667,93.66666666666667,93.66666666666667,94.66666666666667,94.66666666666667,94.66666666666667,94.66666666666667,93.66666666666667,94.66666666666667,95.66666666666667,96.66666666666667,97.66666666666667,98.66666666666667,99.66666666666667,99.66666666666667,96.66666666666667,96.66666666666667,95.66666666666667,95.66666666666667,95.66666666666667,96.66666666666667,96.66666666666667,97.33333333333333,95.0,95.0,96.0,97.0,97.0,96.0,97.0,98.0,100.0,99.0,93.66666666666667,91.66666666666667,99.66666666666667,111.66666666666667,137.0,157.0,175.66666666666666,179.66666666666666,172.66666666666666,159.66666666666666,136.66666666666666,115.66666666666667,98.33333333333333,92.33333333333333,92.0,100.0,108.66666666666667,110.66666666666667,109.33333333333333,109.33333333333333,110.33333333333333,110.33333333333333,109.33333333333333,108.66666666666667,107.33333333333333,106.33333333333333,106.0,106.0,105.0,105.0,105.33333333333333,106.33333333333333,106.66666666666667,106.66666666666667,108.33333333333333,108.33333333333333,106.33333333333333,105.33333333333333,104.33333333333333,104.66666666666667,105.66666666666667,106.66666666666667,104.66666666666667,103.0,100.33333333333333,101.33333333333333,105.0,110.0,115.33333333333333,117.66666666666667,117.66666666666667,115.0,115.0,119.0,121.0,117.0,113.0,110.0,102.0,95.66666666666667,89.66666666666667,84.66666666666667,78.33333333333333,71.33333333333333,66.0,64.33333333333333,64.66666666666667,65.33333333333333,64.66666666666667,61.666666666666664,59.333333333333336,59.333333333333336,54.666666666666664,49.666666666666664,51.666666666666664,55.666666666666664,68.33333333333333,83.33333333333333,97.33333333333333,102.33333333333333,101.66666666666667,100.66666666666667,97.66666666666667,93.66666666666667,91.66666666666667,92.66666666666667,94.33333333333333,95.33333333333333,95.33333333333333,94.33333333333333,93.33333333333333,92.33333333333333,93.33333333333333,93.33333333333333,94.33333333333333,95.33333333333333,96.33333333333333,96.33333333333333,95.33333333333333,95.33333333333333,95.33333333333333,95.33333333333333,95.33333333333333,95.33333333333333,95.33333333333333,95.33333333333333,95.33333333333333,95.33333333333333,98.0,97.66666666666667,97.66666666666667,97.66666666666667,96.66666666666667,95.66666666666667,94.66666666666667,93.66666666666667,92.66666666666667,92.66666666666667,92.66666666666667,93.66666666666667,93.66666666666667,94.66666666666667,94.66666666666667,94.66666666666667,92.66666666666667,93.66666666666667,94.66666666666667,95.66666666666667,96.66666666666667,97.66666666666667,98.66666666666667,99.66666666666667,96.66666666666667,95.66666666666667,95.66666666666667,94.66666666666667,95.66666666666667,95.66666666666667,96.66666666666667,97.66666666666667,96.33333333333333,97.0,98.0,99.0,99.0,99.0,98.0,99.0,100.0,99.0,92.66666666666667,90.66666666666667,100.66666666666667,113.66666666666667,137.0,157.0,174.66666666666666,176.66666666666666,167.66666666666666,153.66666666666666,130.66666666666666,110.66666666666667,95.33333333333333,89.33333333333333,90.0,98.0,106.66666666666667,108.66666666666667,108.33333333333333,107.33333333333333,108.33333333333333,108.33333333333333,108.33333333333333,107.66666666666667,107.33333333333333,106.33333333333333,106.0,106.0,105.0,105.0,105.33333333333333,106.33333333333333,106.66666666666667,107.66666666666667,108.33333333333333,108.33333333333333,105.33333333333333,105.33333333333333,105.33333333333333,105.66666666666667,107.66666666666667,107.66666666666667,104.66666666666667,102.0,98.33333333333333,100.33333333333333,106.0,112.0,118.33333333333333,119.66666666666667,118.66666666666667,116.0,116.0,118.0,115.0,108.0,104.0,102.0,99.0,95.66666666666667,92.66666666666667,87.66666666666667,80.33333333333333,71.33333333333333,65.0,62.333333333333336,63.666666666666664,65.33333333333333,63.666666666666664,60.666666666666664,58.333333333333336,57.333333333333336,53.666666666666664,48.666666666666664,49.666666666666664,53.666666666666664,68.33333333333333,82.66666666666667,98.33333333333333,102.33333333333333,101.66666666666667,100.66666666666667,98.33333333333333,95.33333333333333,92.33333333333333,93.33333333333333,95.33333333333333,96.33333333333333,95.33333333333333,94.33333333333333,94.0,92.33333333333333,93.33333333333333,94.33333333333333,95.33333333333333,95.33333333333333,96.33333333333333,96.33333333333333,95.33333333333333,95.33333333333333,95.33333333333333,95.33333333333333,95.33333333333333,95.33333333333333,95.33333333333333,95.33333333333333,95.33333333333333,95.33333333333333,97.0,97.66666666666667,97.66666666666667,97.66666666666667,96.66666666666667,95.66666666666667,93.66666666666667,92.66666666666667,91.66666666666667,92.66666666666667,92.66666666666667,92.66666666666667,93.66666666666667,93.66666666666667,93.66666666666667,93.66666666666667,93.0,93.0,93.0,94.0,94.0,95.0,95.0,95.0,97.0,97.0,96.0,97.0,97.0,98.0,99.0,99.66666666666667,99.33333333333333,100.0,101.0,102.0,103.0,103.0,98.0,99.0,101.0,98.66666666666667,92.66666666666667,91.66666666666667,102.66666666666667,115.0,138.0,157.66666666666666,174.0,173.33333333333334,164.0,148.33333333333334,125.33333333333333,105.66666666666667,92.0,86.0,86.33333333333333,96.0,104.66666666666667,107.33333333333333,106.33333333333333,105.33333333333333,106.33333333333333,106.66666666666667,107.33333333333333,106.66666666666667,106.66666666666667,106.0,105.66666666666667,105.66666666666667,105.0,105.0,105.33333333333333,106.33333333333333,106.66666666666667,107.66666666666667,108.33333333333333,108.33333333333333,105.33333333333333,105.33333333333333,106.33333333333333,107.66666666666667,108.66666666666667,108.66666666666667,104.66666666666667,101.66666666666667,97.33333333333333,100.0,106.0,113.33333333333333,119.33333333333333,120.66666666666667,118.66666666666667,116.0,118.0,117.0,110.0,100.0,95.0,97.0,97.0,95.66666666666667,93.66666666666667,89.66666666666667,81.33333333333333,71.33333333333333,65.0,61.333333333333336,62.666666666666664,65.33333333333333,61.666666666666664,58.666666666666664,56.333333333333336,56.333333333333336,51.666666666666664,46.666666666666664,47.666666666666664,52.666666666666664,68.33333333333333,83.33333333333333,98.33333333333333,103.66666666666667,102.66666666666667,100.66666666666667,98.33333333333333,95.33333333333333,93.33333333333333,94.33333333333333,95.33333333333333,96.33333333333333,96.33333333333333,94.33333333333333,93.33333333333333,92.33333333333333,93.33333333333333,94.33333333333333,95.33333333333333,96.33333333333333,96.33333333333333,96.33333333333333,96.33333333333333,95.33333333333333,95.33333333333333,95.33333333333333,95.33333333333333,95.33333333333333,95.33333333333333,95.33333333333333,95.33333333333333,95.33333333333333,97.0,96.66666666666667,98.0,97.66666666666667,97.0,94.66666666666667,93.0,91.66666666666667,92.0,91.66666666666667,92.0,92.66666666666667,93.0,92.66666666666667,94.0,94.0,93.0,93.0,92.0,92.0,92.0,91.0,91.0,91.0,94.0,93.0,93.0,94.0,95.0,96.0,97.0,97.66666666666667,98.33333333333333,97.66666666666667,100.0,100.66666666666667,102.0,101.66666666666667,99.66666666666667,99.66666666666667,99.66666666666667,96.66666666666667,88.66666666666667,88.0,100.0,115.0,141.0,164.33333333333334,175.66666666666666,174.33333333333334,171.66666666666666,152.33333333333334,122.33333333333333,104.33333333333333,90.33333333333333,84.66666666666667,84.0,93.66666666666667,103.66666666666667,106.33333333333333,104.66666666666667,103.0,104.0,104.0,103.66666666666667,104.33333333333333,104.33333333333333,104.66666666666667,106.33333333333333,107.33333333333333,104.66666666666667,106.0,107.33333333333333,107.33333333333333,107.66666666666667,107.66666666666667,107.33333333333333,106.33333333333333,108.33333333333333,105.33333333333333,102.33333333333333,103.66666666666667,106.66666666666667,108.66666666666667,107.66666666666667,105.66666666666667,96.33333333333333,98.0,103.0,111.33333333333333,121.33333333333333,125.66666666666667,125.66666666666667,122.0,121.0,117.0,109.66666666666667,101.66666666666667,94.66666666666667,92.66666666666667,94.66666666666667,97.0,94.66666666666667,89.66666666666667,81.33333333333333,71.33333333333333,63.0,60.333333333333336,60.666666666666664,63.333333333333336,59.666666666666664,58.666666666666664,57.333333333333336,56.333333333333336,50.666666666666664,45.666666666666664,48.666666666666664,54.666666666666664,70.66666666666667,84.66666666666667,99.66666666666667,104.33333333333333,102.33333333333333,100.33333333333333,97.33333333333333,93.33333333333333,91.66666666666667,93.66666666666667,94.66666666666667,96.66666666666667,98.33333333333333,98.33333333333333,97.33333333333333,96.33333333333333,95.33333333333333,95.33333333333333,95.33333333333333,95.33333333333333,95.33333333333333,95.33333333333333,95.33333333333333,94.33333333333333,94.33333333333333,94.33333333333333,94.33333333333333,95.33333333333333,95.33333333333333,96.33333333333333,96.33333333333333,96.33333333333333,100.33333333333333,99.0,98.33333333333333,98.0,97.33333333333333,96.0,95.33333333333333,95.0,92.33333333333333,93.0,93.33333333333333,94.0,94.33333333333333,95.0,95.33333333333333,95.33333333333333,94.33333333333333,94.33333333333333,94.33333333333333,94.33333333333333,94.33333333333333,94.33333333333333,94.33333333333333,94.33333333333333,94.33333333333333,94.33333333333333,94.33333333333333,95.33333333333333,96.33333333333333,97.33333333333333,98.33333333333333,98.66666666666667,98.0,97.66666666666667,97.66666666666667,97.66666666666667,97.66666666666667,97.66666666666667,100.66666666666667,100.66666666666667,100.66666666666667,97.66666666666667,90.66666666666667,89.0,102.0,117.0,142.33333333333334,164.66666666666666,176.66666666666666,174.33333333333334,170.33333333333334,151.33333333333334,120.33333333333333,101.66666666666667,87.66666666666667,82.33333333333333,82.66666666666667,92.66666666666667,101.66666666666667,104.66666666666667,103.0,101.0,103.66666666666667,103.66666666666667,103.0,102.33333333333333,102.33333333333333,102.33333333333333,103.0,103.66666666666667,103.66666666666667,104.66666666666667,105.33333333333333,106.0,106.66666666666667,106.0,106.33333333333333,105.33333333333333,106.33333333333333,103.33333333333333,101.33333333333333,102.66666666666667,107.33333333333333,108.66666666666667,107.66666666666667,104.66666666666667,97.33333333333333,99.0,104.0,112.33333333333333,122.33333333333333,127.66666666666667,127.66666666666667,125.0,122.0,118.0,109.66666666666667,101.66666666666667,95.66666666666667,93.66666666666667,94.66666666666667,97.0,93.66666666666667,88.66666666666667,80.33333333333333,70.33333333333333,64.0,60.333333333333336,60.666666666666664,63.333333333333336,59.666666666666664,58.666666666666664,57.333333333333336,56.333333333333336,51.666666666666664,46.666666666666664,48.666666666666664,54.666666666666664,71.33333333333333,86.33333333333333,100.33333333333333,104.33333333333333,102.33333333333333,100.33333333333333,97.33333333333333,93.33333333333333,91.66666666666667,93.66666666666667,95.66666666666667,96.66666666666667,97.66666666666667,97.66666666666667,96.66666666666667,96.66666666666667,97.33333333333333,96.33333333333333,96.33333333333333,96.33333333333333,95.33333333333333,94.33333333333333,94.33333333333333,94.33333333333333,94.33333333333333,94.33333333333333,94.33333333333333,95.33333333333333,95.33333333333333,95.33333333333333,96.33333333333333,96.33333333333333,99.33333333333333,99.33333333333333,98.33333333333333,97.33333333333333,96.33333333333333,95.33333333333333,95.33333333333333,94.33333333333333,93.33333333333333,93.33333333333333,94.33333333333333,94.33333333333333,94.33333333333333,95.33333333333333,95.33333333333333,95.33333333333333,94.33333333333333,94.33333333333333,94.33333333333333,94.33333333333333,94.33333333333333,94.33333333333333,94.33333333333333,94.33333333333333,94.33333333333333,94.33333333333333,94.33333333333333,95.33333333333333,96.33333333333333,97.33333333333333,98.33333333333333,98.66666666666667,97.0,96.66666666666667,96.66666666666667,96.66666666666667,96.66666666666667,96.66666666666667,102.0,102.0,102.0,97.66666666666667,91.66666666666667,91.0,104.0,120.0,143.0,166.33333333333334,177.33333333333334,174.33333333333334,169.33333333333334,147.66666666666666,117.33333333333333,99.66666666666667,86.33333333333333,81.0,82.66666666666667,91.33333333333333,100.66666666666667,102.33333333333333,101.0,100.66666666666667,102.66666666666667,102.0,101.0,100.33333333333333,99.0,99.33333333333333,99.66666666666667,100.33333333333333,101.66666666666667,101.66666666666667,103.33333333333333,103.66666666666667,104.33333333333333,104.0,103.33333333333333,103.0,104.33333333333333,101.33333333333333,100.33333333333333,101.66666666666667,106.33333333333333,107.66666666666667,105.66666666666667,103.66666666666667,98.33333333333333,100.0,104.0,113.33333333333333,123.33333333333333,129.66666666666666,129.66666666666666,128.0,124.0,119.0,110.0,102.0,96.66666666666667,94.66666666666667,95.0,96.66666666666667,91.66666666666667,86.66666666666667,78.33333333333333,69.33333333333333,64.0,61.333333333333336,61.666666666666664,62.333333333333336,59.666666666666664,57.666666666666664,57.333333333333336,57.333333333333336,51.666666666666664,46.666666666666664,49.666666666666664,55.666666666666664,72.33333333333333,86.33333333333333,100.33333333333333,104.33333333333333,103.33333333333333,100.33333333333333,97.33333333333333,93.33333333333333,92.66666666666667,93.66666666666667,95.66666666666667,97.66666666666667,97.66666666666667,97.66666666666667,96.66666666666667,96.66666666666667,99.33333333333333,98.33333333333333,97.33333333333333,96.33333333333333,95.33333333333333,94.33333333333333,93.33333333333333,93.33333333333333,93.33333333333333,93.33333333333333,94.33333333333333,94.33333333333333,95.33333333333333,95.33333333333333,95.33333333333333,95.33333333333333,98.33333333333333,98.33333333333333,97.33333333333333,96.33333333333333,96.33333333333333,95.33333333333333,94.33333333333333,94.33333333333333,94.33333333333333,94.33333333333333,94.33333333333333,95.33333333333333,95.33333333333333,95.33333333333333,96.33333333333333,96.33333333333333,94.33333333333333,94.33333333333333,94.33333333333333,94.33333333333333,94.33333333333333,94.33333333333333,94.33333333333333,94.33333333333333,95.33333333333333,94.33333333333333,94.33333333333333,94.33333333333333,95.33333333333333,96.33333333333333,98.33333333333333,97.66666666666667,97.0,97.0,97.0,97.0,97.0,97.0,100.0,100.0,100.0,97.0,90.66666666666667,91.66666666666667,106.66666666666667,122.0,145.0,169.0,180.0,174.33333333333334,167.0,145.33333333333334,114.33333333333333,97.33333333333333,86.0,82.66666666666667,85.0,93.33333333333333,101.66666666666667,102.33333333333333,100.0,100.66666666666667,103.66666666666667,102.0,100.66666666666667,100.33333333333333,98.0,98.66666666666667,98.33333333333333,99.0,99.66666666666667,101.0,101.66666666666667,102.66666666666667,103.0,102.0,102.0,101.0,102.33333333333333,100.33333333333333,98.33333333333333,101.33333333333333,105.33333333333333,106.33333333333333,104.0,101.66666666666667,99.0,100.0,105.0,114.33333333333333,124.33333333333333,130.66666666666666,131.66666666666666,129.0,124.0,119.0,111.0,104.0,99.66666666666667,96.66666666666667,96.0,95.66666666666667,89.66666666666667,83.66666666666667,76.33333333333333,68.33333333333333,65.0,62.333333333333336,61.666666666666664,62.333333333333336,59.666666666666664,57.666666666666664,57.333333333333336,57.333333333333336,51.666666666666664,47.666666666666664,50.666666666666664,56.666666666666664,73.33333333333333,87.33333333333333,101.33333333333333,105.33333333333333,103.33333333333333,100.33333333333333,97.33333333333333,93.33333333333333,92.66666666666667,93.66666666666667,95.66666666666667,97.66666666666667,98.66666666666667,98.66666666666667,97.66666666666667,96.66666666666667,100.33333333333333,100.33333333333333,99.33333333333333,97.33333333333333,96.33333333333333,95.33333333333333,93.33333333333333,93.33333333333333,93.33333333333333,94.33333333333333,94.33333333333333,94.33333333333333,95.33333333333333,95.33333333333333,95.33333333333333,95.33333333333333,97.33333333333333,97.33333333333333,96.33333333333333,96.33333333333333,95.33333333333333,95.33333333333333,95.33333333333333,94.33333333333333,95.33333333333333,95.33333333333333,95.33333333333333,96.33333333333333,96.33333333333333,96.33333333333333,96.33333333333333,96.33333333333333,95.33333333333333,95.33333333333333,95.33333333333333,95.33333333333333,95.33333333333333,95.33333333333333,95.33333333333333,95.33333333333333,95.33333333333333,94.33333333333333,94.33333333333333,94.33333333333333,95.33333333333333,96.33333333333333,97.33333333333333,97.33333333333333,98.66666666666667,98.0,98.0,98.0,99.0,99.0,98.0,98.0,98.0,95.0,90.0,91.66666666666667,107.66666666666667,123.66666666666667,149.66666666666666,172.0,181.0,172.66666666666666,163.0,140.66666666666666,111.66666666666667,96.66666666666667,88.66666666666667,85.33333333333333,87.33333333333333,97.66666666666667,103.66666666666667,103.33333333333333,102.0,102.33333333333333,104.66666666666667,103.0,101.33333333333333,100.66666666666667,99.33333333333333,99.0,99.0,100.0,99.66666666666667,100.0,101.66666666666667,101.66666666666667,102.0,102.0,101.33333333333333,101.33333333333333,102.33333333333333,100.33333333333333,99.33333333333333,101.33333333333333,104.33333333333333,105.33333333333333,101.66666666666667,98.66666666666667,98.0,100.0,106.0,115.33333333333333,125.33333333333333,130.66666666666666,129.66666666666666,127.0,122.0,117.0,111.0,107.0,104.0,101.0,97.66666666666667,94.66666666666667,87.66666666666667,81.66666666666667,73.33333333333333,67.33333333333333,65.0,64.33333333333333,62.666666666666664,61.333333333333336,59.666666666666664,57.666666666666664,57.333333333333336,57.333333333333336,52.666666666666664,48.666666666666664,50.666666666666664,57.666666666666664,74.33333333333333,88.33333333333333,102.33333333333333,106.33333333333333,103.33333333333333,100.33333333333333,97.33333333333333,93.33333333333333,93.66666666666667,94.66666666666667,96.66666666666667,97.66666666666667,98.66666666666667,98.66666666666667,97.66666666666667,97.66666666666667,101.33333333333333,101.33333333333333,99.33333333333333,98.33333333333333,97.33333333333333,95.33333333333333,94.33333333333333,94.33333333333333,94.33333333333333,94.33333333333333,95.33333333333333,95.33333333333333,95.33333333333333,96.33333333333333,96.33333333333333,96.33333333333333,97.33333333333333,97.33333333333333,96.33333333333333,96.33333333333333,96.33333333333333,96.33333333333333,95.33333333333333,95.33333333333333,97.33333333333333,97.33333333333333,97.33333333333333,96.33333333333333,96.33333333333333,96.33333333333333,96.33333333333333,96.33333333333333,95.33333333333333,95.33333333333333,95.33333333333333,95.33333333333333,95.33333333333333,95.33333333333333,95.33333333333333,95.33333333333333,95.33333333333333,94.33333333333333,94.33333333333333,94.33333333333333,94.33333333333333,95.33333333333333,96.33333333333333,96.33333333333333,99.66666666666667,99.66666666666667,99.66666666666667,100.66666666666667,100.66666666666667,101.66666666666667,97.0,97.0,97.0,94.0,90.0,93.0,108.66666666666667,125.66666666666667,153.66666666666666,176.66666666666666,182.0,171.0,159.0,136.0,109.0,95.66666666666667,89.33333333333333,87.33333333333333,92.0,100.66666666666667,105.66666666666667,104.33333333333333,103.0,103.33333333333333,104.66666666666667,103.0,102.33333333333333,100.66666666666667,100.33333333333333,100.66666666666667,101.0,101.0,100.66666666666667,101.0,102.66666666666667,102.66666666666667,103.0,103.0,102.33333333333333,102.33333333333333,103.33333333333333,101.33333333333333,100.33333333333333,102.33333333333333,104.66666666666667,104.33333333333333,99.66666666666667,95.66666666666667,95.0,97.33333333333333,105.33333333333333,115.0,125.33333333333333,128.66666666666666,125.66666666666667,121.0,118.0,115.0,111.0,110.0,109.0,105.0,98.66666666666667,93.33333333333333,85.0,78.66666666666667,71.33333333333333,66.33333333333333,66.0,65.33333333333333,62.666666666666664,61.333333333333336,59.666666666666664,57.666666666666664,57.333333333333336,57.333333333333336,52.666666666666664,48.666666666666664,51.666666666666664,58.666666666666664,75.33333333333333,89.33333333333333,103.33333333333333,106.33333333333333,103.33333333333333,100.33333333333333,96.33333333333333,92.33333333333333,93.66666666666667,94.66666666666667,96.66666666666667,98.66666666666667,99.66666666666667,98.66666666666667,98.66666666666667,97.66666666666667,101.33333333333333,101.33333333333333,100.33333333333333,99.33333333333333,98.33333333333333,97.33333333333333,96.33333333333333,95.33333333333333,96.33333333333333,96.33333333333333,96.33333333333333,97.33333333333333,97.33333333333333,97.33333333333333,98.33333333333333,98.33333333333333,97.33333333333333,97.33333333333333,97.33333333333333,97.33333333333333,97.33333333333333,97.33333333333333,97.33333333333333,97.33333333333333,98.33333333333333,98.33333333333333,98.33333333333333,97.33333333333333,97.33333333333333,97.33333333333333,96.33333333333333,96.33333333333333,96.33333333333333,96.33333333333333,96.33333333333333,96.33333333333333,96.33333333333333,96.33333333333333,96.33333333333333,96.33333333333333,95.33333333333333,95.33333333333333,94.33333333333333,94.33333333333333,94.33333333333333,94.33333333333333,95.33333333333333,95.33333333333333,99.33333333333333,98.66666666666667,100.33333333333333,99.66666666666667,101.33333333333333,101.66666666666667,98.0,97.0,97.0,95.0,91.0,95.0,111.0,129.0,157.33333333333334,178.33333333333334,182.33333333333334,169.0,155.33333333333334,133.0,108.33333333333333,96.33333333333333,89.33333333333333,88.33333333333333,93.0,101.66666666666667,105.0,104.0,103.0,104.0,102.0,102.0,101.33333333333333,100.66666666666667,100.0,100.66666666666667,102.0,102.0,101.66666666666667,103.0,103.66666666666667,104.66666666666667,105.0,104.0,104.33333333333333,103.33333333333333,105.33333333333333,103.33333333333333,102.33333333333333,103.33333333333333,105.66666666666667,104.33333333333333,98.66666666666667,93.66666666666667,92.0,96.33333333333333,104.33333333333333,116.0,125.33333333333333,126.66666666666667,121.66666666666667,115.0,114.0,112.0,111.66666666666667,113.66666666666667,113.66666666666667,109.66666666666667,100.33333333333333,92.33333333333333,84.0,76.66666666666667,69.33333333333333,66.33333333333333,66.0,66.33333333333333,63.666666666666664,60.333333333333336,59.666666666666664,57.666666666666664,58.333333333333336,58.333333333333336,53.666666666666664,49.666666666666664,52.666666666666664,58.666666666666664,75.33333333333333,90.33333333333333,103.33333333333333,106.33333333333333,104.33333333333333,100.33333333333333,96.33333333333333,92.33333333333333,93.66666666666667,94.66666666666667,96.66666666666667,98.66666666666667,99.66666666666667,99.66666666666667,98.66666666666667,97.66666666666667,99.66666666666667,99.66666666666667,99.66666666666667,98.66666666666667,97.66666666666667,97.66666666666667,97.66666666666667,96.66666666666667,96.66666666666667,96.66666666666667,97.66666666666667,97.66666666666667,97.66666666666667,98.66666666666667,98.66666666666667,98.66666666666667,97.66666666666667,97.66666666666667,97.66666666666667,97.66666666666667,97.66666666666667,97.66666666666667,97.66666666666667,98.66666666666667,98.66666666666667,98.66666666666667,97.66666666666667,97.66666666666667,97.66666666666667,96.66666666666667,96.66666666666667,96.66666666666667,96.33333333333333,96.33333333333333,96.33333333333333,96.33333333333333,96.33333333333333,96.33333333333333,96.33333333333333,96.33333333333333,95.33333333333333,95.33333333333333,94.33333333333333,93.33333333333333,93.33333333333333,94.33333333333333,94.33333333333333,95.33333333333333,97.33333333333333,97.33333333333333,98.33333333333333,98.33333333333333,99.33333333333333,100.33333333333333,99.33333333333333,97.66666666666667,98.0,96.0,92.0,96.0,114.0,132.0,160.33333333333334,180.33333333333334,182.0,167.0,152.0,130.0,107.0,97.0,88.33333333333333,88.33333333333333,94.0,101.66666666666667,105.0,102.66666666666667,101.33333333333333,102.33333333333333,99.33333333333333,99.33333333333333,99.33333333333333,99.66666666666667,100.0,100.66666666666667,102.0,103.0,102.66666666666667,104.0,105.66666666666667,105.66666666666667,106.0,106.0,105.33333333333333,104.33333333333333,106.33333333333333,104.33333333333333,103.33333333333333,104.33333333333333,105.33333333333333,102.66666666666667,97.66666666666667,92.66666666666667,91.0,95.0,104.0,115.66666666666667,124.66666666666667,124.33333333333333,118.0,111.0,111.0,110.0,111.66666666666667,115.66666666666667,116.66666666666667,111.66666666666667,101.33333333333333,92.33333333333333,83.0,75.66666666666667,68.33333333333333,65.33333333333333,67.0,66.33333333333333,63.666666666666664,60.333333333333336,59.666666666666664,57.666666666666664,58.333333333333336,58.333333333333336,53.666666666666664,49.666666666666664,52.666666666666664,59.666666666666664,76.33333333333333,90.33333333333333,103.33333333333333,107.33333333333333,104.33333333333333,100.33333333333333,96.33333333333333,92.33333333333333,93.66666666666667,95.66666666666667,97.66666666666667,98.66666666666667,99.66666666666667,99.66666666666667,98.66666666666667,97.66666666666667,99.66666666666667,98.66666666666667,98.66666666666667,98.66666666666667,98.66666666666667,98.66666666666667,98.66666666666667,98.66666666666667,97.66666666666667,97.66666666666667,98.66666666666667,98.66666666666667,98.66666666666667,99.66666666666667,99.66666666666667,99.66666666666667,98.66666666666667,98.66666666666667,98.66666666666667,98.66666666666667,98.66666666666667,98.66666666666667,99.66666666666667,99.66666666666667,99.66666666666667,98.66666666666667,98.66666666666667,97.66666666666667,97.66666666666667,96.66666666666667,96.66666666666667,96.66666666666667,96.33333333333333,96.33333333333333,96.33333333333333,96.33333333333333,96.33333333333333,96.33333333333333,96.33333333333333,96.33333333333333,95.33333333333333,95.33333333333333,94.33333333333333,93.33333333333333,93.33333333333333,93.33333333333333,94.33333333333333,94.33333333333333,94.33333333333333,95.33333333333333,95.33333333333333,96.33333333333333,97.33333333333333,98.33333333333333,112.0,109.0,108.66666666666667,104.66666666666667,99.66666666666667,102.66666666666667,119.66666666666667,137.66666666666666,164.33333333333334,181.33333333333334,183.0,171.0,156.0,130.0,104.0,95.0,87.33333333333333,92.33333333333333,99.0,103.66666666666667,104.0,101.66666666666667,100.66666666666667,100.0,101.33333333333333,99.66666666666667,99.66666666666667,99.0,100.33333333333333,100.66666666666667,101.0,101.0,104.66666666666667,104.66666666666667,105.33333333333333,105.66666666666667,106.0,105.0,105.33333333333333,105.33333333333333,103.33333333333333,103.33333333333333,103.33333333333333,104.33333333333333,104.33333333333333,101.66666666666667,98.0,94.0,90.33333333333333,95.0,105.0,115.66666666666667,121.66666666666667,121.33333333333333,116.0,112.0,115.0,116.0,117.66666666666667,117.66666666666667,114.66666666666667,109.33333333333333,100.66666666666667,94.66666666666667,83.0,76.66666666666667,70.33333333333333,68.33333333333333,69.0,68.33333333333333,63.666666666666664,59.333333333333336,57.666666666666664,56.666666666666664,58.333333333333336,59.333333333333336,55.666666666666664,51.666666666666664,54.666666666666664,60.666666666666664,72.33333333333333,86.33333333333333,101.33333333333333,105.33333333333333,103.33333333333333,101.33333333333333,98.33333333333333,94.33333333333333,92.66666666666667,93.66666666666667,95.66666666666667,97.66666666666667,98.66666666666667,98.66666666666667,98.66666666666667,97.66666666666667,96.0,96.0,96.0,96.0,96.0,96.0,96.0,96.0,97.0,97.0,98.0,99.0,100.0,100.0,101.0,102.0,98.0,97.0,97.0,97.0,97.0,98.0,99.0,100.0,101.0,101.0,100.0,100.0,100.0,99.0,99.0,99.66666666666667,98.33333333333333,98.33333333333333,98.33333333333333,97.33333333333333,96.33333333333333,96.33333333333333,96.33333333333333,95.33333333333333,94.33333333333333,95.33333333333333,95.33333333333333,95.33333333333333,96.33333333333333,97.33333333333333,97.33333333333333,97.33333333333333,97.33333333333333,97.33333333333333,97.33333333333333,97.33333333333333,97.33333333333333,97.33333333333333,128.66666666666666,125.33333333333333,120.66666666666667,113.66666666666667,105.66666666666667,107.0,123.0,140.0,166.66666666666666,182.33333333333334,184.33333333333334,170.0,154.0,128.0,103.0,95.0,88.33333333333333,92.33333333333333,99.0,102.33333333333333,101.33333333333333,99.0,96.0,95.0,97.0,97.0,96.33333333333333,96.66666666666667,96.66666666666667,97.0,99.66666666666667,99.66666666666667,101.66666666666667,102.0,102.0,102.33333333333333,101.66666666666667,101.66666666666667,102.33333333333333,102.33333333333333,100.33333333333333,99.33333333333333,100.33333333333333,102.33333333333333,102.66666666666667,101.66666666666667,98.66666666666667,95.33333333333333,91.33333333333333,95.33333333333333,104.66666666666667,114.0,120.0,120.33333333333333,116.0,111.0,115.0,115.0,116.66666666666667,117.0,114.33333333333333,108.33333333333333,100.66666666666667,93.66666666666667,86.0,78.66666666666667,71.33333333333333,66.33333333333333,67.0,66.33333333333333,63.666666666666664,61.333333333333336,58.666666666666664,57.666666666666664,59.333333333333336,60.333333333333336,55.666666666666664,51.666666666666664,54.666666666666664,60.666666666666664,73.33333333333333,87.33333333333333,101.33333333333333,105.33333333333333,103.33333333333333,101.33333333333333,98.33333333333333,95.33333333333333,93.66666666666667,94.66666666666667,96.66666666666667,97.66666666666667,98.66666666666667,98.66666666666667,97.66666666666667,96.66666666666667,96.0,96.0,96.0,96.0,96.0,96.0,96.0,96.0,96.0,97.0,97.0,98.0,99.0,100.0,101.0,101.0,99.0,99.0,98.0,98.0,99.0,100.0,101.0,101.0,102.0,102.0,101.0,101.0,100.0,100.0,100.0,100.0,100.33333333333333,100.33333333333333,100.33333333333333,99.33333333333333,99.33333333333333,98.33333333333333,98.33333333333333,98.33333333333333,96.33333333333333,96.33333333333333,96.33333333333333,97.33333333333333,97.33333333333333,98.33333333333333,98.33333333333333,98.33333333333333,98.33333333333333,98.33333333333333,98.33333333333333,98.33333333333333,98.33333333333333,98.33333333333333,150.0,144.0,137.33333333333334,126.33333333333333,115.33333333333333,115.33333333333333,129.33333333333334,146.0,170.0,186.0,186.0,170.0,153.0,126.0,103.0,96.0,91.0,95.66666666666667,101.66666666666667,104.0,103.0,99.66666666666667,96.66666666666667,94.66666666666667,95.66666666666667,95.66666666666667,95.0,94.66666666666667,94.66666666666667,95.33333333333333,96.33333333333333,97.33333333333333,99.33333333333333,99.66666666666667,98.66666666666667,99.0,98.0,98.33333333333333,97.66666666666667,97.66666666666667,95.66666666666667,95.66666666666667,96.66666666666667,99.33333333333333,102.66666666666667,102.0,101.33333333333333,99.0,93.0,96.33333333333333,104.66666666666667,112.0,118.0,119.33333333333333,115.0,112.0,116.66666666666667,116.66666666666667,117.0,117.0,114.33333333333333,108.33333333333333,99.66666666666667,94.0,89.0,81.66666666666667,73.33333333333333,67.33333333333333,67.0,66.33333333333333,64.66666666666667,63.333333333333336,59.666666666666664,58.666666666666664,60.333333333333336,60.333333333333336,56.666666666666664,51.666666666666664,54.666666666666664,60.666666666666664,74.33333333333333,88.33333333333333,102.33333333333333,105.33333333333333,103.33333333333333,101.33333333333333,99.33333333333333,95.33333333333333,94.66666666666667,95.66666666666667,97.66666666666667,98.66666666666667,98.66666666666667,97.66666666666667,96.66666666666667,95.66666666666667,95.0,95.0,95.0,95.0,95.0,95.0,96.0,96.0,96.0,96.0,97.0,98.0,98.0,99.0,100.0,100.0,100.0,100.0,100.0,100.0,100.0,101.0,102.0,102.0,103.0,103.0,102.0,102.0,102.0,101.0,101.0,101.0,102.33333333333333,102.33333333333333,102.33333333333333,102.33333333333333,101.33333333333333,101.33333333333333,101.33333333333333,101.33333333333333,98.33333333333333,98.33333333333333,98.33333333333333,99.33333333333333,99.33333333333333,99.33333333333333,99.33333333333333,100.33333333333333,100.33333333333333,99.66666666666667,100.33333333333333,99.66666666666667,100.33333333333333,99.66666666666667,156.66666666666666,152.66666666666666,146.66666666666666,137.66666666666666,126.66666666666667,124.0,137.0,152.33333333333334,176.33333333333334,191.0,189.0,171.0,151.0,125.0,104.0,99.0,94.66666666666667,99.33333333333333,107.0,110.66666666666667,111.0,107.0,104.0,102.33333333333333,102.33333333333333,101.33333333333333,99.33333333333333,98.33333333333333,96.33333333333333,95.0,96.0,95.33333333333333,98.33333333333333,98.33333333333333,98.0,97.66666666666667,96.66666666666667,96.0,96.0,95.0,94.66666666666667,94.33333333333333,95.33333333333333,98.0,102.0,103.0,103.33333333333333,101.0,94.33333333333333,97.0,103.0,110.0,116.0,118.33333333333333,115.0,113.0,118.66666666666667,118.66666666666667,118.0,117.0,114.33333333333333,108.66666666666667,101.0,96.0,89.0,83.66666666666667,77.33333333333333,72.33333333333333,70.0,67.33333333333333,63.666666666666664,62.333333333333336,61.666666666666664,60.666666666666664,61.333333333333336,61.333333333333336,56.666666666666664,52.666666666666664,54.666666666666664,60.666666666666664,75.33333333333333,89.33333333333333,102.33333333333333,105.33333333333333,103.33333333333333,101.33333333333333,99.33333333333333,96.33333333333333,96.66666666666667,97.66666666666667,98.66666666666667,99.66666666666667,98.66666666666667,97.66666666666667,96.66666666666667,95.66666666666667,95.0,95.0,95.0,95.0,96.0,96.0,96.0,96.0,96.0,97.0,97.0,97.0,98.0,98.0,99.0,99.0,100.0,100.0,100.0,99.0,100.0,101.0,102.0,102.0,104.0,104.0,104.0,103.0,103.0,102.0,102.0,102.0,102.66666666666667,103.33333333333333,103.33333333333333,102.33333333333333,102.33333333333333,102.33333333333333,102.33333333333333,102.33333333333333,100.33333333333333,100.33333333333333,100.33333333333333,100.33333333333333,101.33333333333333,101.33333333333333,101.33333333333333,101.33333333333333,101.66666666666667,101.66666666666667,101.66666666666667,101.66666666666667,101.66666666666667,101.66666666666667,151.33333333333334,150.33333333333334,148.33333333333334,141.33333333333334,132.33333333333334,130.66666666666666,141.66666666666666,157.0,180.0,193.66666666666666,190.33333333333334,169.66666666666666,148.66666666666666,123.66666666666667,104.66666666666667,101.66666666666667,99.33333333333333,104.66666666666667,114.66666666666667,120.33333333333333,121.66666666666667,119.66666666666667,117.33333333333333,115.33333333333333,113.33333333333333,111.33333333333333,109.33333333333333,106.33333333333333,102.33333333333333,99.66666666666667,98.33333333333333,97.66666666666667,97.66666666666667,97.66666666666667,97.33333333333333,96.33333333333333,97.0,95.66666666666667,94.66666666666667,94.66666666666667,93.33333333333333,92.0,93.0,96.0,99.0,100.33333333333333,100.33333333333333,99.0,95.66666666666667,97.0,101.0,108.0,114.0,116.66666666666667,116.0,115.0,121.66666666666667,120.66666666666667,120.0,118.0,115.33333333333333,109.66666666666667,103.0,97.0,86.0,83.66666666666667,81.33333333333333,78.33333333333333,75.0,69.33333333333333,63.666666666666664,60.333333333333336,63.666666666666664,62.666666666666664,62.333333333333336,62.333333333333336,57.666666666666664,52.666666666666664,54.666666666666664,59.666666666666664,76.33333333333333,90.33333333333333,102.33333333333333,104.33333333333333,102.33333333333333,100.33333333333333,98.33333333333333,95.33333333333333,96.66666666666667,97.66666666666667,98.66666666666667,99.66666666666667,99.66666666666667,98.66666666666667,96.66666666666667,95.66666666666667,95.0,94.66666666666667,95.66666666666667,95.66666666666667,96.66666666666667,96.66666666666667,96.66666666666667,97.66666666666667,96.66666666666667,96.66666666666667,97.66666666666667,97.66666666666667,97.66666666666667,97.66666666666667,98.66666666666667,98.66666666666667,98.66666666666667,98.66666666666667,98.66666666666667,98.66666666666667,98.66666666666667,99.66666666666667,100.66666666666667,100.66666666666667,103.66666666666667,103.66666666666667,103.66666666666667,103.66666666666667,102.66666666666667,102.66666666666667,101.66666666666667,102.0,101.66666666666667,102.33333333333333,102.33333333333333,102.33333333333333,102.33333333333333,102.33333333333333,102.33333333333333,102.33333333333333,102.33333333333333,102.33333333333333,102.33333333333333,102.33333333333333,102.33333333333333,102.33333333333333,101.33333333333333,101.33333333333333,102.66666666666667,102.0,102.0,102.0,102.0,102.0,144.66666666666666,143.0,142.66666666666666,138.66666666666666,131.66666666666666,130.33333333333334,143.33333333333334,158.66666666666666,180.66666666666666,195.0,189.66666666666666,167.33333333333334,146.0,120.66666666666667,104.66666666666667,104.33333333333333,103.33333333333333,111.33333333333333,121.33333333333333,129.33333333333334,132.33333333333334,130.66666666666666,128.66666666666666,127.66666666666667,124.33333333333333,122.33333333333333,119.33333333333333,114.66666666666667,110.66666666666667,107.66666666666667,105.66666666666667,104.33333333333333,102.33333333333333,101.33333333333333,100.33333333333333,99.66666666666667,99.33333333333333,99.0,98.0,98.0,96.0,95.0,94.0,95.0,96.33333333333333,97.33333333333333,97.33333333333333,95.0,95.66666666666667,96.0,99.0,104.66666666666667,112.0,116.66666666666667,118.0,117.0,122.66666666666667,120.66666666666667,120.0,118.0,114.66666666666667,108.66666666666667,102.0,97.0,83.0,83.66666666666667,84.33333333333333,82.33333333333333,78.0,71.33333333333333,64.66666666666667,61.333333333333336,65.66666666666667,64.66666666666667,64.33333333333333,63.333333333333336,57.666666666666664,52.666666666666664,53.666666666666664,59.666666666666664,76.33333333333333,89.33333333333333,101.33333333333333,103.33333333333333,100.33333333333333,99.33333333333333,97.33333333333333,94.33333333333333,96.66666666666667,97.66666666666667,98.66666666666667,99.66666666666667,99.66666666666667,98.66666666666667,97.66666666666667,96.0,96.0,95.66666666666667,96.66666666666667,96.66666666666667,97.66666666666667,98.66666666666667,98.66666666666667,99.66666666666667,98.66666666666667,98.66666666666667,98.66666666666667,98.66666666666667,98.66666666666667,98.66666666666667,98.66666666666667,98.66666666666667,98.66666666666667,98.66666666666667,97.66666666666667,97.66666666666667,98.66666666666667,99.66666666666667,100.66666666666667,100.66666666666667,103.66666666666667,103.66666666666667,103.66666666666667,102.66666666666667,102.66666666666667,101.66666666666667,101.66666666666667,102.0,100.66666666666667,101.33333333333333,101.33333333333333,101.33333333333333,102.33333333333333,102.33333333333333,102.33333333333333,102.33333333333333,103.33333333333333,103.33333333333333,103.33333333333333,102.33333333333333,102.33333333333333,102.33333333333333,102.33333333333333,100.66666666666667,102.0,102.0,102.0,102.0,102.0,102.0,142.66666666666666,139.66666666666666,136.0,130.0,123.0,124.0,140.0,157.33333333333334,177.33333333333334,191.33333333333334,186.33333333333334,161.66666666666666,140.33333333333334,116.33333333333333,102.33333333333333,104.33333333333333,107.33333333333333,114.66666666666667,125.66666666666667,134.66666666666666,137.66666666666666,137.0,135.0,133.33333333333334,131.0,129.0,126.0,122.33333333333333,118.33333333333333,116.33333333333333,114.33333333333333,113.33333333333333,112.66666666666667,112.66666666666667,111.66666666666667,111.0,109.0,108.33333333333333,107.33333333333333,107.33333333333333,106.0,103.33333333333333,102.0,100.33333333333333,101.0,100.33333333333333,98.33333333333333,97.0,94.66666666666667,95.0,98.0,103.66666666666667,111.0,116.66666666666667,119.66666666666667,119.66666666666667,121.66666666666667,119.66666666666667,118.0,115.0,112.66666666666667,106.66666666666667,100.0,95.0,84.0,83.66666666666667,85.33333333333333,82.33333333333333,78.0,72.33333333333333,67.66666666666667,65.33333333333333,66.66666666666667,65.66666666666667,65.33333333333333,64.33333333333333,58.666666666666664,52.666666666666664,53.666666666666664,59.666666666666664,76.33333333333333,89.33333333333333,100.33333333333333,101.33333333333333,98.33333333333333,97.33333333333333,95.33333333333333,93.33333333333333,95.66666666666667,96.66666666666667,98.66666666666667,99.66666666666667,100.66666666666667,100.66666666666667,99.66666666666667,98.0,97.0,96.66666666666667,97.66666666666667,98.66666666666667,99.66666666666667,100.66666666666667,100.66666666666667,101.66666666666667,100.66666666666667,99.66666666666667,99.66666666666667,99.66666666666667,99.66666666666667,99.66666666666667,99.66666666666667,99.66666666666667,99.66666666666667,99.66666666666667,99.66666666666667,99.66666666666667,99.66666666666667,100.66666666666667,101.66666666666667,102.66666666666667,102.66666666666667,102.66666666666667,102.66666666666667,102.66666666666667,101.66666666666667,101.66666666666667,101.66666666666667,101.0,100.66666666666667,101.33333333333333,101.33333333333333,102.33333333333333,102.33333333333333,103.33333333333333,103.33333333333333,103.33333333333333,103.33333333333333,103.33333333333333,103.33333333333333,102.33333333333333,102.33333333333333,101.33333333333333,101.33333333333333,100.66666666666667,102.0,101.66666666666667,101.66666666666667,101.66666666666667,101.66666666666667,101.66666666666667,144.0,138.33333333333334,132.0,122.66666666666667,114.66666666666667,118.0,137.0,156.0,175.0,189.33333333333334,183.33333333333334,159.33333333333334,136.66666666666666,113.66666666666667,100.66666666666667,103.33333333333333,109.33333333333333,116.66666666666667,127.66666666666667,137.33333333333334,140.33333333333334,139.0,135.66666666666666,134.66666666666666,132.66666666666666,130.66666666666666,129.0,126.0,123.0,121.0,120.0,120.0,123.0,122.0,121.66666666666667,120.66666666666667,119.66666666666667,117.66666666666667,117.0,117.0,116.33333333333333,113.33333333333333,109.33333333333333,108.0,106.33333333333333,105.33333333333333,103.33333333333333,101.33333333333333,93.0,94.0,97.0,102.0,109.66666666666667,116.66666666666667,121.0,122.0,119.0,117.0,115.66666666666667,113.33333333333333,110.33333333333333,104.66666666666667,98.0,92.66666666666667,85.33333333333333,85.0,84.33333333333333,82.0,77.0,72.33333333333333,69.66666666666667,69.0,67.66666666666667,66.33333333333333,65.33333333333333,65.33333333333333,59.333333333333336,53.333333333333336,54.333333333333336,60.333333333333336,75.66666666666667,87.66666666666667,98.66666666666667,100.33333333333333,97.33333333333333,96.33333333333333,95.33333333333333,92.33333333333333,94.66666666666667,95.66666666666667,97.66666666666667,99.66666666666667,100.66666666666667,100.66666666666667,100.66666666666667,99.66666666666667,98.0,97.66666666666667,98.66666666666667,99.66666666666667,100.66666666666667,101.66666666666667,101.66666666666667,102.66666666666667,101.66666666666667,101.66666666666667,101.0,101.0,101.0,101.0,101.0,100.66666666666667,101.66666666666667,101.66666666666667,100.66666666666667,100.66666666666667,100.66666666666667,101.66666666666667,102.66666666666667,103.66666666666667,102.66666666666667,102.66666666666667,101.66666666666667,101.66666666666667,102.0,101.0,101.0,101.0,101.66666666666667,102.33333333333333,102.33333333333333,103.33333333333333,103.33333333333333,104.33333333333333,104.33333333333333,104.33333333333333,103.33333333333333,103.33333333333333,103.33333333333333,102.33333333333333,102.33333333333333,101.33333333333333,101.33333333333333,100.66666666666667,102.0,102.0,102.0,102.0,102.0,102.0,138.66666666666666,133.0,126.33333333333333,117.0,111.0,115.33333333333333,134.33333333333334,154.66666666666666,179.0,185.0,181.33333333333334,160.33333333333334,129.66666666666666,105.33333333333333,98.33333333333333,100.33333333333333,105.33333333333333,116.33333333333333,131.33333333333334,142.33333333333334,144.33333333333334,142.0,139.0,138.0,138.66666666666666,137.33333333333334,134.33333333333334,132.0,129.33333333333334,128.33333333333334,128.33333333333334,129.33333333333334,129.0,129.0,128.0,126.66666666666667,126.0,126.0,126.66666666666667,127.66666666666667,130.0,129.0,123.33333333333333,118.33333333333333,119.0,121.0,117.0,109.33333333333333,102.0,95.66666666666667,92.66666666666667,96.66666666666667,103.66666666666667,109.66666666666667,117.66666666666667,126.66666666666667,121.66666666666667,117.66666666666667,112.33333333333333,109.33333333333333,107.33333333333333,103.66666666666667,98.66666666666667,93.66666666666667,86.0,83.33333333333333,83.0,85.33333333333333,81.0,73.0,67.66666666666667,67.66666666666667,68.33333333333333,67.33333333333333,67.66666666666667,67.66666666666667,62.0,55.0,56.0,60.333333333333336,77.0,87.66666666666667,98.66666666666667,102.66666666666667,97.66666666666667,92.66666666666667,92.33333333333333,94.33333333333333,96.33333333333333,97.33333333333333,98.33333333333333,100.33333333333333,100.0,101.0,101.0,99.66666666666667,103.0,101.66666666666667,101.66666666666667,101.66666666666667,102.0,102.0,103.0,103.0,105.0,104.0,103.66666666666667,103.66666666666667,102.66666666666667,101.66666666666667,100.66666666666667,100.0,100.66666666666667,100.0,100.66666666666667,101.66666666666667,101.66666666666667,102.66666666666667,103.0,103.0,102.0,102.0,102.0,102.0,102.66666666666667,102.66666666666667,102.66666666666667,102.66666666666667,104.33333333333333,104.33333333333333,104.33333333333333,104.33333333333333,104.33333333333333,104.33333333333333,104.33333333333333,104.33333333333333,103.33333333333333,103.33333333333333,102.33333333333333,102.33333333333333,102.33333333333333,101.33333333333333,101.33333333333333,101.33333333333333,103.66666666666667,103.66666666666667,103.66666666666667,102.66666666666667,102.66666666666667,101.66666666666667,138.0,133.0,126.0,118.0,112.0,116.0,135.33333333333334,154.33333333333334,178.66666666666666,184.0,180.33333333333334,159.33333333333334,128.66666666666666,105.66666666666667,98.33333333333333,100.33333333333333,106.33333333333333,118.33333333333333,134.66666666666666,145.33333333333334,148.33333333333334,147.66666666666666,144.0,143.0,143.66666666666666,142.0,138.66666666666666,136.33333333333334,135.0,133.66666666666666,133.0,134.66666666666666,135.0,134.0,133.33333333333334,132.33333333333334,131.33333333333334,131.0,131.0,131.66666666666666,130.66666666666666,132.0,131.0,129.33333333333334,130.33333333333334,132.0,125.0,116.33333333333333,106.33333333333333,97.0,92.66666666666667,95.66666666666667,102.66666666666667,109.66666666666667,119.33333333333333,128.33333333333334,124.33333333333333,119.33333333333333,112.66666666666667,108.66666666666667,106.66666666666667,102.66666666666667,97.66666666666667,93.33333333333333,86.66666666666667,84.0,84.0,84.33333333333333,80.66666666666667,72.0,66.66666666666667,66.33333333333333,66.66666666666667,66.33333333333333,66.66666666666667,65.66666666666667,61.0,55.0,56.0,61.0,76.66666666666667,87.0,100.66666666666667,104.66666666666667,99.66666666666667,94.66666666666667,95.33333333333333,97.33333333333333,97.33333333333333,98.33333333333333,99.33333333333333,101.33333333333333,101.33333333333333,102.0,102.0,100.66666666666667,100.0,99.66666666666667,98.66666666666667,98.66666666666667,99.0,100.0,101.0,102.0,103.66666666666667,103.66666666666667,102.66666666666667,102.66666666666667,102.33333333333333,101.33333333333333,100.33333333333333,99.66666666666667,100.66666666666667,100.0,100.66666666666667,101.66666666666667,101.66666666666667,102.66666666666667,103.0,103.0,103.0,103.0,103.66666666666667,103.66666666666667,103.66666666666667,103.66666666666667,104.33333333333333,104.33333333333333,104.33333333333333,104.33333333333333,104.33333333333333,104.33333333333333,104.33333333333333,104.33333333333333,104.33333333333333,104.33333333333333,103.33333333333333,103.33333333333333,103.33333333333333,103.33333333333333,102.33333333333333,102.33333333333333,102.33333333333333,101.33333333333333,104.33333333333333,104.33333333333333,104.33333333333333,103.33333333333333,103.33333333333333,102.33333333333333,139.0,134.0,127.0,120.0,115.0,120.0,138.33333333333334,156.33333333333334,178.66666666666666,183.0,178.33333333333334,157.33333333333334,127.33333333333333,105.33333333333333,99.66666666666667,101.33333333333333,108.33333333333333,120.66666666666667,138.33333333333334,150.0,155.0,154.0,151.66666666666666,150.33333333333334,151.66666666666666,150.0,148.66666666666666,146.33333333333334,145.0,144.66666666666666,144.66666666666666,144.66666666666666,143.66666666666666,141.66666666666666,140.0,138.0,135.0,134.66666666666666,133.66666666666666,134.0,129.0,133.66666666666666,137.33333333333334,138.33333333333334,141.33333333333334,141.33333333333334,133.33333333333334,123.33333333333333,111.66666666666667,101.0,93.0,93.0,99.66666666666667,108.66666666666667,119.66666666666667,129.66666666666666,128.33333333333334,122.33333333333333,114.66666666666667,108.66666666666667,105.66666666666667,101.66666666666667,96.66666666666667,93.33333333333333,86.66666666666667,84.0,83.0,82.33333333333333,78.66666666666667,70.0,65.66666666666667,65.33333333333333,65.66666666666667,63.666666666666664,64.33333333333333,63.333333333333336,59.0,54.0,56.0,62.0,77.0,88.66666666666667,101.66666666666667,106.66666666666667,102.66666666666667,97.66666666666667,97.33333333333333,98.33333333333333,98.66666666666667,98.33333333333333,100.33333333333333,101.33333333333333,102.33333333333333,102.33333333333333,102.33333333333333,101.66666666666667,99.33333333333333,99.33333333333333,98.33333333333333,98.33333333333333,99.33333333333333,100.33333333333333,101.66666666666667,101.66666666666667,105.33333333333333,105.33333333333333,104.33333333333333,103.33333333333333,103.66666666666667,102.66666666666667,102.66666666666667,101.33333333333333,101.33333333333333,100.66666666666667,100.66666666666667,100.66666666666667,102.33333333333333,102.33333333333333,102.33333333333333,102.33333333333333,104.66666666666667,104.66666666666667,104.66666666666667,104.66666666666667,105.33333333333333,105.33333333333333,105.33333333333333,105.33333333333333,105.66666666666667,105.66666666666667,105.66666666666667,105.66666666666667,105.66666666666667,105.66666666666667,105.66666666666667,105.66666666666667,104.66666666666667,104.66666666666667,104.66666666666667,103.66666666666667,103.66666666666667,102.66666666666667,102.66666666666667,102.66666666666667,104.33333333333333,104.0,104.0,103.0,103.0,102.0,140.0,135.0,129.0,124.0,121.33333333333333,127.0,143.66666666666666,160.33333333333334,179.0,181.66666666666666,175.0,154.33333333333334,126.33333333333333,105.33333333333333,99.66666666666667,102.33333333333333,110.66666666666667,123.66666666666667,142.0,155.66666666666666,161.0,160.66666666666666,158.33333333333334,158.0,160.0,159.66666666666666,158.33333333333334,157.66666666666666,156.66666666666666,156.0,156.0,156.0,151.33333333333334,149.33333333333334,145.33333333333334,141.33333333333334,137.66666666666666,134.66666666666666,132.0,131.0,127.66666666666667,132.0,136.66666666666666,139.66666666666666,143.66666666666666,144.66666666666666,138.33333333333334,128.66666666666666,118.66666666666667,106.0,94.0,92.0,97.66666666666667,107.66666666666667,120.66666666666667,132.66666666666666,132.33333333333334,125.33333333333333,115.66666666666667,108.66666666666667,103.66666666666667,99.66666666666667,94.66666666666667,90.33333333333333,85.66666666666667,82.0,81.0,80.33333333333333,76.66666666666667,68.0,64.66666666666667,64.33333333333333,64.66666666666667,62.666666666666664,63.333333333333336,62.333333333333336,58.0,53.0,56.0,62.0,77.0,89.66666666666667,103.66666666666667,108.66666666666667,104.66666666666667,98.66666666666667,96.33333333333333,97.33333333333333,96.33333333333333,97.33333333333333,99.66666666666667,99.66666666666667,101.33333333333333,100.66666666666667,101.33333333333333,100.66666666666667,100.33333333333333,100.33333333333333,100.33333333333333,100.33333333333333,100.33333333333333,101.33333333333333,102.66666666666667,103.66666666666667,106.33333333333333,106.33333333333333,106.33333333333333,105.33333333333333,105.66666666666667,104.66666666666667,104.66666666666667,103.33333333333333,101.33333333333333,100.66666666666667,100.66666666666667,100.66666666666667,101.33333333333333,101.33333333333333,101.33333333333333,102.33333333333333,105.66666666666667,105.66666666666667,105.66666666666667,105.66666666666667,106.33333333333333,106.33333333333333,106.33333333333333,106.33333333333333,105.66666666666667,105.66666666666667,105.66666666666667,105.66666666666667,105.66666666666667,105.66666666666667,105.66666666666667,105.66666666666667,104.66666666666667,104.66666666666667,104.66666666666667,104.66666666666667,103.66666666666667,103.66666666666667,102.66666666666667,102.33333333333333,104.0,104.0,104.0,103.0,103.0,102.0,140.66666666666666,135.66666666666666,131.0,129.0,128.33333333333334,134.0,150.66666666666666,166.33333333333334,180.0,179.66666666666666,172.0,152.0,125.33333333333333,106.33333333333333,100.33333333333333,102.33333333333333,112.66666666666667,126.0,145.33333333333334,159.0,165.33333333333334,164.0,162.0,160.66666666666666,165.33333333333334,164.66666666666666,165.33333333333334,165.0,166.0,165.33333333333334,165.33333333333334,165.33333333333334,159.33333333333334,157.66666666666666,152.66666666666666,147.66666666666666,142.33333333333334,138.33333333333334,135.0,134.0,133.0,135.0,137.66666666666666,139.33333333333334,144.33333333333334,147.33333333333334,143.66666666666666,135.33333333333334,125.0,110.66666666666667,96.66666666666667,92.66666666666667,96.66666666666667,106.66666666666667,122.0,135.0,135.66666666666666,127.66666666666667,115.66666666666667,106.66666666666667,101.33333333333333,96.33333333333333,91.33333333333333,86.33333333333333,83.0,79.33333333333333,79.0,78.33333333333333,74.33333333333333,67.0,63.666666666666664,64.33333333333333,64.66666666666667,63.666666666666664,63.333333333333336,63.333333333333336,58.0,53.0,55.0,61.0,76.66666666666667,89.0,104.0,110.0,106.0,98.66666666666667,94.66666666666667,94.66666666666667,96.66666666666667,96.66666666666667,99.33333333333333,99.66666666666667,101.33333333333333,100.33333333333333,100.66666666666667,100.33333333333333,102.66666666666667,101.66666666666667,102.33333333333333,101.33333333333333,101.33333333333333,101.33333333333333,102.66666666666667,103.66666666666667,104.66666666666667,104.66666666666667,105.0,105.0,104.0,104.0,104.0,103.66666666666667,101.66666666666667,101.0,101.0,101.0,101.66666666666667,101.66666666666667,101.66666666666667,100.66666666666667,105.33333333333333,105.33333333333333,105.66666666666667,105.66666666666667,105.66666666666667,105.66666666666667,105.66666666666667,105.33333333333333,104.66666666666667,104.33333333333333,104.33333333333333,104.33333333333333,104.33333333333333,104.33333333333333,104.33333333333333,104.33333333333333,104.33333333333333,104.33333333333333,104.33333333333333,103.33333333333333,103.33333333333333,102.33333333333333,102.33333333333333,102.33333333333333,104.33333333333333,104.33333333333333,104.33333333333333,103.33333333333333,103.33333333333333,102.33333333333333,138.66666666666666,133.66666666666666,131.0,131.0,133.33333333333334,141.33333333333334,156.66666666666666,171.66666666666666,180.0,179.0,170.0,149.0,123.33333333333333,106.33333333333333,101.33333333333333,103.0,114.33333333333333,128.0,147.0,160.33333333333334,166.0,165.0,161.66666666666666,160.33333333333334,165.66666666666666,166.33333333333334,167.0,167.33333333333334,168.33333333333334,168.66666666666666,168.66666666666666,168.66666666666666,168.0,165.0,161.0,156.0,151.33333333333334,146.33333333333334,143.66666666666666,143.33333333333334,145.33333333333334,148.0,147.0,146.0,149.0,153.66666666666666,150.66666666666666,143.66666666666666,129.66666666666666,114.66666666666667,98.66666666666667,92.66666666666667,95.66666666666667,106.66666666666667,122.0,136.0,137.66666666666666,127.66666666666667,113.66666666666667,102.66666666666667,96.33333333333333,91.33333333333333,85.33333333333333,82.33333333333333,80.0,76.33333333333333,76.0,75.33333333333333,72.33333333333333,66.0,64.0,65.33333333333333,65.66666666666667,64.66666666666667,66.33333333333333,65.33333333333333,60.0,54.0,54.0,59.0,72.66666666666667,87.66666666666667,104.66666666666667,112.0,108.0,102.0,97.66666666666667,97.33333333333333,100.33333333333333,101.33333333333333,102.33333333333333,103.0,104.33333333333333,104.0,104.0,104.66666666666667,104.66666666666667,104.66666666666667,102.66666666666667,102.33333333333333,101.33333333333333,101.33333333333333,101.33333333333333,101.66666666666667,102.0,101.66666666666667,102.0,102.0,102.0,102.0,101.0,100.66666666666667,101.66666666666667,101.0,101.0,101.0,100.66666666666667,100.66666666666667,100.66666666666667,100.66666666666667,103.33333333333333,103.33333333333333,103.66666666666667,103.66666666666667,103.66666666666667,103.66666666666667,103.66666666666667,103.66666666666667,102.66666666666667,102.33333333333333,102.33333333333333,102.33333333333333,102.33333333333333,102.33333333333333,102.33333333333333,102.33333333333333,103.33333333333333,103.33333333333333,102.33333333333333,102.33333333333333,102.33333333333333,101.33333333333333,101.33333333333333,101.33333333333333,104.33333333333333,104.33333333333333,104.33333333333333,103.33333333333333,103.33333333333333,102.33333333333333,135.0,130.0,127.66666666666667,130.66666666666666,135.0,144.0,159.0,173.0,179.33333333333334,178.0,168.0,147.0,123.0,106.0,102.33333333333333,104.0,116.0,129.33333333333334,147.33333333333334,161.0,165.33333333333334,163.0,159.33333333333334,156.66666666666666,161.66666666666666,163.33333333333334,165.0,166.0,167.0,167.33333333333334,167.33333333333334,167.33333333333334,169.33333333333334,169.0,166.0,162.0,159.33333333333334,156.33333333333334,155.66666666666666,154.66666666666666,159.33333333333334,160.66666666666666,158.66666666666666,158.33333333333334,160.33333333333334,162.66666666666666,157.66666666666666,149.66666666666666,132.33333333333334,117.33333333333333,100.33333333333333,93.33333333333333,96.66666666666667,106.66666666666667,121.66666666666667,135.66666666666666,137.0,126.0,111.66666666666667,99.66666666666667,91.66666666666667,85.66666666666667,80.66666666666667,76.66666666666667,77.0,73.33333333333333,72.33333333333333,73.0,71.33333333333333,66.0,64.0,65.66666666666667,66.0,66.0,67.66666666666667,67.66666666666667,62.333333333333336,53.333333333333336,53.0,56.0,68.33333333333333,83.66666666666667,102.66666666666667,113.0,112.0,106.66666666666667,104.66666666666667,104.0,108.0,108.0,110.0,110.66666666666667,112.0,111.66666666666667,111.66666666666667,112.33333333333333,112.33333333333333,110.33333333333333,109.66666666666667,107.66666666666667,106.0,104.66666666666667,104.0,104.33333333333333,101.66666666666667,101.33333333333333,103.33333333333333,103.0,103.33333333333333,103.0,103.33333333333333,102.33333333333333,101.66666666666667,101.33333333333333,101.33333333333333,100.33333333333333,100.33333333333333,99.33333333333333,99.66666666666667,99.66666666666667,99.66666666666667,99.66666666666667,100.33333333333333,100.33333333333333,100.33333333333333,100.33333333333333,101.0,100.66666666666667,101.33333333333333,101.33333333333333,101.33333333333333,101.33333333333333,101.33333333333333,101.33333333333333,101.33333333333333,101.33333333333333,102.33333333333333,102.33333333333333,101.33333333333333,101.33333333333333,100.33333333333333,100.33333333333333,100.33333333333333,100.33333333333333,104.33333333333333,104.33333333333333,104.33333333333333,103.33333333333333,103.33333333333333,102.33333333333333,131.0,127.0,125.66666666666667,129.66666666666666,136.0,145.0,160.33333333333334,174.0,179.66666666666666,176.33333333333334,166.0,146.0,122.0,106.0,102.33333333333333,103.66666666666667,116.33333333333333,129.0,148.0,161.0,165.0,161.66666666666666,156.66666666666666,153.33333333333334,158.33333333333334,159.0,161.33333333333334,163.66666666666666,164.66666666666666,165.0,165.0,165.0,166.66666666666666,165.66666666666666,164.33333333333334,163.33333333333334,161.33333333333334,161.0,161.0,161.33333333333334,165.66666666666666,167.33333333333334,166.33333333333334,165.66666666666666,166.66666666666666,166.66666666666666,160.33333333333334,151.33333333333334,134.33333333333334,118.33333333333333,101.33333333333333,94.33333333333333,96.66666666666667,106.66666666666667,121.66666666666667,134.66666666666666,137.0,126.0,110.66666666666667,96.66666666666667,88.66666666666667,82.66666666666667,77.66666666666667,74.33333333333333,75.0,72.33333333333333,71.33333333333333,72.0,71.33333333333333,66.0,65.0,66.66666666666667,66.0,67.0,69.66666666666667,69.66666666666667,64.33333333333333,54.333333333333336,52.0,54.0,65.33333333333333,81.33333333333333,102.66666666666667,114.0,115.66666666666667,111.0,110.0,110.0,113.33333333333333,114.33333333333333,115.33333333333333,116.33333333333333,117.33333333333333,117.33333333333333,118.0,118.0,119.0,118.0,116.0,113.0,111.66666666666667,109.66666666666667,108.66666666666667,108.66666666666667,105.33333333333333,105.0,105.66666666666667,105.66666666666667,105.66666666666667,105.66666666666667,105.66666666666667,106.66666666666667,101.66666666666667,100.66666666666667,101.33333333333333,99.66666666666667,100.33333333333333,99.33333333333333,99.33333333333333,99.66666666666667,98.66666666666667,98.66666666666667,98.66666666666667,99.33333333333333,99.33333333333333,99.33333333333333,99.33333333333333,99.66666666666667,100.33333333333333,100.33333333333333,100.33333333333333,100.33333333333333,100.33333333333333,100.33333333333333,100.33333333333333,100.33333333333333,101.33333333333333,101.33333333333333,100.33333333333333,100.33333333333333,100.33333333333333,99.33333333333333,99.33333333333333,99.33333333333333,104.33333333333333,104.33333333333333,104.33333333333333,103.33333333333333,103.33333333333333,102.33333333333333,129.33333333333334,127.33333333333333,125.0,125.66666666666667,132.66666666666666,147.0,164.33333333333334,176.0,182.66666666666666,179.33333333333334,167.0,143.66666666666666,119.0,104.0,102.0,105.66666666666667,119.33333333333333,134.66666666666666,153.0,161.66666666666666,164.0,161.66666666666666,155.33333333333334,148.33333333333334,156.0,156.33333333333334,158.33333333333334,160.0,161.66666666666666,163.0,164.0,164.66666666666666,168.66666666666666,166.66666666666666,164.0,160.0,158.0,158.33333333333334,158.33333333333334,160.0,164.66666666666666,165.66666666666666,165.66666666666666,164.33333333333334,165.33333333333334,165.33333333333334,160.0,151.0,137.33333333333334,119.33333333333333,100.33333333333333,93.33333333333333,98.33333333333333,110.33333333333333,126.66666666666667,138.66666666666666,135.66666666666666,126.66666666666667,113.0,98.0,85.0,77.0,74.66666666666667,74.33333333333333,70.66666666666667,73.0,74.0,74.33333333333333,73.0,69.33333333333333,66.0,63.666666666666664,64.0,64.0,66.66666666666667,68.66666666666667,65.33333333333333,56.333333333333336,51.333333333333336,52.333333333333336,69.33333333333333,85.33333333333333,104.66666666666667,119.33333333333333,122.0,121.0,120.33333333333333,119.66666666666667,125.33333333333333,123.0,122.0,123.0,125.33333333333333,126.33333333333333,125.66666666666667,123.66666666666667,126.33333333333333,127.0,126.0,124.0,123.0,121.0,120.33333333333333,119.0,115.33333333333333,113.0,109.66666666666667,106.66666666666667,105.66666666666667,106.66666666666667,109.33333333333333,110.66666666666667,109.0,107.0,104.0,103.0,104.0,105.0,105.0,104.66666666666667,101.66666666666667,101.66666666666667,99.66666666666667,99.0,98.0,98.0,98.0,98.33333333333333,96.33333333333333,96.66666666666667,96.66666666666667,96.66666666666667,97.66666666666667,97.66666666666667,97.66666666666667,97.66666666666667,96.66666666666667,97.66666666666667,98.66666666666667,98.66666666666667,99.66666666666667,99.66666666666667,98.66666666666667,98.66666666666667,102.33333333333333,102.33333333333333,103.33333333333333,103.33333333333333,103.33333333333333,103.33333333333333,126.33333333333333,124.33333333333333,124.0,125.0,133.0,147.66666666666666,165.0,177.33333333333334,183.66666666666666,178.66666666666666,165.0,142.0,117.0,103.0,103.0,107.66666666666667,121.0,137.0,153.66666666666666,161.66666666666666,163.66666666666666,161.33333333333334,155.66666666666666,149.0,152.0,153.33333333333334,155.33333333333334,156.66666666666666,158.66666666666666,160.0,161.0,161.0,164.66666666666666,162.66666666666666,159.66666666666666,156.66666666666666,155.0,155.0,155.33333333333334,156.33333333333334,158.0,160.66666666666666,160.66666666666666,158.66666666666666,161.33333333333334,162.33333333333334,155.33333333333334,147.33333333333334,134.0,116.33333333333333,98.33333333333333,92.33333333333333,98.33333333333333,110.33333333333333,126.66666666666667,138.66666666666666,134.66666666666666,126.66666666666667,113.0,99.0,86.0,78.0,75.66666666666667,74.33333333333333,73.66666666666667,75.0,77.0,76.33333333333333,75.0,70.33333333333333,66.0,62.333333333333336,62.666666666666664,63.0,65.66666666666667,66.66666666666667,63.333333333333336,54.333333333333336,50.333333333333336,52.333333333333336,67.33333333333333,83.66666666666667,106.33333333333333,123.66666666666667,131.0,130.66666666666666,130.33333333333334,130.66666666666666,131.0,130.0,128.0,128.0,129.0,129.66666666666666,128.66666666666666,127.0,126.33333333333333,128.33333333333334,131.0,131.33333333333334,131.0,129.0,126.0,124.33333333333333,122.33333333333333,120.33333333333333,118.33333333333333,117.0,117.0,117.0,119.0,119.0,118.0,114.33333333333333,111.33333333333333,110.33333333333333,110.33333333333333,110.0,108.0,107.0,106.0,105.0,103.0,102.0,100.66666666666667,100.66666666666667,99.66666666666667,99.66666666666667,98.66666666666667,98.33333333333333,98.66666666666667,97.33333333333333,97.66666666666667,97.33333333333333,97.66666666666667,97.33333333333333,98.66666666666667,98.33333333333333,99.66666666666667,99.33333333333333,99.66666666666667,98.33333333333333,98.66666666666667,97.66666666666667,100.66666666666667,100.66666666666667,101.33333333333333,100.66666666666667,101.33333333333333,100.66666666666667,122.66666666666667,121.66666666666667,120.66666666666667,123.33333333333333,133.0,147.66666666666666,166.0,179.0,183.0,176.0,160.33333333333334,136.33333333333334,114.66666666666667,102.66666666666667,104.0,108.66666666666667,125.33333333333333,139.0,153.66666666666666,161.0,161.66666666666666,159.33333333333334,155.66666666666666,149.0,148.33333333333334,149.0,150.33333333333334,152.0,154.0,155.0,156.0,156.0,156.66666666666666,154.66666666666666,152.0,150.0,149.33333333333334,148.33333333333334,150.0,150.0,151.33333333333334,153.33333333333334,154.0,154.0,156.0,157.0,151.66666666666666,143.66666666666666,129.0,111.0,94.0,90.0,98.33333333333333,111.33333333333333,126.33333333333333,138.33333333333334,132.66666666666666,125.66666666666667,112.66666666666667,99.66666666666667,88.0,80.0,76.0,74.66666666666667,76.33333333333333,77.33333333333333,80.0,79.33333333333333,77.0,70.33333333333333,66.0,61.333333333333336,61.666666666666664,60.666666666666664,62.0,63.0,59.666666666666664,51.666666666666664,49.333333333333336,51.333333333333336,62.666666666666664,82.66666666666667,108.66666666666667,130.0,141.0,144.0,145.0,146.33333333333334,139.0,137.0,135.0,133.0,133.33333333333334,132.33333333333334,131.0,129.33333333333334,127.33333333333333,130.33333333333334,135.0,137.33333333333334,138.0,135.0,131.0,128.66666666666666,129.66666666666666,129.66666666666666,129.66666666666666,129.66666666666666,128.66666666666666,128.66666666666666,129.66666666666666,130.0,125.66666666666667,123.66666666666667,121.66666666666667,119.66666666666667,118.66666666666667,117.33333333333333,114.33333333333333,111.33333333333333,112.0,111.0,109.0,108.0,106.0,105.0,105.0,105.0,103.33333333333333,103.0,102.33333333333333,102.0,101.33333333333333,100.0,100.33333333333333,99.0,101.33333333333333,101.0,101.33333333333333,101.0,100.33333333333333,99.0,98.33333333333333,97.0,98.66666666666667,98.33333333333333,99.33333333333333,97.33333333333333,98.33333333333333,96.33333333333333,119.66666666666667,118.66666666666667,118.66666666666667,121.66666666666667,133.0,149.0,168.0,181.0,183.33333333333334,175.0,157.66666666666666,132.33333333333334,112.0,101.66666666666667,104.0,109.66666666666667,126.33333333333333,139.33333333333334,151.66666666666666,156.33333333333334,156.33333333333334,155.33333333333334,151.66666666666666,148.0,142.33333333333334,143.0,145.0,147.33333333333334,149.0,149.66666666666666,150.66666666666666,150.0,146.66666666666666,145.66666666666666,144.0,143.0,142.33333333333334,141.33333333333334,143.0,143.0,145.33333333333334,148.33333333333334,150.0,151.0,154.0,155.0,149.66666666666666,140.66666666666666,123.33333333333333,106.0,90.0,89.0,99.33333333333333,113.33333333333333,127.33333333333333,137.33333333333334,130.66666666666666,123.66666666666667,112.66666666666667,99.66666666666667,89.0,81.0,77.0,75.66666666666667,80.33333333333333,81.33333333333333,82.0,80.33333333333333,77.0,71.33333333333333,66.0,61.333333333333336,60.666666666666664,59.666666666666664,61.0,61.0,57.666666666666664,50.666666666666664,48.333333333333336,50.333333333333336,59.666666666666664,81.33333333333333,110.0,135.33333333333334,148.33333333333334,154.0,156.0,157.33333333333334,146.0,142.33333333333334,139.33333333333334,137.66666666666666,137.0,135.66666666666666,133.33333333333334,131.33333333333334,130.33333333333334,132.0,135.33333333333334,137.33333333333334,137.33333333333334,134.33333333333334,131.33333333333334,130.0,131.0,132.0,134.66666666666666,135.33333333333334,135.66666666666666,134.33333333333334,134.0,134.0,130.0,129.0,128.0,127.0,127.33333333333333,124.33333333333333,120.33333333333333,117.33333333333333,114.66666666666667,114.66666666666667,113.66666666666667,112.66666666666667,113.33333333333333,113.33333333333333,113.33333333333333,114.33333333333333,113.0,112.0,111.0,110.0,109.0,107.0,106.0,106.0,107.0,107.0,107.0,106.0,105.0,103.0,101.0,99.66666666666667,99.33333333333333,98.33333333333333,97.33333333333333,96.33333333333333,95.33333333333333,94.33333333333333,116.33333333333333,116.33333333333333,116.66666666666667,121.66666666666667,132.33333333333334,151.0,170.0,183.0,184.33333333333334,173.0,153.66666666666666,129.33333333333334,109.0,101.0,102.66666666666667,108.0,125.0,135.33333333333334,145.66666666666666,147.33333333333334,146.33333333333334,146.33333333333334,144.66666666666666,142.0,135.33333333333334,136.0,138.0,140.33333333333334,142.33333333333334,143.0,143.66666666666666,143.66666666666666,142.33333333333334,141.33333333333334,141.33333333333334,140.33333333333334,139.33333333333334,139.33333333333334,140.0,140.0,142.33333333333334,145.33333333333334,148.0,149.33333333333334,152.33333333333334,153.33333333333334,147.66666666666666,138.66666666666666,117.33333333333333,101.33333333333333,88.33333333333333,91.33333333333333,104.33333333333333,118.33333333333333,130.66666666666666,137.66666666666666,128.66666666666666,121.66666666666667,110.0,98.0,87.0,81.0,78.66666666666667,77.66666666666667,82.33333333333333,82.33333333333333,81.33333333333333,78.66666666666667,75.33333333333333,68.66666666666667,64.33333333333333,61.333333333333336,61.666666666666664,59.666666666666664,61.0,62.0,57.666666666666664,49.666666666666664,46.666666666666664,47.666666666666664,57.333333333333336,78.66666666666667,110.0,135.66666666666666,150.66666666666666,157.33333333333334,161.66666666666666,162.33333333333334,154.33333333333334,150.66666666666666,147.66666666666666,146.33333333333334,144.66666666666666,142.66666666666666,140.0,137.0,139.0,138.66666666666666,139.66666666666666,139.0,137.66666666666666,135.0,134.66666666666666,133.66666666666666,131.0,132.66666666666666,134.66666666666666,136.33333333333334,136.66666666666666,135.33333333333334,134.0,132.33333333333334,131.0,131.66666666666666,130.66666666666666,131.66666666666666,133.0,132.0,129.0,126.0,120.33333333333333,119.33333333333333,119.33333333333333,120.33333333333333,121.0,123.0,124.0,125.0,123.33333333333333,123.33333333333333,121.33333333333333,120.33333333333333,118.33333333333333,117.33333333333333,116.33333333333333,115.33333333333333,114.33333333333333,114.33333333333333,114.33333333333333,113.33333333333333,111.33333333333333,109.33333333333333,108.33333333333333,107.33333333333333,103.0,102.0,100.0,98.0,96.0,96.0,116.33333333333333,116.33333333333333,116.66666666666667,121.66666666666667,133.33333333333334,151.33333333333334,171.66666666666666,185.0,184.33333333333334,173.33333333333334,152.66666666666666,127.66666666666667,108.0,99.0,100.66666666666667,105.0,120.0,129.33333333333334,137.0,136.66666666666666,134.33333333333334,136.0,134.66666666666666,132.0,127.0,128.33333333333334,130.0,132.0,133.33333333333334,135.33333333333334,135.0,135.66666666666666,139.33333333333334,139.33333333333334,139.33333333333334,138.33333333333334,138.33333333333334,138.33333333333334,139.0,139.0,138.33333333333334,142.0,145.33333333333334,146.33333333333334,149.33333333333334,150.33333333333334,142.66666666666666,133.66666666666666,111.33333333333333,97.33333333333333,88.33333333333333,95.33333333333333,110.33333333333333,124.33333333333333,133.66666666666666,138.66666666666666,127.66666666666667,119.66666666666667,107.0,94.0,85.0,80.0,78.66666666666667,78.66666666666667,83.33333333333333,82.33333333333333,79.33333333333333,75.66666666666667,71.33333333333333,66.66666666666667,64.33333333333333,62.0,62.333333333333336,62.666666666666664,65.0,66.0,60.666666666666664,50.666666666666664,45.666666666666664,45.666666666666664,55.333333333333336,76.66666666666667,107.0,133.33333333333334,149.0,156.66666666666666,162.0,164.66666666666666,161.33333333333334,158.66666666666666,156.0,154.0,153.66666666666666,153.33333333333334,150.33333333333334,147.33333333333334,150.33333333333334,149.33333333333334,148.33333333333334,146.33333333333334,144.66666666666666,143.66666666666666,142.66666666666666,141.66666666666666,136.0,137.0,138.0,139.0,139.66666666666666,138.66666666666666,136.66666666666666,135.66666666666666,134.33333333333334,133.33333333333334,134.0,136.0,138.0,138.0,137.66666666666666,135.66666666666666,128.66666666666666,128.66666666666666,129.0,129.0,130.0,132.0,133.33333333333334,134.33333333333334,132.33333333333334,132.33333333333334,132.0,130.33333333333334,129.0,127.33333333333333,127.0,125.33333333333333,124.0,123.33333333333333,124.0,122.33333333333333,121.0,119.33333333333333,118.0,117.0,112.33333333333333,111.0,108.0,106.0,104.0,103.0,116.33333333333333,116.33333333333333,117.33333333333333,122.33333333333333,134.33333333333334,152.33333333333334,172.66666666666666,186.0,184.33333333333334,172.33333333333334,151.66666666666666,126.66666666666667,107.0,98.0,98.66666666666667,101.0,115.0,121.33333333333333,128.0,125.66666666666667,123.33333333333333,125.0,124.66666666666667,123.33333333333333,119.0,119.66666666666667,121.0,123.0,125.33333333333333,126.33333333333333,127.33333333333333,127.33333333333333,132.33333333333334,132.33333333333334,133.33333333333334,133.33333333333334,134.0,134.0,134.66666666666666,134.66666666666666,134.0,138.0,140.33333333333334,141.33333333333334,145.0,145.0,137.0,126.66666666666667,106.66666666666667,94.66666666666667,88.66666666666667,98.66666666666667,117.33333333333333,130.33333333333334,136.66666666666666,138.66666666666666,126.66666666666667,117.66666666666667,104.0,91.0,82.0,78.0,78.0,80.0,83.33333333333333,80.33333333333333,76.33333333333333,70.66666666666667,67.33333333333333,64.66666666666667,63.333333333333336,63.0,65.33333333333333,65.66666666666667,68.0,70.0,63.333333333333336,52.333333333333336,44.666666666666664,43.666666666666664,52.666666666666664,73.0,103.33333333333333,129.0,145.33333333333334,155.33333333333334,162.33333333333334,166.33333333333334,164.66666666666666,162.0,160.33333333333334,159.33333333333334,160.0,159.33333333333334,157.66666666666666,154.66666666666666,154.0,155.0,156.0,156.0,155.66666666666666,153.66666666666666,151.66666666666666,149.66666666666666,147.33333333333334,147.33333333333334,147.66666666666666,147.66666666666666,146.66666666666666,145.66666666666666,144.66666666666666,144.66666666666666,142.0,140.33333333333334,140.0,141.0,143.0,145.0,145.33333333333334,144.33333333333334,140.33333333333334,139.33333333333334,140.0,139.0,139.0,140.0,140.66666666666666,141.66666666666666,139.66666666666666,139.66666666666666,138.66666666666666,137.66666666666666,136.66666666666666,135.66666666666666,134.66666666666666,134.66666666666666,131.66666666666666,132.66666666666666,131.66666666666666,131.66666666666666,130.66666666666666,128.66666666666666,127.66666666666667,126.33333333333333,124.33333333333333,122.33333333333333,118.33333333333333,115.33333333333333,113.33333333333333,112.33333333333333,117.66666666666667,117.33333333333333,118.66666666666667,123.33333333333333,135.33333333333334,153.33333333333334,173.66666666666666,187.0,184.0,172.0,150.33333333333334,127.0,107.0,98.66666666666667,97.0,100.0,110.33333333333333,118.0,122.33333333333333,119.0,117.0,117.66666666666667,118.33333333333333,117.66666666666667,113.33333333333333,114.0,115.66666666666667,118.66666666666667,120.0,121.0,122.0,122.0,125.33333333333333,125.33333333333333,127.0,128.0,128.66666666666666,128.66666666666666,128.66666666666666,128.0,130.0,134.0,136.33333333333334,137.33333333333334,141.0,140.0,132.0,121.66666666666667,104.66666666666667,93.33333333333333,89.33333333333333,102.33333333333333,121.33333333333333,133.0,137.66666666666666,139.66666666666666,125.66666666666667,116.66666666666667,103.0,88.0,79.0,77.0,79.66666666666667,81.66666666666667,83.33333333333333,79.33333333333333,74.0,67.66666666666667,65.0,62.666666666666664,63.333333333333336,63.0,66.33333333333333,67.66666666666667,71.0,73.0,66.33333333333333,53.333333333333336,44.666666666666664,42.666666666666664,50.666666666666664,71.0,101.0,127.0,145.0,155.66666666666666,163.33333333333334,168.66666666666666,164.0,161.33333333333334,160.33333333333334,159.33333333333334,160.66666666666666,161.0,159.33333333333334,157.33333333333334,154.33333333333334,156.0,160.33333333333334,163.33333333333334,162.33333333333334,160.33333333333334,156.33333333333334,153.33333333333334,157.33333333333334,156.66666666666666,155.66666666666666,154.66666666666666,154.0,152.66666666666666,153.0,152.33333333333334,149.0,147.33333333333334,144.33333333333334,144.33333333333334,146.33333333333334,148.33333333333334,148.33333333333334,148.33333333333334,148.33333333333334,147.33333333333334,147.0,145.0,144.0,143.0,143.0,143.66666666666666,141.66666666666666,141.66666666666666,141.0,140.66666666666666,140.0,138.66666666666666,139.0,137.66666666666666,136.0,136.66666666666666,137.0,136.66666666666666,136.0,134.66666666666666,133.0,133.0,131.66666666666666,129.66666666666666,125.66666666666667,121.66666666666667,119.66666666666667,118.66666666666667,117.0,114.33333333333333,115.66666666666667,123.66666666666667,139.33333333333334,159.33333333333334,176.33333333333334,185.0,183.33333333333334,167.33333333333334,146.0,123.66666666666667,105.0,92.33333333333333,91.66666666666667,96.66666666666667,111.0,116.33333333333333,119.33333333333333,115.0,110.66666666666667,111.33333333333333,111.66666666666667,111.33333333333333,108.66666666666667,110.0,111.0,113.0,115.33333333333333,117.66666666666667,119.66666666666667,120.66666666666667,119.0,120.0,121.0,122.0,122.0,122.0,122.0,121.33333333333333,124.33333333333333,125.33333333333333,127.33333333333333,131.33333333333334,134.33333333333334,131.33333333333334,124.33333333333333,118.0,98.66666666666667,92.66666666666667,93.33333333333333,105.33333333333333,123.33333333333333,136.66666666666666,138.33333333333334,134.33333333333334,121.66666666666667,111.66666666666667,97.0,85.0,79.0,78.0,81.0,82.33333333333333,83.33333333333333,77.33333333333333,70.33333333333333,65.33333333333333,63.333333333333336,62.333333333333336,63.0,63.0,67.0,71.66666666666667,75.0,74.0,66.66666666666667,54.666666666666664,44.333333333333336,37.666666666666664,46.0,68.33333333333333,97.0,120.66666666666667,138.66666666666666,152.66666666666666,160.66666666666666,162.33333333333334,163.33333333333334,162.0,160.66666666666666,161.0,163.0,163.0,161.0,159.66666666666666,159.66666666666666,160.33333333333334,164.0,166.0,167.33333333333334,166.33333333333334,165.66666666666666,164.66666666666666,162.0,162.0,163.0,164.0,164.0,162.66666666666666,163.0,162.0,157.33333333333334,156.66666666666666,154.66666666666666,154.66666666666666,156.66666666666666,157.66666666666666,157.66666666666666,156.66666666666666,156.66666666666666,157.66666666666666,159.33333333333334,156.33333333333334,151.33333333333334,147.33333333333334,145.33333333333334,144.33333333333334,143.66666666666666,143.66666666666666,143.0,141.66666666666666,141.0,139.66666666666666,139.0,137.66666666666666,137.0,136.66666666666666,137.0,136.66666666666666,137.0,136.66666666666666,137.0,137.0,136.66666666666666,136.0,135.0,133.0,133.0,132.0,116.66666666666667,115.66666666666667,115.66666666666667,123.33333333333333,139.33333333333334,157.66666666666666,175.0,185.0,182.33333333333334,166.0,144.66666666666666,122.66666666666667,103.0,91.33333333333333,92.33333333333333,97.66666666666667,111.0,117.66666666666667,120.33333333333333,116.0,113.0,112.0,113.33333333333333,111.66666666666667,109.66666666666667,110.66666666666667,113.33333333333333,115.33333333333333,118.33333333333333,120.33333333333333,121.0,121.33333333333333,120.0,119.33333333333333,119.33333333333333,119.33333333333333,118.33333333333333,118.33333333333333,118.33333333333333,118.33333333333333,121.33333333333333,121.33333333333333,123.33333333333333,126.33333333333333,128.33333333333334,125.33333333333333,120.33333333333333,115.0,98.66666666666667,93.33333333333333,95.33333333333333,107.33333333333333,124.33333333333333,136.33333333333334,137.33333333333334,132.33333333333334,120.66666666666667,110.66666666666667,98.0,86.0,81.66666666666667,80.66666666666667,82.0,83.33333333333333,82.33333333333333,77.33333333333333,70.33333333333333,65.33333333333333,63.333333333333336,62.333333333333336,63.0,62.0,67.0,71.0,75.33333333333333,73.0,65.66666666666667,54.666666666666664,43.666666666666664,37.666666666666664,43.333333333333336,64.33333333333333,91.0,113.66666666666667,132.66666666666666,149.0,159.33333333333334,162.66666666666666,164.0,162.0,160.33333333333334,161.0,162.0,162.66666666666666,161.0,159.0,161.66666666666666,162.33333333333334,163.33333333333334,163.33333333333334,163.33333333333334,162.33333333333334,162.0,161.0,162.0,162.0,163.33333333333334,164.33333333333334,163.66666666666666,163.66666666666666,163.66666666666666,164.33333333333334,165.0,164.0,164.66666666666666,163.0,163.66666666666666,163.0,164.66666666666666,164.0,164.66666666666666,165.0,165.66666666666666,162.0,157.66666666666666,152.0,149.66666666666666,148.33333333333334,144.66666666666666,145.33333333333334,144.33333333333334,143.33333333333334,142.33333333333334,141.33333333333334,140.33333333333334,139.33333333333334,138.33333333333334,138.33333333333334,138.33333333333334,138.33333333333334,138.33333333333334,138.33333333333334,138.33333333333334,138.33333333333334,141.0,141.0,140.66666666666666,140.0,139.66666666666666,139.0,116.66666666666667,115.66666666666667,115.66666666666667,123.33333333333333,139.33333333333334,158.0,175.0,184.0,179.33333333333334,163.0,140.66666666666666,118.66666666666667,101.0,90.0,91.66666666666667,98.66666666666667,113.66666666666667,120.0,123.66666666666667,120.0,116.0,115.0,115.33333333333333,113.66666666666667,112.66666666666667,114.66666666666667,117.33333333333333,119.33333333333333,122.33333333333333,122.33333333333333,123.0,121.33333333333333,120.0,118.33333333333333,116.33333333333333,114.33333333333333,114.33333333333333,114.33333333333333,114.33333333333333,115.33333333333333,118.33333333333333,117.33333333333333,118.33333333333333,119.33333333333333,119.33333333333333,117.33333333333333,113.33333333333333,110.0,98.66666666666667,95.66666666666667,98.33333333333333,109.33333333333333,125.33333333333333,135.33333333333334,135.33333333333334,130.33333333333334,119.66666666666667,110.66666666666667,99.0,89.0,84.66666666666667,82.66666666666667,83.66666666666667,84.33333333333333,82.0,77.0,70.33333333333333,65.33333333333333,63.333333333333336,62.333333333333336,62.0,62.0,66.0,70.0,74.33333333333333,72.33333333333333,65.66666666666667,54.666666666666664,44.666666666666664,38.666666666666664,41.666666666666664,59.333333333333336,82.0,102.66666666666667,123.0,142.66666666666666,157.0,161.33333333333334,163.66666666666666,159.33333333333334,157.33333333333334,157.33333333333334,158.33333333333334,160.0,159.66666666666666,159.66666666666666,162.33333333333334,162.0,160.33333333333334,159.33333333333334,158.33333333333334,157.33333333333334,157.0,157.0,159.33333333333334,160.33333333333334,160.33333333333334,162.33333333333334,163.33333333333334,164.33333333333334,165.33333333333334,165.33333333333334,171.0,173.0,173.66666666666666,171.0,168.66666666666666,166.0,169.66666666666666,172.0,174.66666666666666,174.0,174.66666666666666,170.0,164.66666666666666,158.0,155.66666666666666,154.33333333333334,150.33333333333334,148.66666666666666,148.33333333333334,146.66666666666666,146.33333333333334,144.66666666666666,144.33333333333334,142.66666666666666,143.33333333333334,142.66666666666666,143.33333333333334,142.66666666666666,143.33333333333334,142.66666666666666,143.33333333333334,143.66666666666666,146.66666666666666,146.66666666666666,147.33333333333334,146.66666666666666,148.33333333333334,147.66666666666666,117.66666666666667,115.66666666666667,115.66666666666667,123.33333333333333,138.33333333333334,157.0,174.0,183.33333333333334,176.0,160.0,136.66666666666666,115.66666666666667,99.0,89.0,92.66666666666667,100.66666666666667,116.0,122.33333333333333,127.0,123.33333333333333,120.66666666666667,120.33333333333333,119.66666666666667,118.33333333333333,117.66666666666667,120.0,122.33333333333333,124.33333333333333,126.33333333333333,125.33333333333333,125.0,123.33333333333333,121.0,118.33333333333333,115.33333333333333,112.33333333333333,111.33333333333333,111.33333333333333,112.33333333333333,113.33333333333333,116.33333333333333,115.33333333333333,115.33333333333333,114.33333333333333,113.33333333333333,111.33333333333333,108.33333333333333,107.0,99.66666666666667,97.66666666666667,101.33333333333333,112.33333333333333,126.33333333333333,135.33333333333334,134.33333333333334,129.33333333333334,118.66666666666667,111.66666666666667,101.0,93.0,88.66666666666667,86.66666666666667,85.66666666666667,86.33333333333333,82.0,77.0,71.33333333333333,67.33333333333333,65.0,63.333333333333336,63.0,61.0,66.0,69.0,73.33333333333333,72.33333333333333,65.66666666666667,54.666666666666664,45.666666666666664,40.666666666666664,41.666666666666664,56.0,74.33333333333333,91.33333333333333,112.66666666666667,134.33333333333334,151.0,157.33333333333334,158.66666666666666,155.0,152.0,152.0,154.0,156.0,156.0,156.33333333333334,160.0,158.0,157.0,154.33333333333334,154.33333333333334,154.33333333333334,155.33333333333334,156.0,155.33333333333334,156.33333333333334,157.33333333333334,158.33333333333334,160.33333333333334,162.33333333333334,163.33333333333334,164.33333333333334,170.0,174.0,175.33333333333334,172.0,166.33333333333334,164.0,167.33333333333334,172.0,177.33333333333334,177.0,177.33333333333334,173.0,167.33333333333334,161.0,158.33333333333334,156.0,154.66666666666666,154.66666666666666,154.33333333333334,152.66666666666666,151.33333333333334,149.66666666666666,149.33333333333334,148.66666666666666,148.33333333333334,147.66666666666666,148.33333333333334,147.66666666666666,148.33333333333334,147.66666666666666,148.33333333333334,148.33333333333334,149.33333333333334,150.33333333333334,151.66666666666666,152.33333333333334,154.66666666666666,155.33333333333334,117.33333333333333,115.33333333333333,115.66666666666667,122.33333333333333,138.33333333333334,156.0,173.33333333333334,182.33333333333334,174.0,156.0,133.66666666666666,112.66666666666667,97.0,89.0,94.66666666666667,103.66666666666667,119.66666666666667,126.0,130.33333333333334,127.0,123.66666666666667,124.33333333333333,124.66666666666667,122.66666666666667,122.66666666666667,124.0,125.33333333333333,126.33333333333333,127.33333333333333,126.33333333333333,126.0,125.33333333333333,123.0,120.33333333333333,116.33333333333333,113.33333333333333,112.33333333333333,112.33333333333333,113.33333333333333,114.33333333333333,116.33333333333333,116.33333333333333,115.33333333333333,113.33333333333333,110.33333333333333,107.33333333333333,105.33333333333333,105.0,99.66666666666667,98.66666666666667,103.33333333333333,113.33333333333333,127.33333333333333,134.33333333333334,134.33333333333334,131.33333333333334,120.66666666666667,113.66666666666667,106.0,98.0,93.66666666666667,90.66666666666667,88.66666666666667,86.66666666666667,82.0,78.0,73.0,67.66666666666667,66.33333333333333,65.0,63.333333333333336,62.0,66.0,70.0,73.33333333333333,72.33333333333333,65.66666666666667,55.666666666666664,47.666666666666664,42.666666666666664,44.333333333333336,54.0,67.0,81.0,101.0,124.0,141.66666666666666,149.0,151.33333333333334,147.66666666666666,145.66666666666666,144.0,146.0,149.0,150.0,150.0,151.33333333333334,151.0,150.0,150.0,151.0,152.33333333333334,154.33333333333334,155.33333333333334,155.0,154.33333333333334,154.33333333333334,155.33333333333334,157.33333333333334,160.33333333333334,162.33333333333334,164.33333333333334,166.0,169.0,171.0,168.0,162.0,160.0,163.0,168.0,171.0,172.0,172.0,170.0,165.0,160.0,157.0,156.33333333333334,160.0,158.66666666666666,159.0,156.66666666666666,156.0,154.66666666666666,154.0,153.66666666666666,153.0,152.66666666666666,153.0,152.66666666666666,153.0,152.66666666666666,153.0,153.0,153.0,154.0,156.0,159.0,160.0,161.0,117.33333333333333,115.33333333333333,115.66666666666667,122.33333333333333,137.33333333333334,156.0,172.33333333333334,183.0,172.0,154.66666666666666,131.66666666666666,110.66666666666667,95.0,90.0,96.66666666666667,106.0,121.66666666666667,128.0,131.0,126.66666666666667,123.33333333333333,124.66666666666667,126.66666666666667,126.66666666666667,126.0,126.0,125.33333333333333,124.33333333333333,125.0,125.33333333333333,125.0,124.33333333333333,123.0,120.33333333333333,118.33333333333333,116.33333333333333,114.33333333333333,114.33333333333333,114.33333333333333,115.33333333333333,116.33333333333333,117.33333333333333,117.33333333333333,114.33333333333333,109.33333333333333,105.33333333333333,104.33333333333333,103.33333333333333,101.0,99.66666666666667,104.33333333333333,113.33333333333333,126.33333333333333,134.33333333333334,136.33333333333334,133.33333333333334,123.66666666666667,117.66666666666667,111.0,104.0,98.66666666666667,94.66666666666667,90.66666666666667,87.66666666666667,83.0,80.0,75.0,71.0,69.33333333333333,67.33333333333333,64.33333333333333,62.333333333333336,67.0,70.0,74.66666666666667,72.33333333333333,66.66666666666667,57.666666666666664,50.666666666666664,46.666666666666664,46.666666666666664,53.333333333333336,61.0,71.33333333333333,89.66666666666667,112.66666666666667,129.0,136.0,141.66666666666666,139.33333333333334,136.66666666666666,136.66666666666666,138.66666666666666,141.66666666666666,141.66666666666666,141.66666666666666,141.33333333333334,142.33333333333334,143.33333333333334,144.0,146.0,149.0,151.0,151.33333333333334,152.0,152.0,152.0,151.33333333333334,153.33333333333334,156.33333333333334,159.33333333333334,160.33333333333334,159.33333333333334,162.0,163.0,161.0,157.0,156.0,158.0,161.0,161.0,163.0,164.0,163.0,161.0,158.0,157.0,157.0,160.33333333333334,160.33333333333334,160.0,158.33333333333334,158.0,156.33333333333334,156.0,154.33333333333334,154.0,153.33333333333334,154.0,153.33333333333334,154.0,153.33333333333334,154.0,153.33333333333334,156.33333333333334,158.0,161.0,163.0,165.0,165.0,116.66666666666667,114.66666666666667,115.0,122.33333333333333,137.33333333333334,155.0,172.33333333333334,182.0,171.66666666666666,154.0,130.0,110.0,95.0,91.0,98.0,108.66666666666667,122.33333333333333,127.0,129.0,123.66666666666667,121.33333333333333,123.66666666666667,126.66666666666667,127.66666666666667,126.0,125.0,122.33333333333333,120.33333333333333,120.0,120.33333333333333,122.33333333333333,122.33333333333333,121.0,120.33333333333333,119.33333333333333,118.33333333333333,117.33333333333333,116.33333333333333,115.33333333333333,115.33333333333333,116.33333333333333,118.33333333333333,118.33333333333333,115.33333333333333,109.33333333333333,104.33333333333333,102.33333333333333,102.33333333333333,101.0,101.0,104.33333333333333,113.33333333333333,125.33333333333333,134.33333333333334,138.33333333333334,137.33333333333334,126.66666666666667,121.66666666666667,115.0,109.0,103.66666666666667,97.66666666666667,92.33333333333333,88.66666666666667,85.0,81.0,77.0,73.0,71.33333333333333,69.33333333333333,66.33333333333333,64.33333333333333,68.0,71.0,74.0,72.66666666666667,67.33333333333333,59.333333333333336,52.666666666666664,48.666666666666664,47.666666666666664,51.666666666666664,56.0,64.0,79.33333333333333,101.0,116.66666666666667,121.66666666666667,132.66666666666666,131.33333333333334,130.0,130.33333333333334,133.33333333333334,134.33333333333334,134.33333333333334,133.33333333333334,133.66666666666666,134.33333333333334,136.33333333333334,139.33333333333334,141.66666666666666,142.0,143.0,144.0,144.33333333333334,144.0,143.0,143.0,145.0,147.0,150.0,151.33333333333334,151.33333333333334,151.33333333333334,150.33333333333334,149.33333333333334,149.33333333333334,149.33333333333334,150.33333333333334,151.33333333333334,150.33333333333334,153.33333333333334,156.33333333333334,158.33333333333334,157.33333333333334,157.33333333333334,157.33333333333334,159.0,159.0,159.0,158.33333333333334,156.0,155.33333333333334,154.0,153.33333333333334,153.0,152.33333333333334,152.0,152.33333333333334,152.0,152.33333333333334,152.0,152.33333333333334,152.0,156.33333333333334,157.33333333333334,160.33333333333334,163.33333333333334,164.33333333333334,165.33333333333334,116.66666666666667,114.66666666666667,115.0,122.33333333333333,136.33333333333334,155.33333333333334,172.0,181.66666666666666,171.0,153.0,130.0,109.0,95.0,90.66666666666667,100.0,110.66666666666667,121.0,125.66666666666667,125.66666666666667,120.33333333333333,117.66666666666667,120.66666666666667,125.66666666666667,127.66666666666667,125.0,123.0,119.33333333333333,116.33333333333333,116.33333333333333,116.33333333333333,119.33333333333333,120.33333333333333,119.0,119.33333333333333,119.33333333333333,119.33333333333333,118.33333333333333,116.33333333333333,115.33333333333333,114.33333333333333,115.33333333333333,118.33333333333333,119.33333333333333,116.33333333333333,109.33333333333333,103.33333333333333,101.33333333333333,100.33333333333333,102.0,101.0,104.66666666666667,112.33333333333333,124.33333333333333,134.33333333333334,139.33333333333334,139.33333333333334,128.66666666666666,124.66666666666667,118.0,111.0,105.66666666666667,99.33333333333333,92.33333333333333,88.0,86.0,82.0,78.0,74.0,72.33333333333333,70.33333333333333,68.0,65.33333333333333,69.0,72.0,75.0,74.0,68.33333333333333,60.333333333333336,54.666666666666664,50.666666666666664,48.333333333333336,50.666666666666664,53.666666666666664,59.0,74.0,93.0,107.66666666666667,112.0,127.0,125.66666666666667,125.33333333333333,127.0,130.33333333333334,131.0,130.33333333333334,127.66666666666667,129.33333333333334,129.66666666666666,132.66666666666666,135.33333333333334,137.66666666666666,138.66666666666666,137.66666666666666,137.0,136.33333333333334,135.33333333333334,134.33333333333334,134.0,135.0,138.0,140.0,142.0,144.33333333333334,142.33333333333334,140.33333333333334,141.33333333333334,143.33333333333334,144.33333333333334,144.33333333333334,143.33333333333334,145.33333333333334,148.33333333333334,152.33333333333334,155.33333333333334,156.33333333333334,157.33333333333334,159.33333333333334,160.33333333333334,157.0,157.0,156.0,154.0,153.0,152.0,151.0,151.0,150.0,150.0,150.0,150.0,150.0,150.0,150.0,149.33333333333334,153.33333333333334,155.33333333333334,158.33333333333334,161.33333333333334,162.33333333333334,162.33333333333334,110.0,113.66666666666667,118.0,124.33333333333333,139.33333333333334,159.33333333333334,174.0,179.66666666666666,173.0,152.33333333333334,125.0,105.0,93.66666666666667,94.66666666666667,106.0,117.0,121.66666666666667,122.33333333333333,123.33333333333333,123.33333333333333,124.33333333333333,123.66666666666667,123.66666666666667,123.66666666666667,123.0,122.0,120.33333333333333,119.33333333333333,118.33333333333333,118.33333333333333,119.33333333333333,118.33333333333333,118.0,117.33333333333333,117.33333333333333,117.33333333333333,117.33333333333333,117.33333333333333,117.33333333333333,117.33333333333333,115.33333333333333,118.33333333333333,119.33333333333333,117.33333333333333,111.33333333333333,104.33333333333333,99.33333333333333,96.33333333333333,101.33333333333333,106.0,114.66666666666667,123.66666666666667,131.66666666666666,136.66666666666666,140.33333333333334,141.33333333333334,124.66666666666667,120.66666666666667,116.66666666666667,116.66666666666667,117.33333333333333,111.33333333333333,99.33333333333333,89.0,84.0,83.0,79.0,74.66666666666667,71.0,65.66666666666667,63.333333333333336,61.0,67.33333333333333,70.0,72.0,72.0,68.66666666666667,63.666666666666664,58.333333333333336,54.666666666666664,53.333333333333336,50.666666666666664,49.666666666666664,55.0,67.33333333333333,82.33333333333333,96.0,103.0,113.0,117.66666666666667,124.66666666666667,128.33333333333334,129.66666666666666,127.33333333333333,126.66666666666667,126.33333333333333,128.33333333333334,128.33333333333334,127.33333333333333,126.66666666666667,126.66666666666667,127.66666666666667,128.66666666666666,129.66666666666666,128.0,127.33333333333333,127.33333333333333,127.33333333333333,126.33333333333333,126.33333333333333,126.33333333333333,126.0,126.33333333333333,128.0,129.0,132.0,134.0,136.0,138.0,139.0,142.0,143.0,145.0,147.0,150.0,152.0,154.0,154.33333333333334,153.33333333333334,153.33333333333334,152.33333333333334,152.33333333333334,150.33333333333334,148.33333333333334,147.33333333333334,146.33333333333334,147.33333333333334,147.33333333333334,148.33333333333334,149.33333333333334,149.33333333333334,148.33333333333334,147.33333333333334,147.33333333333334,149.66666666666666,150.66666666666666,152.66666666666666,154.66666666666666,155.66666666666666,156.66666666666666,110.0,113.0,117.66666666666667,125.33333333333333,141.33333333333334,163.0,177.66666666666666,183.0,172.33333333333334,151.33333333333334,124.33333333333333,105.0,94.66666666666667,95.66666666666667,106.33333333333333,118.0,119.66666666666667,121.33333333333333,123.33333333333333,123.66666666666667,124.66666666666667,124.66666666666667,123.66666666666667,122.66666666666667,121.0,121.0,120.33333333333333,119.33333333333333,120.33333333333333,119.33333333333333,119.33333333333333,118.33333333333333,117.66666666666667,117.33333333333333,117.33333333333333,117.33333333333333,118.33333333333333,118.33333333333333,118.33333333333333,118.33333333333333,117.33333333333333,119.33333333333333,120.33333333333333,117.33333333333333,111.33333333333333,104.33333333333333,99.33333333333333,97.33333333333333,102.33333333333333,107.33333333333333,115.66666666666667,124.66666666666667,132.66666666666666,137.66666666666666,140.33333333333334,141.33333333333334,126.66666666666667,121.66666666666667,116.66666666666667,115.66666666666667,115.33333333333333,110.0,98.0,89.0,82.66666666666667,82.0,79.0,75.0,71.0,68.0,65.33333333333333,64.33333333333333,68.33333333333333,70.33333333333333,73.0,73.0,70.0,65.66666666666667,60.333333333333336,57.333333333333336,53.666666666666664,52.666666666666664,51.333333333333336,54.0,62.0,74.33333333333333,87.0,95.0,109.33333333333333,114.0,121.66666666666667,126.66666666666667,127.66666666666667,125.66666666666667,124.66666666666667,123.33333333333333,125.66666666666667,125.33333333333333,124.33333333333333,124.33333333333333,124.33333333333333,124.66666666666667,124.66666666666667,125.66666666666667,121.0,121.0,120.0,119.33333333333333,119.33333333333333,118.33333333333333,118.33333333333333,118.33333333333333,118.0,119.0,121.0,124.0,126.0,129.0,131.0,132.0,136.0,137.0,138.0,140.0,143.0,145.0,146.0,146.33333333333334,148.33333333333334,148.33333333333334,147.33333333333334,146.33333333333334,145.33333333333334,143.33333333333334,141.33333333333334,140.33333333333334,140.33333333333334,141.33333333333334,142.33333333333334,144.33333333333334,145.33333333333334,146.33333333333334,146.33333333333334,146.33333333333334,148.0,147.66666666666666,149.66666666666666,150.66666666666666,151.66666666666666,152.66666666666666,111.0,115.0,119.66666666666667,127.66666666666667,144.33333333333334,166.0,181.0,186.33333333333334,171.33333333333334,149.33333333333334,123.33333333333333,104.0,95.66666666666667,98.66666666666667,109.33333333333333,119.33333333333333,118.33333333333333,120.33333333333333,123.33333333333333,125.66666666666667,126.66666666666667,125.33333333333333,123.33333333333333,121.33333333333333,117.33333333333333,119.0,120.33333333333333,121.33333333333333,121.33333333333333,121.33333333333333,120.0,119.0,117.66666666666667,117.33333333333333,117.33333333333333,118.33333333333333,118.33333333333333,119.33333333333333,119.33333333333333,120.33333333333333,119.33333333333333,120.33333333333333,120.33333333333333,117.33333333333333,111.33333333333333,104.33333333333333,100.33333333333333,98.33333333333333,103.33333333333333,108.33333333333333,116.66666666666667,125.66666666666667,132.66666666666666,137.66666666666666,140.33333333333334,141.33333333333334,127.66666666666667,122.66666666666667,116.66666666666667,114.66666666666667,113.0,107.0,97.0,89.0,83.66666666666667,81.66666666666667,79.0,75.0,71.66666666666667,69.0,68.33333333333333,67.33333333333333,68.33333333333333,70.33333333333333,73.0,73.0,71.0,68.0,64.0,61.333333333333336,54.666666666666664,55.666666666666664,54.333333333333336,53.0,55.333333333333336,62.666666666666664,75.0,83.0,100.33333333333333,106.66666666666667,115.0,122.0,123.66666666666667,122.66666666666667,121.66666666666667,121.0,123.33333333333333,122.66666666666667,121.66666666666667,121.33333333333333,121.33333333333333,121.33333333333333,121.33333333333333,120.66666666666667,119.0,119.0,119.33333333333333,118.0,118.0,117.0,117.0,116.33333333333333,112.0,113.0,114.0,117.0,119.0,121.0,123.0,124.0,126.0,126.0,128.0,129.0,131.0,133.0,134.0,135.0,139.0,139.0,139.0,139.0,138.0,136.0,135.0,134.0,132.0,133.0,136.0,138.0,141.0,142.0,143.0,142.33333333333334,141.33333333333334,142.33333333333334,143.33333333333334,144.33333333333334,145.33333333333334,145.33333333333334,114.0,118.0,123.0,131.66666666666666,148.33333333333334,168.0,182.0,185.33333333333334,168.66666666666666,146.66666666666666,120.33333333333333,103.0,96.66666666666667,100.0,112.0,123.0,117.66666666666667,118.66666666666667,122.66666666666667,126.66666666666667,127.33333333333333,125.33333333333333,122.33333333333333,120.33333333333333,114.33333333333333,116.33333333333333,119.33333333333333,121.33333333333333,123.33333333333333,122.33333333333333,121.33333333333333,120.0,116.66666666666667,117.33333333333333,117.33333333333333,118.33333333333333,119.33333333333333,119.33333333333333,120.33333333333333,120.33333333333333,120.33333333333333,121.33333333333333,120.33333333333333,116.33333333333333,109.33333333333333,104.33333333333333,100.33333333333333,99.33333333333333,104.33333333333333,109.33333333333333,116.66666666666667,124.66666666666667,131.66666666666666,135.66666666666666,138.33333333333334,139.33333333333334,128.66666666666666,123.66666666666667,117.66666666666667,113.66666666666667,110.0,105.0,96.0,89.0,85.66666666666667,83.66666666666667,80.0,76.0,72.0,68.66666666666667,68.0,67.33333333333333,68.33333333333333,69.33333333333333,71.0,72.0,71.0,70.0,67.0,65.66666666666667,58.0,59.0,57.666666666666664,54.0,50.333333333333336,53.666666666666664,62.666666666666664,71.0,88.66666666666667,95.66666666666667,106.0,114.0,117.66666666666667,118.66666666666667,119.66666666666667,119.0,120.33333333333333,119.66666666666667,120.66666666666667,120.66666666666667,121.0,120.33333333333333,119.33333333333333,119.33333333333333,119.66666666666667,119.0,119.33333333333333,119.33333333333333,118.33333333333333,118.0,118.0,118.0,113.66666666666667,114.0,114.0,115.0,116.0,117.0,118.0,119.0,116.0,117.0,117.0,118.0,120.0,121.0,122.0,122.0,128.0,128.0,129.0,130.0,131.0,131.0,131.0,130.0,127.0,128.0,130.0,133.0,135.0,136.0,137.0,137.0,136.0,136.0,137.0,138.0,138.0,138.0,116.33333333333333,123.0,129.0,137.66666666666666,153.0,169.66666666666666,180.0,181.33333333333334,165.66666666666666,142.66666666666666,116.33333333333333,101.0,97.66666666666667,102.0,114.0,123.66666666666667,118.33333333333333,120.0,124.0,127.0,126.33333333333333,124.33333333333333,121.0,119.0,114.33333333333333,115.33333333333333,119.33333333333333,121.33333333333333,123.33333333333333,122.33333333333333,122.33333333333333,120.0,117.66666666666667,117.33333333333333,117.33333333333333,118.33333333333333,118.33333333333333,119.33333333333333,119.33333333333333,119.33333333333333,118.33333333333333,118.33333333333333,117.33333333333333,113.33333333333333,107.33333333333333,102.33333333333333,100.33333333333333,100.33333333333333,105.33333333333333,109.33333333333333,117.0,123.66666666666667,128.66666666666666,131.66666666666666,133.33333333333334,134.33333333333334,126.66666666666667,122.66666666666667,117.66666666666667,112.66666666666667,109.0,103.0,95.0,89.0,87.66666666666667,84.66666666666667,79.66666666666667,74.66666666666667,71.0,67.66666666666667,67.0,66.66666666666667,67.0,68.33333333333333,70.0,71.0,72.0,71.0,71.0,70.66666666666667,63.666666666666664,64.66666666666667,62.666666666666664,56.333333333333336,49.666666666666664,50.666666666666664,56.0,63.0,76.66666666666667,83.66666666666667,93.0,101.0,107.66666666666667,110.66666666666667,113.66666666666667,115.0,115.33333333333333,116.33333333333333,117.33333333333333,117.66666666666667,118.0,118.0,118.0,116.33333333333333,114.66666666666667,115.66666666666667,115.66666666666667,116.33333333333333,116.33333333333333,117.33333333333333,117.33333333333333,117.0,117.33333333333333,117.33333333333333,116.33333333333333,116.33333333333333,115.33333333333333,114.33333333333333,114.33333333333333,114.33333333333333,110.33333333333333,110.33333333333333,111.33333333333333,111.33333333333333,111.33333333333333,112.33333333333333,112.33333333333333,112.33333333333333,117.33333333333333,118.33333333333333,121.33333333333333,123.33333333333333,126.33333333333333,127.33333333333333,128.33333333333334,129.33333333333334,126.33333333333333,126.33333333333333,128.33333333333334,129.33333333333334,130.33333333333334,130.33333333333334,130.33333333333334,130.33333333333334,129.33333333333334,130.33333333333334,130.33333333333334,131.33333333333334,131.33333333333334,131.33333333333334,116.33333333333333,124.0,132.0,142.66666666666666,157.0,171.66666666666666,178.0,177.66666666666666,162.33333333333334,138.66666666666666,112.66666666666667,98.0,96.66666666666667,103.33333333333333,115.0,124.66666666666667,120.66666666666667,123.0,125.0,125.33333333333333,125.33333333333333,123.33333333333333,120.0,118.0,115.33333333333333,116.33333333333333,119.33333333333333,120.33333333333333,122.33333333333333,121.33333333333333,122.33333333333333,121.0,117.66666666666667,117.33333333333333,117.33333333333333,117.33333333333333,117.33333333333333,117.33333333333333,117.33333333333333,117.33333333333333,115.33333333333333,114.33333333333333,112.33333333333333,108.33333333333333,103.33333333333333,100.33333333333333,100.33333333333333,100.33333333333333,106.33333333333333,109.33333333333333,116.0,121.0,124.66666666666667,126.66666666666667,127.66666666666667,127.33333333333333,123.66666666666667,120.0,117.66666666666667,113.66666666666667,109.0,102.0,94.0,89.0,85.66666666666667,83.66666666666667,78.66666666666667,73.66666666666667,70.0,68.0,67.0,68.0,67.33333333333333,68.0,69.33333333333333,71.0,73.0,74.0,76.0,75.66666666666667,71.66666666666667,70.0,67.33333333333333,61.333333333333336,55.666666666666664,53.666666666666664,57.0,60.333333333333336,67.66666666666667,73.66666666666667,80.0,87.0,93.66666666666667,97.66666666666667,101.66666666666667,104.0,104.66666666666667,105.33333333333333,107.33333333333333,110.33333333333333,111.0,111.0,110.0,110.0,111.66666666666667,112.66666666666667,113.66666666666667,114.66666666666667,116.33333333333333,117.33333333333333,118.33333333333333,119.33333333333333,117.0,116.33333333333333,116.0,114.33333333333333,114.0,111.33333333333333,111.0,110.33333333333333,109.0,108.33333333333333,109.0,108.33333333333333,109.0,108.33333333333333,109.0,108.33333333333333,110.33333333333333,111.33333333333333,114.33333333333333,118.33333333333333,121.33333333333333,124.33333333333333,125.33333333333333,126.33333333333333,124.33333333333333,124.33333333333333,125.33333333333333,125.33333333333333,125.33333333333333,125.33333333333333,124.33333333333333,124.0,124.0,125.0,126.33333333333333,127.0,128.33333333333334,128.0,112.66666666666667,122.33333333333333,134.0,145.66666666666666,161.0,173.66666666666666,178.33333333333334,175.66666666666666,159.33333333333334,134.66666666666666,108.66666666666667,96.0,96.66666666666667,103.33333333333333,116.0,125.66666666666667,123.66666666666667,125.0,124.33333333333333,124.33333333333333,123.33333333333333,121.0,119.0,117.0,117.33333333333333,117.33333333333333,119.33333333333333,119.33333333333333,120.33333333333333,120.33333333333333,121.33333333333333,121.0,118.66666666666667,117.33333333333333,117.33333333333333,116.33333333333333,115.33333333333333,115.33333333333333,114.33333333333333,114.33333333333333,110.33333333333333,110.33333333333333,108.33333333333333,104.33333333333333,100.33333333333333,98.33333333333333,99.33333333333333,100.33333333333333,106.33333333333333,109.66666666666667,114.0,119.0,120.66666666666667,121.66666666666667,121.66666666666667,120.33333333333333,119.66666666666667,118.0,117.66666666666667,114.66666666666667,110.0,102.0,93.66666666666667,89.0,81.0,79.0,74.66666666666667,71.66666666666667,69.0,69.0,70.0,71.0,70.33333333333333,70.0,71.33333333333333,72.33333333333333,76.0,79.0,81.0,82.66666666666667,78.33333333333333,75.0,71.33333333333333,65.66666666666667,62.333333333333336,60.0,60.666666666666664,61.333333333333336,62.666666666666664,65.0,70.0,74.0,77.0,81.0,86.66666666666667,89.0,88.66666666666667,90.33333333333333,93.33333333333333,97.33333333333333,99.33333333333333,99.33333333333333,99.0,99.0,106.33333333333333,107.33333333333333,108.66666666666667,110.66666666666667,113.66666666666667,115.66666666666667,117.33333333333333,118.33333333333333,114.0,114.0,113.0,113.0,112.0,112.0,112.0,111.0,111.0,110.0,110.0,109.0,109.0,108.0,108.0,107.0,108.0,108.66666666666667,111.66666666666667,114.66666666666667,116.66666666666667,118.66666666666667,120.66666666666667,120.66666666666667,120.66666666666667,120.66666666666667,121.66666666666667,121.66666666666667,121.66666666666667,121.66666666666667,120.66666666666667,119.66666666666667,120.0,121.0,123.66666666666667,124.0,125.66666666666667,126.0,109.33333333333333,119.33333333333333,134.0,148.0,163.0,175.66666666666666,179.33333333333334,175.66666666666666,156.66666666666666,132.66666666666666,106.33333333333333,94.0,95.0,104.0,115.33333333333333,125.0,126.66666666666667,126.0,125.33333333333333,124.33333333333333,122.33333333333333,120.0,118.33333333333333,117.33333333333333,119.33333333333333,119.0,119.0,118.33333333333333,119.0,120.33333333333333,120.33333333333333,121.33333333333333,118.66666666666667,117.33333333333333,117.33333333333333,115.33333333333333,114.33333333333333,113.33333333333333,112.33333333333333,112.33333333333333,108.33333333333333,107.33333333333333,105.33333333333333,101.33333333333333,97.33333333333333,96.33333333333333,98.33333333333333,100.33333333333333,106.33333333333333,108.66666666666667,113.0,117.0,118.66666666666667,118.66666666666667,117.33333333333333,116.66666666666667,116.33333333333333,117.66666666666667,117.66666666666667,114.0,109.66666666666667,101.66666666666667,93.66666666666667,88.66666666666667,76.66666666666667,74.66666666666667,72.0,69.0,68.66666666666667,69.66666666666667,71.66666666666667,74.0,72.0,72.33333333333333,73.33333333333333,75.0,78.0,82.0,85.0,87.0,82.33333333333333,78.0,72.66666666666667,68.33333333333333,67.0,66.0,64.66666666666667,63.333333333333336,60.666666666666664,62.0,64.0,65.0,67.0,70.0,74.0,78.0,77.33333333333333,79.0,83.0,87.0,89.0,90.0,90.33333333333333,89.66666666666667,95.33333333333333,96.66666666666667,98.66666666666667,101.66666666666667,104.66666666666667,107.66666666666667,109.33333333333333,110.33333333333333,112.0,112.0,113.0,113.0,113.0,114.0,114.0,114.0,112.0,112.0,111.0,111.0,110.0,109.0,108.0,108.0,106.66666666666667,107.66666666666667,109.66666666666667,111.66666666666667,113.66666666666667,114.66666666666667,115.66666666666667,115.66666666666667,116.66666666666667,116.66666666666667,117.66666666666667,118.66666666666667,119.66666666666667,118.66666666666667,118.66666666666667,118.66666666666667,118.66666666666667,119.66666666666667,121.66666666666667,123.66666666666667,124.66666666666667,125.66666666666667,106.33333333333333,116.0,132.0,149.0,166.33333333333334,179.0,180.0,173.66666666666666,152.33333333333334,129.33333333333334,104.0,92.66666666666667,93.33333333333333,103.33333333333333,117.33333333333333,129.33333333333334,126.66666666666667,128.0,127.0,125.0,122.0,119.33333333333333,121.0,122.0,119.0,119.0,118.0,118.0,118.33333333333333,117.33333333333333,117.33333333333333,117.33333333333333,117.33333333333333,118.33333333333333,119.33333333333333,119.33333333333333,117.33333333333333,113.33333333333333,109.33333333333333,106.33333333333333,106.33333333333333,103.33333333333333,99.33333333333333,96.33333333333333,96.33333333333333,99.33333333333333,103.33333333333333,106.33333333333333,110.33333333333333,111.33333333333333,112.33333333333333,113.33333333333333,114.0,113.0,111.66666666666667,111.33333333333333,120.33333333333333,123.0,123.0,117.66666666666667,108.0,98.0,89.0,84.66666666666667,71.0,68.0,66.33333333333333,68.33333333333333,74.0,78.0,80.66666666666667,80.66666666666667,78.0,78.0,79.33333333333333,81.33333333333333,84.0,87.0,89.0,90.0,85.33333333333333,81.66666666666667,78.66666666666667,75.66666666666667,74.0,72.0,69.0,66.33333333333333,62.333333333333336,62.333333333333336,61.0,61.0,60.666666666666664,62.666666666666664,64.66666666666667,65.66666666666667,66.33333333333333,68.66666666666667,71.66666666666667,74.66666666666667,77.66666666666667,80.66666666666667,81.66666666666667,82.33333333333333,88.66666666666667,89.33333333333333,93.33333333333333,96.33333333333333,100.33333333333333,103.33333333333333,105.33333333333333,106.33333333333333,104.0,104.66666666666667,105.66666666666667,107.66666666666667,109.66666666666667,112.66666666666667,114.66666666666667,116.66666666666667,115.66666666666667,116.66666666666667,117.66666666666667,115.66666666666667,112.66666666666667,110.66666666666667,110.66666666666667,111.66666666666667,107.66666666666667,108.66666666666667,110.33333333333333,110.66666666666667,112.33333333333333,112.66666666666667,114.33333333333333,114.66666666666667,111.33333333333333,111.66666666666667,114.33333333333333,115.66666666666667,118.33333333333333,118.66666666666667,120.33333333333333,120.33333333333333,120.33333333333333,120.33333333333333,121.33333333333333,122.33333333333333,123.33333333333333,124.33333333333333,107.33333333333333,118.0,133.66666666666666,151.0,168.33333333333334,180.0,180.33333333333334,174.66666666666666,151.66666666666666,129.66666666666666,105.0,92.0,93.33333333333333,103.0,117.66666666666667,127.66666666666667,127.0,128.0,127.0,124.0,121.0,119.0,119.0,121.0,118.0,118.0,118.0,118.0,117.0,117.0,117.0,116.0,117.33333333333333,118.33333333333333,119.33333333333333,119.33333333333333,117.33333333333333,114.33333333333333,110.33333333333333,108.33333333333333,104.33333333333333,102.33333333333333,100.33333333333333,99.33333333333333,100.33333333333333,104.33333333333333,108.33333333333333,110.33333333333333,113.33333333333333,114.33333333333333,115.33333333333333,116.33333333333333,116.0,115.0,114.0,113.0,121.33333333333333,122.33333333333333,122.33333333333333,118.33333333333333,109.0,97.0,87.0,81.66666666666667,71.0,68.66666666666667,67.66666666666667,71.0,77.0,83.33333333333333,86.33333333333333,87.0,84.66666666666667,85.0,85.33333333333333,87.0,89.0,91.0,92.33333333333333,93.0,89.0,86.0,81.66666666666667,78.66666666666667,77.66666666666667,76.0,75.0,72.33333333333333,70.33333333333333,69.33333333333333,69.0,68.0,67.66666666666667,67.66666666666667,68.66666666666667,68.33333333333333,64.66666666666667,66.33333333333333,68.33333333333333,71.33333333333333,75.33333333333333,77.33333333333333,79.33333333333333,80.33333333333333,83.33333333333333,85.33333333333333,88.33333333333333,91.33333333333333,94.33333333333333,96.33333333333333,97.33333333333333,98.0,101.0,101.66666666666667,102.66666666666667,104.66666666666667,106.66666666666667,109.66666666666667,111.66666666666667,113.66666666666667,115.66666666666667,116.66666666666667,116.66666666666667,114.66666666666667,111.66666666666667,110.66666666666667,110.66666666666667,111.66666666666667,110.33333333333333,110.33333333333333,110.33333333333333,110.33333333333333,110.33333333333333,110.33333333333333,109.33333333333333,109.33333333333333,110.33333333333333,111.33333333333333,113.33333333333333,115.33333333333333,117.33333333333333,119.33333333333333,119.33333333333333,120.33333333333333,118.33333333333333,119.33333333333333,119.33333333333333,120.33333333333333,120.33333333333333,121.33333333333333,109.33333333333333,120.0,135.66666666666666,152.0,169.33333333333334,181.0,180.33333333333334,173.66666666666666,151.66666666666666,129.66666666666666,105.0,93.0,94.33333333333333,103.0,117.66666666666667,127.66666666666667,128.0,128.0,127.0,124.0,120.0,118.0,118.0,119.0,119.0,119.0,118.0,118.0,117.0,117.0,117.0,117.0,117.33333333333333,118.33333333333333,119.33333333333333,119.33333333333333,118.33333333333333,115.33333333333333,112.33333333333333,110.33333333333333,104.33333333333333,104.33333333333333,104.33333333333333,105.33333333333333,108.33333333333333,111.33333333333333,114.33333333333333,116.33333333333333,117.33333333333333,118.33333333333333,118.33333333333333,118.33333333333333,118.33333333333333,116.33333333333333,116.0,116.0,122.0,123.0,122.33333333333333,116.33333333333333,108.0,97.0,88.0,83.66666666666667,76.33333333333333,75.33333333333333,76.33333333333333,80.66666666666667,86.66666666666667,93.0,97.66666666666667,99.0,95.0,95.66666666666667,95.33333333333333,95.33333333333333,95.33333333333333,96.33333333333333,98.0,97.33333333333333,95.33333333333333,90.66666666666667,86.66666666666667,84.66666666666667,84.0,84.0,84.0,82.66666666666667,84.66666666666667,83.0,83.0,82.0,79.66666666666667,78.66666666666667,76.66666666666667,75.33333333333333,67.66666666666667,68.33333333333333,70.33333333333333,73.33333333333333,76.33333333333333,78.33333333333333,80.33333333333333,81.33333333333333,83.33333333333333,84.33333333333333,86.33333333333333,88.33333333333333,90.33333333333333,92.33333333333333,92.33333333333333,93.0,97.0,97.66666666666667,98.66666666666667,99.66666666666667,102.66666666666667,104.66666666666667,107.66666666666667,108.66666666666667,113.66666666666667,114.66666666666667,114.66666666666667,112.66666666666667,109.66666666666667,108.66666666666667,108.66666666666667,109.66666666666667,112.33333333333333,112.33333333333333,111.33333333333333,109.33333333333333,107.33333333333333,106.33333333333333,104.33333333333333,104.33333333333333,106.33333333333333,107.33333333333333,109.33333333333333,112.33333333333333,114.33333333333333,115.33333333333333,116.33333333333333,117.33333333333333,115.33333333333333,115.33333333333333,115.33333333333333,115.33333333333333,116.33333333333333,116.33333333333333,110.33333333333333,121.0,136.66666666666666,153.0,168.33333333333334,179.0,177.33333333333334,170.66666666666666,149.66666666666666,127.66666666666667,105.0,93.0,94.33333333333333,103.0,117.66666666666667,127.66666666666667,130.0,130.0,129.0,125.0,121.0,118.0,118.0,119.0,120.0,120.0,120.0,119.0,119.0,119.0,118.0,118.0,117.33333333333333,118.33333333333333,119.33333333333333,120.33333333333333,119.33333333333333,117.33333333333333,115.33333333333333,114.33333333333333,110.33333333333333,110.33333333333333,112.33333333333333,113.33333333333333,115.33333333333333,118.33333333333333,119.33333333333333,120.33333333333333,120.33333333333333,120.33333333333333,119.33333333333333,119.33333333333333,118.33333333333333,117.33333333333333,118.0,117.0,123.0,122.0,119.33333333333333,112.33333333333333,105.0,99.0,95.0,93.33333333333333,90.66666666666667,90.66666666666667,92.33333333333333,95.33333333333333,99.33333333333333,104.0,108.0,109.66666666666667,105.66666666666667,105.33333333333333,104.66666666666667,103.66666666666667,103.33333333333333,103.33333333333333,103.33333333333333,103.33333333333333,101.66666666666667,98.0,93.66666666666667,92.0,92.0,93.66666666666667,93.66666666666667,93.66666666666667,97.0,97.0,96.0,95.0,91.66666666666667,88.66666666666667,84.66666666666667,82.33333333333333,77.66666666666667,77.33333333333333,78.33333333333333,80.33333333333333,83.33333333333333,85.33333333333333,87.33333333333333,88.33333333333333,90.33333333333333,91.33333333333333,92.33333333333333,93.33333333333333,94.33333333333333,95.33333333333333,95.33333333333333,95.0,95.0,94.66666666666667,96.33333333333333,96.66666666666667,99.33333333333333,100.66666666666667,103.33333333333333,103.66666666666667,110.33333333333333,110.66666666666667,111.33333333333333,108.66666666666667,107.33333333333333,104.66666666666667,105.33333333333333,106.33333333333333,111.33333333333333,110.33333333333333,108.33333333333333,106.33333333333333,104.33333333333333,102.33333333333333,101.33333333333333,100.33333333333333,100.33333333333333,101.33333333333333,103.33333333333333,106.33333333333333,108.33333333333333,109.33333333333333,110.33333333333333,110.33333333333333,110.33333333333333,110.33333333333333,110.33333333333333,109.33333333333333,109.33333333333333,109.33333333333333,111.33333333333333,122.0,137.66666666666666,153.0,167.33333333333334,176.0,173.33333333333334,164.66666666666666,145.66666666666666,124.66666666666667,103.0,92.0,94.33333333333333,103.0,117.66666666666667,126.66666666666667,131.0,131.0,130.0,126.0,122.0,119.0,119.0,120.0,122.0,122.0,122.0,121.0,121.0,120.0,120.0,120.0,117.33333333333333,118.33333333333333,119.33333333333333,120.33333333333333,120.33333333333333,119.33333333333333,118.33333333333333,117.33333333333333,118.33333333333333,118.33333333333333,119.33333333333333,120.33333333333333,121.33333333333333,122.33333333333333,122.33333333333333,122.33333333333333,120.0,119.0,119.0,118.0,117.33333333333333,117.33333333333333,117.33333333333333,117.33333333333333,125.0,122.0,116.33333333333333,109.33333333333333,103.33333333333333,102.33333333333333,105.33333333333333,108.33333333333333,109.33333333333333,109.66666666666667,110.33333333333333,110.33333333333333,111.33333333333333,112.66666666666667,113.66666666666667,115.33333333333333,112.66666666666667,112.0,111.0,109.66666666666667,109.33333333333333,109.33333333333333,109.33333333333333,108.66666666666667,108.33333333333333,104.66666666666667,102.33333333333333,100.66666666666667,101.66666666666667,102.66666666666667,103.66666666666667,103.0,104.0,103.0,103.0,101.0,98.0,94.0,89.33333333333333,87.66666666666667,86.66666666666667,86.33333333333333,87.33333333333333,88.33333333333333,90.33333333333333,92.33333333333333,94.33333333333333,96.33333333333333,98.33333333333333,99.33333333333333,100.33333333333333,101.33333333333333,101.33333333333333,101.33333333333333,100.33333333333333,100.0,96.66666666666667,96.33333333333333,97.0,97.33333333333333,99.0,99.33333333333333,101.0,101.33333333333333,107.0,107.33333333333333,108.0,105.33333333333333,103.0,101.33333333333333,102.0,102.33333333333333,103.33333333333333,102.33333333333333,101.33333333333333,100.33333333333333,98.33333333333333,96.33333333333333,95.33333333333333,95.33333333333333,93.33333333333333,94.33333333333333,96.33333333333333,98.33333333333333,100.33333333333333,101.33333333333333,101.33333333333333,102.33333333333333,103.33333333333333,102.66666666666667,102.66666666666667,102.66666666666667,102.66666666666667,101.66666666666667,114.33333333333333,125.0,139.66666666666666,153.0,166.33333333333334,173.0,168.33333333333334,159.66666666666666,140.66666666666666,120.66666666666667,100.0,90.0,93.33333333333333,103.0,117.66666666666667,126.66666666666667,130.0,130.0,128.0,125.0,121.0,119.0,119.0,120.0,122.0,122.0,122.0,121.0,121.0,121.0,120.0,120.0,118.33333333333333,118.33333333333333,119.33333333333333,120.33333333333333,121.33333333333333,121.33333333333333,121.33333333333333,120.33333333333333,123.33333333333333,123.33333333333333,123.33333333333333,123.33333333333333,122.33333333333333,122.33333333333333,122.33333333333333,122.33333333333333,119.0,118.0,118.0,117.0,117.33333333333333,118.33333333333333,119.33333333333333,119.33333333333333,125.0,121.0,115.33333333333333,109.33333333333333,106.33333333333333,109.33333333333333,115.33333333333333,120.66666666666667,124.0,123.66666666666667,124.0,120.66666666666667,117.66666666666667,115.33333333333333,114.66666666666667,115.0,114.66666666666667,113.33333333333333,113.0,111.66666666666667,112.66666666666667,112.0,112.66666666666667,112.0,113.0,111.0,109.66666666666667,109.0,110.66666666666667,111.0,110.0,108.0,106.0,105.0,103.0,101.0,98.0,95.0,92.33333333333333,90.33333333333333,94.66666666666667,93.33333333333333,93.33333333333333,93.33333333333333,95.33333333333333,97.33333333333333,99.33333333333333,101.33333333333333,104.33333333333333,105.33333333333333,106.33333333333333,106.33333333333333,106.33333333333333,106.33333333333333,105.33333333333333,104.66666666666667,102.33333333333333,102.0,101.0,100.0,100.0,100.0,101.0,101.0,104.0,105.0,105.0,104.0,101.0,99.0,99.0,100.0,96.33333333333333,95.33333333333333,94.33333333333333,93.33333333333333,92.33333333333333,91.33333333333333,90.33333333333333,89.33333333333333,89.33333333333333,90.33333333333333,91.33333333333333,92.33333333333333,93.33333333333333,93.33333333333333,93.33333333333333,93.33333333333333,95.66666666666667,95.66666666666667,95.66666666666667,95.66666666666667,96.66666666666667,96.66666666666667,119.33333333333333,129.0,142.66666666666666,156.0,167.33333333333334,172.0,166.33333333333334,156.66666666666666,135.66666666666666,116.66666666666667,97.0,88.0,92.33333333333333,103.0,117.66666666666667,127.66666666666667,126.0,126.0,126.0,123.0,119.0,118.0,118.0,119.0,121.0,121.0,120.0,120.0,119.0,119.0,119.0,119.0,118.0,118.0,119.0,120.0,121.0,122.0,123.0,123.0,123.0,122.0,121.0,121.0,121.0,121.0,122.0,122.0,118.0,118.0,117.0,117.0,118.0,119.0,121.33333333333333,122.33333333333333,124.33333333333333,121.33333333333333,118.0,114.0,112.33333333333333,115.33333333333333,121.33333333333333,126.0,130.33333333333334,130.0,129.0,125.0,118.33333333333333,112.0,111.33333333333333,111.66666666666667,111.66666666666667,112.33333333333333,112.0,111.66666666666667,113.0,114.0,115.0,115.0,116.66666666666667,115.33333333333333,115.66666666666667,116.33333333333333,117.66666666666667,116.33333333333333,114.33333333333333,111.33333333333333,109.33333333333333,108.33333333333333,106.33333333333333,102.66666666666667,100.66666666666667,99.66666666666667,98.66666666666667,98.33333333333333,101.66666666666667,100.33333333333333,99.33333333333333,98.33333333333333,100.33333333333333,102.33333333333333,104.33333333333333,106.33333333333333,109.33333333333333,110.33333333333333,110.33333333333333,111.33333333333333,111.33333333333333,110.33333333333333,110.33333333333333,109.66666666666667,108.33333333333333,107.33333333333333,106.33333333333333,104.33333333333333,103.33333333333333,102.33333333333333,102.33333333333333,101.33333333333333,104.33333333333333,105.33333333333333,105.33333333333333,103.33333333333333,101.33333333333333,99.33333333333333,99.33333333333333,100.0,97.33333333333333,97.33333333333333,95.33333333333333,94.33333333333333,92.33333333333333,90.33333333333333,89.33333333333333,88.33333333333333,88.33333333333333,88.33333333333333,89.33333333333333,89.33333333333333,89.33333333333333,89.33333333333333,88.33333333333333,88.33333333333333,89.66666666666667,89.66666666666667,90.66666666666667,91.66666666666667,91.66666666666667,92.66666666666667,122.33333333333333,132.0,145.66666666666666,158.0,168.33333333333334,172.0,165.33333333333334,155.66666666666666,132.66666666666666,113.66666666666667,95.0,87.0,91.33333333333333,103.0,117.66666666666667,127.66666666666667,123.0,123.0,123.0,120.0,117.0,116.0,117.0,118.0,119.0,119.0,118.0,118.0,118.0,117.0,117.0,117.0,118.0,118.0,119.0,121.0,122.0,123.0,124.0,124.0,121.0,120.0,119.0,118.0,118.0,120.0,121.0,123.0,119.0,118.0,118.0,118.0,119.0,121.0,123.33333333333333,125.33333333333333,123.33333333333333,122.33333333333333,122.0,119.0,117.33333333333333,119.33333333333333,123.33333333333333,126.0,130.33333333333334,131.0,130.0,124.0,116.33333333333333,110.33333333333333,107.33333333333333,107.33333333333333,109.66666666666667,109.66666666666667,109.66666666666667,111.33333333333333,112.33333333333333,113.33333333333333,115.33333333333333,116.33333333333333,118.33333333333333,117.66666666666667,118.33333333333333,119.66666666666667,121.33333333333333,118.66666666666667,115.33333333333333,112.33333333333333,114.33333333333333,112.33333333333333,109.66666666666667,106.66666666666667,105.66666666666667,105.66666666666667,105.66666666666667,105.33333333333333,106.66666666666667,105.33333333333333,104.33333333333333,103.33333333333333,104.33333333333333,106.33333333333333,109.33333333333333,111.33333333333333,113.33333333333333,113.33333333333333,114.33333333333333,115.33333333333333,115.33333333333333,115.33333333333333,114.33333333333333,114.66666666666667,113.33333333333333,111.33333333333333,109.33333333333333,107.33333333333333,105.33333333333333,103.33333333333333,102.33333333333333,102.33333333333333,105.33333333333333,106.33333333333333,106.33333333333333,104.33333333333333,101.33333333333333,100.33333333333333,100.33333333333333,101.0,104.0,102.33333333333333,101.33333333333333,98.33333333333333,96.33333333333333,93.33333333333333,92.33333333333333,91.33333333333333,88.33333333333333,88.33333333333333,89.33333333333333,89.33333333333333,88.33333333333333,87.33333333333333,86.33333333333333,85.33333333333333,86.66666666666667,86.66666666666667,87.66666666666667,88.66666666666667,89.66666666666667,90.66666666666667,121.33333333333333,132.0,146.66666666666666,160.0,169.33333333333334,171.0,161.33333333333334,148.66666666666666,126.66666666666667,108.66666666666667,92.0,88.0,95.33333333333333,105.0,115.66666666666667,121.66666666666667,120.0,119.0,118.0,117.0,116.0,116.0,116.0,116.0,116.0,116.0,117.0,118.0,119.0,119.0,120.0,120.0,120.66666666666667,119.66666666666667,119.66666666666667,118.66666666666667,118.66666666666667,117.66666666666667,117.66666666666667,117.66666666666667,114.66666666666667,114.66666666666667,114.66666666666667,115.66666666666667,116.66666666666667,117.66666666666667,119.66666666666667,120.66666666666667,120.66666666666667,119.66666666666667,118.66666666666667,116.66666666666667,118.0,120.0,122.0,124.0,124.33333333333333,121.33333333333333,117.33333333333333,113.33333333333333,113.0,115.0,117.0,118.33333333333333,120.0,121.66666666666667,122.0,118.0,112.0,107.0,106.0,107.0,105.33333333333333,106.33333333333333,107.33333333333333,110.0,112.0,112.0,113.0,112.66666666666667,118.33333333333333,115.33333333333333,115.0,115.33333333333333,118.0,118.33333333333333,118.0,117.0,115.0,114.0,112.0,109.0,107.0,106.0,105.0,104.33333333333333,103.66666666666667,105.33333333333333,108.33333333333333,111.33333333333333,113.33333333333333,113.33333333333333,112.33333333333333,112.33333333333333,116.33333333333333,115.33333333333333,115.33333333333333,114.33333333333333,114.33333333333333,113.33333333333333,113.33333333333333,113.66666666666667,114.33333333333333,112.33333333333333,108.33333333333333,105.33333333333333,103.33333333333333,103.33333333333333,104.33333333333333,105.33333333333333,105.33333333333333,106.33333333333333,108.33333333333333,109.33333333333333,108.33333333333333,106.33333333333333,104.33333333333333,102.0,105.0,104.33333333333333,103.33333333333333,102.33333333333333,101.33333333333333,99.33333333333333,97.33333333333333,96.33333333333333,95.33333333333333,93.33333333333333,91.33333333333333,91.33333333333333,91.33333333333333,91.33333333333333,89.33333333333333,87.33333333333333,90.66666666666667,89.66666666666667,88.66666666666667,89.66666666666667,92.66666666666667,93.66666666666667,121.33333333333333,132.0,146.66666666666666,160.0,169.33333333333334,171.0,161.33333333333334,148.66666666666666,127.66666666666667,109.66666666666667,93.0,89.0,95.33333333333333,105.0,114.66666666666667,120.66666666666667,119.0,118.0,117.0,116.0,115.0,115.0,115.0,115.0,116.0,117.0,117.0,118.0,119.0,120.0,120.0,120.0,119.66666666666667,119.66666666666667,118.66666666666667,118.66666666666667,118.66666666666667,117.66666666666667,117.66666666666667,117.66666666666667,114.66666666666667,114.66666666666667,114.66666666666667,115.66666666666667,116.66666666666667,117.66666666666667,118.66666666666667,119.66666666666667,120.66666666666667,119.66666666666667,117.66666666666667,116.66666666666667,118.0,119.0,122.0,123.0,123.33333333333333,120.33333333333333,117.33333333333333,114.33333333333333,114.0,114.0,115.0,115.33333333333333,115.0,115.66666666666667,117.0,114.0,108.0,104.0,103.0,104.0,103.33333333333333,104.33333333333333,106.33333333333333,108.33333333333333,109.33333333333333,110.33333333333333,111.0,110.66666666666667,113.66666666666667,111.66666666666667,112.33333333333333,112.66666666666667,116.33333333333333,118.33333333333333,118.33333333333333,117.33333333333333,115.0,114.0,112.0,110.0,108.0,107.0,106.0,105.66666666666667,105.66666666666667,108.33333333333333,112.33333333333333,115.33333333333333,117.33333333333333,117.33333333333333,116.33333333333333,115.33333333333333,115.33333333333333,114.33333333333333,114.33333333333333,114.33333333333333,113.33333333333333,113.33333333333333,112.33333333333333,112.66666666666667,114.33333333333333,112.33333333333333,110.33333333333333,107.33333333333333,105.33333333333333,105.33333333333333,105.33333333333333,105.33333333333333,106.33333333333333,107.33333333333333,109.33333333333333,110.33333333333333,110.33333333333333,108.33333333333333,106.33333333333333,105.0,105.33333333333333,107.33333333333333,108.33333333333333,109.33333333333333,108.33333333333333,106.33333333333333,104.33333333333333,102.33333333333333,100.33333333333333,98.33333333333333,96.33333333333333,96.33333333333333,96.33333333333333,95.33333333333333,93.33333333333333,92.33333333333333,92.66666666666667,91.66666666666667,90.66666666666667,91.66666666666667,94.66666666666667,95.66666666666667,120.33333333333333,131.0,146.66666666666666,160.0,170.33333333333334,172.0,161.33333333333334,149.66666666666666,127.66666666666667,109.66666666666667,93.0,89.0,95.33333333333333,104.0,113.66666666666667,119.66666666666667,118.0,117.0,116.0,115.0,114.0,114.0,114.0,114.0,115.0,116.0,116.0,117.0,118.0,119.0,119.0,120.0,118.66666666666667,118.66666666666667,118.66666666666667,117.66666666666667,117.66666666666667,117.66666666666667,116.66666666666667,116.66666666666667,115.66666666666667,115.66666666666667,114.66666666666667,114.66666666666667,115.66666666666667,116.66666666666667,117.66666666666667,118.66666666666667,119.0,118.0,117.66666666666667,116.66666666666667,117.66666666666667,118.66666666666667,121.0,122.0,121.0,120.0,118.33333333333333,116.33333333333333,114.33333333333333,113.33333333333333,113.0,112.33333333333333,111.0,112.0,113.0,111.0,107.33333333333333,104.33333333333333,103.33333333333333,104.33333333333333,102.33333333333333,103.33333333333333,105.33333333333333,106.33333333333333,108.33333333333333,108.33333333333333,108.33333333333333,108.33333333333333,108.0,108.0,108.0,111.0,114.0,117.0,117.0,117.0,113.66666666666667,112.66666666666667,110.66666666666667,108.66666666666667,108.33333333333333,107.33333333333333,107.33333333333333,106.66666666666667,106.66666666666667,109.33333333333333,114.33333333333333,119.33333333333333,121.33333333333333,121.33333333333333,119.33333333333333,117.33333333333333,113.33333333333333,113.33333333333333,113.33333333333333,112.33333333333333,112.33333333333333,112.33333333333333,111.33333333333333,111.66666666666667,113.33333333333333,113.0,112.0,110.0,109.0,107.0,106.0,106.0,107.0,109.0,110.0,111.0,111.0,111.0,109.0,108.0,107.33333333333333,110.33333333333333,115.33333333333333,118.33333333333333,119.33333333333333,117.33333333333333,113.33333333333333,111.33333333333333,108.33333333333333,106.33333333333333,104.33333333333333,103.33333333333333,104.33333333333333,103.33333333333333,101.33333333333333,99.33333333333333,96.66666666666667,95.66666666666667,94.66666666666667,94.66666666666667,97.66666666666667,99.66666666666667,119.33333333333333,131.0,146.66666666666666,161.0,170.33333333333334,172.0,161.33333333333334,148.66666666666666,126.66666666666667,109.66666666666667,93.0,89.0,95.33333333333333,104.0,112.66666666666667,117.66666666666667,117.0,116.0,115.0,114.0,113.0,113.0,113.0,113.0,113.0,113.0,114.0,115.0,116.0,116.0,117.0,117.0,117.66666666666667,117.66666666666667,117.66666666666667,116.66666666666667,116.66666666666667,116.66666666666667,116.66666666666667,116.66666666666667,115.66666666666667,115.66666666666667,115.66666666666667,114.66666666666667,115.66666666666667,115.66666666666667,116.66666666666667,117.66666666666667,118.0,117.0,116.66666666666667,116.66666666666667,116.66666666666667,118.66666666666667,120.0,121.0,121.0,121.0,120.33333333333333,118.33333333333333,116.33333333333333,114.33333333333333,113.0,111.33333333333333,111.33333333333333,112.0,112.33333333333333,112.33333333333333,110.33333333333333,109.33333333333333,108.33333333333333,107.33333333333333,104.33333333333333,104.33333333333333,106.33333333333333,107.33333333333333,108.33333333333333,108.33333333333333,108.33333333333333,108.33333333333333,107.0,107.0,106.0,108.0,111.0,113.0,113.0,112.0,110.66666666666667,109.66666666666667,108.66666666666667,106.66666666666667,106.33333333333333,106.33333333333333,106.33333333333333,105.66666666666667,104.66666666666667,108.33333333333333,113.33333333333333,118.33333333333333,120.33333333333333,120.33333333333333,118.33333333333333,116.33333333333333,111.33333333333333,111.33333333333333,111.33333333333333,111.33333333333333,111.33333333333333,111.33333333333333,111.33333333333333,111.0,112.66666666666667,112.33333333333333,113.0,112.33333333333333,112.0,110.33333333333333,110.0,108.33333333333333,110.0,109.33333333333333,111.0,111.33333333333333,112.0,111.33333333333333,111.0,109.33333333333333,109.33333333333333,114.33333333333333,120.33333333333333,125.33333333333333,127.33333333333333,125.33333333333333,122.33333333333333,119.33333333333333,115.33333333333333,113.33333333333333,112.33333333333333,111.33333333333333,112.33333333333333,112.33333333333333,110.33333333333333,108.33333333333333,102.33333333333333,99.66666666666667,97.66666666666667,98.66666666666667,100.66666666666667,102.66666666666667,120.33333333333333,132.0,147.66666666666666,162.0,171.33333333333334,171.0,159.33333333333334,146.66666666666666,125.66666666666667,108.66666666666667,93.0,89.0,95.33333333333333,104.0,112.66666666666667,117.66666666666667,117.0,116.0,114.0,113.0,112.0,112.0,112.0,112.0,110.0,111.0,111.0,112.0,113.0,114.0,114.0,115.0,115.66666666666667,115.0,115.0,116.0,116.0,116.0,116.0,116.0,116.0,116.0,115.0,114.0,114.0,114.0,115.0,115.0,116.0,116.0,116.0,116.0,116.66666666666667,117.66666666666667,118.66666666666667,118.66666666666667,121.0,121.0,121.0,120.0,118.33333333333333,116.33333333333333,113.33333333333333,112.33333333333333,112.33333333333333,112.33333333333333,112.66666666666667,112.66666666666667,113.66666666666667,112.66666666666667,111.33333333333333,110.33333333333333,106.33333333333333,107.33333333333333,108.33333333333333,109.33333333333333,110.33333333333333,110.33333333333333,110.33333333333333,110.0,109.33333333333333,107.33333333333333,106.33333333333333,106.33333333333333,107.33333333333333,108.33333333333333,108.0,106.0,106.33333333333333,105.33333333333333,104.66666666666667,103.66666666666667,102.66666666666667,102.66666666666667,104.33333333333333,103.66666666666667,101.66666666666667,104.33333333333333,109.33333333333333,113.33333333333333,115.33333333333333,115.33333333333333,113.33333333333333,112.33333333333333,110.33333333333333,110.33333333333333,110.33333333333333,111.33333333333333,111.33333333333333,111.33333333333333,111.33333333333333,111.0,111.0,111.66666666666667,113.33333333333333,113.66666666666667,114.33333333333333,113.66666666666667,114.33333333333333,112.66666666666667,113.33333333333333,112.66666666666667,113.33333333333333,112.66666666666667,112.33333333333333,110.66666666666667,110.33333333333333,109.33333333333333,110.33333333333333,115.33333333333333,121.33333333333333,126.33333333333333,129.33333333333334,127.33333333333333,124.33333333333333,122.33333333333333,119.33333333333333,118.33333333333333,116.33333333333333,117.33333333333333,118.33333333333333,118.33333333333333,117.33333333333333,116.33333333333333,107.33333333333333,104.33333333333333,102.33333333333333,101.33333333333333,102.33333333333333,104.33333333333333,121.33333333333333,133.0,149.66666666666666,163.0,171.33333333333334,171.0,158.33333333333334,143.66666666666666,122.66666666666667,106.66666666666667,92.0,89.0,96.33333333333333,105.0,113.66666666666667,117.66666666666667,117.0,116.0,115.0,114.0,113.0,112.0,113.0,113.0,109.0,110.0,110.0,111.0,112.0,113.0,113.0,113.33333333333333,114.66666666666667,114.0,114.0,115.0,115.0,115.0,116.0,116.0,117.0,116.0,115.0,114.0,113.0,113.0,113.0,114.0,115.0,115.0,115.0,116.0,116.66666666666667,116.66666666666667,117.66666666666667,117.66666666666667,119.0,119.0,119.0,118.0,117.33333333333333,116.33333333333333,114.33333333333333,113.33333333333333,111.66666666666667,110.66666666666667,110.66666666666667,111.66666666666667,112.66666666666667,112.66666666666667,111.66666666666667,109.33333333333333,109.33333333333333,110.33333333333333,111.33333333333333,111.33333333333333,112.33333333333333,112.33333333333333,112.33333333333333,111.0,111.33333333333333,109.0,106.33333333333333,106.33333333333333,106.33333333333333,105.33333333333333,104.0,101.0,103.33333333333333,102.33333333333333,101.66666666666667,101.66666666666667,101.66666666666667,101.66666666666667,102.33333333333333,102.66666666666667,100.66666666666667,102.33333333333333,105.33333333333333,108.33333333333333,109.33333333333333,109.33333333333333,109.33333333333333,108.33333333333333,110.33333333333333,110.33333333333333,110.33333333333333,111.33333333333333,111.33333333333333,111.33333333333333,112.33333333333333,112.0,111.0,111.66666666666667,112.66666666666667,114.66666666666667,115.66666666666667,117.66666666666667,118.66666666666667,119.66666666666667,120.66666666666667,119.66666666666667,117.66666666666667,115.66666666666667,112.66666666666667,110.66666666666667,108.66666666666667,107.66666666666667,111.33333333333333,113.33333333333333,117.33333333333333,121.33333333333333,123.33333333333333,123.33333333333333,122.33333333333333,121.33333333333333,120.33333333333333,118.33333333333333,118.33333333333333,119.33333333333333,121.33333333333333,123.33333333333333,122.33333333333333,121.33333333333333,111.33333333333333,108.33333333333333,104.33333333333333,102.33333333333333,102.33333333333333,103.33333333333333,123.33333333333333,135.0,150.66666666666666,164.0,171.33333333333334,169.0,156.33333333333334,141.66666666666666,120.66666666666667,104.66666666666667,91.0,89.0,96.33333333333333,105.0,113.66666666666667,118.66666666666667,117.0,117.0,115.0,114.0,113.0,113.0,113.0,113.0,111.0,111.0,111.0,112.0,113.0,114.0,114.0,114.33333333333333,113.66666666666667,113.0,114.0,114.0,114.0,115.0,115.0,115.0,117.0,117.0,115.0,114.0,113.0,112.0,112.0,113.0,114.0,114.0,115.0,116.0,116.0,116.0,116.66666666666667,116.66666666666667,116.0,116.0,116.0,115.0,114.33333333333333,114.33333333333333,114.33333333333333,114.33333333333333,112.66666666666667,111.33333333333333,110.33333333333333,111.33333333333333,114.33333333333333,113.66666666666667,111.66666666666667,108.66666666666667,110.66666666666667,110.66666666666667,111.33333333333333,112.33333333333333,112.33333333333333,112.33333333333333,112.33333333333333,112.0,111.0,108.33333333333333,106.0,105.0,105.66666666666667,104.66666666666667,101.66666666666667,100.0,102.33333333333333,101.33333333333333,101.33333333333333,100.33333333333333,101.0,102.0,103.33333333333333,103.0,102.66666666666667,103.33333333333333,104.33333333333333,105.33333333333333,106.33333333333333,107.33333333333333,107.33333333333333,107.33333333333333,110.33333333333333,111.33333333333333,111.33333333333333,111.33333333333333,112.33333333333333,112.33333333333333,113.33333333333333,113.0,111.0,110.66666666666667,111.66666666666667,113.66666666666667,116.66666666666667,120.66666666666667,124.66666666666667,126.66666666666667,128.66666666666666,126.66666666666667,123.66666666666667,119.66666666666667,115.66666666666667,111.66666666666667,109.66666666666667,108.66666666666667,110.33333333333333,111.33333333333333,111.33333333333333,112.33333333333333,114.33333333333333,115.33333333333333,116.33333333333333,117.33333333333333,117.33333333333333,116.33333333333333,117.33333333333333,119.33333333333333,122.33333333333333,124.33333333333333,124.33333333333333,124.33333333333333,114.33333333333333,110.33333333333333,105.33333333333333,102.33333333333333,101.33333333333333,101.33333333333333,124.66666666666667,136.33333333333334,151.66666666666666,164.66666666666666,172.0,169.0,155.0,139.66666666666666,119.33333333333333,104.0,90.0,89.0,97.33333333333333,106.0,114.33333333333333,119.66666666666667,117.66666666666667,117.0,116.0,115.0,114.0,114.0,114.0,114.0,112.0,112.0,113.0,114.0,114.0,115.0,116.0,116.0,112.66666666666667,113.0,113.0,114.0,114.0,115.0,115.0,115.0,118.0,117.0,115.0,114.0,113.0,112.0,112.0,112.0,113.0,114.0,115.66666666666667,115.0,116.66666666666667,116.66666666666667,115.66666666666667,115.66666666666667,114.0,113.0,112.0,112.0,112.33333333333333,112.33333333333333,113.33333333333333,114.33333333333333,114.66666666666667,112.66666666666667,110.66666666666667,112.66666666666667,114.66666666666667,115.66666666666667,112.66666666666667,109.33333333333333,110.66666666666667,110.33333333333333,111.33333333333333,112.33333333333333,112.33333333333333,112.33333333333333,111.33333333333333,111.0,110.66666666666667,108.0,106.0,105.66666666666667,105.66666666666667,104.66666666666667,102.66666666666667,101.0,102.0,102.33333333333333,101.33333333333333,101.33333333333333,101.33333333333333,103.0,104.0,105.0,105.33333333333333,105.33333333333333,105.33333333333333,105.33333333333333,105.33333333333333,106.33333333333333,107.33333333333333,108.33333333333333,111.33333333333333,111.33333333333333,111.33333333333333,112.33333333333333,112.33333333333333,113.33333333333333,113.33333333333333,114.33333333333333,111.0,110.66666666666667,112.0,113.66666666666667,118.0,122.66666666666667,128.0,130.66666666666666,135.0,132.66666666666666,129.0,122.66666666666667,118.0,113.66666666666667,111.0,108.66666666666667,110.0,108.66666666666667,107.66666666666667,105.66666666666667,107.66666666666667,108.66666666666667,112.66666666666667,112.66666666666667,115.66666666666667,114.66666666666667,115.66666666666667,117.66666666666667,122.66666666666667,124.66666666666667,125.66666666666667,124.66666666666667,115.33333333333333,110.66666666666667,105.33333333333333,100.66666666666667,100.33333333333333,99.66666666666667,126.66666666666667,131.33333333333334,153.66666666666666,173.0,172.33333333333334,164.66666666666666,153.0,136.33333333333334,114.33333333333333,103.0,92.0,90.0,97.33333333333333,108.0,113.33333333333333,112.66666666666667,114.66666666666667,113.66666666666667,113.66666666666667,112.66666666666667,112.66666666666667,112.66666666666667,114.0,114.0,116.0,115.0,114.33333333333333,115.33333333333333,117.33333333333333,118.33333333333333,118.33333333333333,116.0,114.33333333333333,114.0,114.0,114.0,114.0,114.0,114.0,114.0,115.0,114.0,113.0,112.0,112.0,112.0,112.0,112.0,113.33333333333333,114.33333333333333,117.0,118.33333333333333,120.0,119.0,117.0,116.0,113.0,113.0,114.0,115.0,115.0,116.0,117.0,117.0,112.33333333333333,113.33333333333333,114.33333333333333,115.33333333333333,114.33333333333333,111.33333333333333,108.33333333333333,106.0,109.33333333333333,109.0,110.0,111.0,111.0,110.0,110.0,110.0,109.0,107.33333333333333,106.33333333333333,105.0,104.0,104.0,104.0,104.0,104.0,104.0,104.0,104.0,105.0,105.33333333333333,105.33333333333333,105.33333333333333,106.0,106.0,106.0,107.0,107.0,107.0,108.0,108.0,113.0,113.0,113.0,112.0,112.0,112.0,111.0,111.0,109.0,109.0,110.0,114.0,118.0,124.0,130.0,133.0,135.0,137.0,136.0,130.0,121.0,114.0,111.0,110.0,107.0,105.0,104.33333333333333,103.0,103.33333333333333,105.0,107.33333333333333,109.0,108.33333333333333,111.0,112.33333333333333,111.0,116.33333333333333,126.0,132.33333333333334,132.0,121.0,117.0,112.0,106.0,102.0,101.0,129.33333333333334,134.33333333333334,156.0,174.0,171.33333333333334,163.66666666666666,152.33333333333334,134.33333333333334,114.33333333333333,103.0,92.0,90.0,99.0,108.0,113.33333333333333,113.66666666666667,115.66666666666667,114.66666666666667,113.66666666666667,113.66666666666667,113.66666666666667,113.66666666666667,113.66666666666667,113.66666666666667,114.0,113.0,113.33333333333333,114.33333333333333,117.33333333333333,118.33333333333333,118.33333333333333,117.0,115.33333333333333,115.0,115.0,114.0,114.0,114.0,114.0,114.0,116.0,115.0,114.0,113.0,112.0,112.0,112.0,112.0,114.0,115.0,117.0,119.0,119.0,118.0,117.0,116.0,114.0,114.0,115.0,115.0,115.0,116.0,116.0,116.0,115.0,116.0,117.0,117.0,116.0,114.0,112.0,110.0,110.0,110.0,110.0,111.0,111.0,111.0,110.0,110.0,109.0,109.0,108.0,107.0,107.0,108.0,108.0,109.0,108.0,108.0,108.0,108.0,108.0,108.0,107.0,107.0,108.0,108.0,108.0,108.0,109.0,109.0,109.0,110.0,111.0,111.0,110.0,110.0,110.0,110.0,110.0,110.0,110.0,109.0,110.0,112.0,116.0,122.0,127.0,131.0,136.0,137.0,136.0,129.0,120.0,112.0,108.0,108.0,106.0,106.0,105.0,105.0,106.0,107.0,109.0,110.0,111.0,114.0,114.0,113.0,117.0,126.0,131.0,132.0,126.0,123.0,118.0,113.0,110.0,108.0,130.33333333333334,136.33333333333334,158.0,174.0,170.33333333333334,163.66666666666666,151.33333333333334,132.33333333333334,113.33333333333333,103.0,93.0,91.0,100.0,109.0,114.33333333333333,114.66666666666667,115.66666666666667,115.66666666666667,114.66666666666667,114.66666666666667,113.66666666666667,113.66666666666667,112.66666666666667,112.66666666666667,112.0,111.0,111.33333333333333,113.33333333333333,116.33333333333333,118.33333333333333,118.33333333333333,117.0,115.33333333333333,115.0,115.0,115.0,115.0,115.0,115.0,115.0,117.0,116.0,115.0,113.0,113.0,112.0,112.0,112.0,114.0,115.0,116.0,118.0,118.0,118.0,117.0,116.0,116.0,116.0,116.0,116.0,115.0,115.0,115.0,115.0,116.0,117.0,118.0,118.0,117.0,116.0,114.0,113.0,111.0,111.0,111.0,111.0,111.0,111.0,111.0,111.0,109.0,109.0,109.0,110.0,111.0,112.0,113.0,114.0,114.0,113.0,113.0,112.0,111.0,111.0,110.0,110.0,109.0,110.0,110.0,110.0,111.0,111.0,111.0,111.0,108.0,108.0,108.0,108.0,108.0,109.0,109.0,109.0,111.0,110.0,109.0,109.0,112.0,118.0,123.0,127.0,135.0,136.0,134.0,127.0,117.0,109.0,106.0,106.0,109.0,110.0,111.0,112.0,113.0,113.0,114.0,113.0,114.0,116.0,116.0,115.0,119.0,127.0,133.0,133.0,132.0,129.0,125.0,121.0,118.0,116.0,129.33333333333334,136.0,157.33333333333334,172.0,168.33333333333334,162.66666666666666,150.33333333333334,129.33333333333334,111.33333333333333,101.0,92.0,91.0,101.0,110.0,115.33333333333333,114.66666666666667,116.66666666666667,116.66666666666667,115.66666666666667,115.66666666666667,114.66666666666667,112.66666666666667,111.66666666666667,111.66666666666667,109.0,109.0,109.33333333333333,111.33333333333333,115.33333333333333,117.33333333333333,117.33333333333333,116.0,115.33333333333333,115.0,115.0,115.0,115.0,116.0,116.0,116.0,118.0,117.0,115.0,114.0,113.0,113.0,113.0,113.33333333333333,114.0,115.0,116.0,117.0,118.0,118.0,117.0,116.0,118.0,118.0,117.0,116.0,115.0,114.0,114.0,113.0,114.0,115.0,116.0,116.0,116.0,115.0,114.0,113.0,113.0,112.0,112.0,111.0,111.0,111.0,111.0,111.0,109.0,109.0,109.0,111.0,112.0,114.0,116.0,117.0,117.0,116.0,116.0,115.0,114.0,113.0,112.0,112.0,110.0,110.0,110.0,111.0,111.0,112.0,112.0,112.0,107.0,107.0,108.0,108.0,108.0,109.0,109.0,109.0,112.0,110.0,108.0,107.0,109.0,114.0,119.0,123.0,130.0,131.0,129.0,123.0,114.0,108.0,106.0,107.0,114.0,116.0,118.0,120.0,121.0,121.0,120.0,119.0,115.0,118.0,118.0,117.0,122.0,131.0,137.0,137.0,138.0,135.0,131.0,127.0,123.0,121.0,126.0,136.0,156.33333333333334,169.0,166.33333333333334,162.66666666666666,150.33333333333334,127.33333333333333,108.33333333333333,99.0,91.0,91.0,101.0,110.33333333333333,115.66666666666667,114.66666666666667,115.66666666666667,115.66666666666667,115.66666666666667,115.66666666666667,113.66666666666667,111.66666666666667,109.66666666666667,108.66666666666667,108.0,107.0,107.33333333333333,109.33333333333333,113.33333333333333,115.33333333333333,115.33333333333333,115.0,114.33333333333333,114.33333333333333,114.33333333333333,115.33333333333333,115.33333333333333,116.33333333333333,116.33333333333333,116.33333333333333,117.33333333333333,117.33333333333333,116.33333333333333,115.33333333333333,114.33333333333333,115.33333333333333,115.33333333333333,115.33333333333333,116.0,116.0,117.0,118.0,118.0,118.0,118.0,118.0,119.0,119.0,118.0,117.0,116.0,115.0,114.0,113.0,114.0,115.0,115.0,116.0,116.0,116.0,115.0,115.0,115.0,114.0,113.0,112.0,111.0,111.0,112.0,112.0,109.0,109.0,109.0,110.0,112.0,114.0,116.0,117.0,117.0,117.0,116.0,115.0,114.0,113.0,112.0,112.0,110.0,110.0,110.0,111.0,111.0,112.0,112.0,112.0,109.0,109.0,109.0,109.0,110.0,110.0,110.0,110.0,111.0,109.0,107.0,106.0,108.0,112.0,116.0,119.0,122.0,123.0,123.0,118.0,112.0,108.0,108.0,110.0,117.0,119.0,121.0,123.0,124.0,122.0,120.0,119.0,114.0,117.0,118.0,118.0,123.0,132.0,139.0,140.0,143.0,141.0,136.0,132.0,127.0,124.0,128.0,137.66666666666666,159.33333333333334,169.0,165.0,162.66666666666666,149.33333333333334,125.33333333333333,105.33333333333333,97.0,89.0,90.33333333333333,100.0,109.33333333333333,114.66666666666667,113.66666666666667,114.66666666666667,115.66666666666667,115.66666666666667,114.66666666666667,112.66666666666667,109.66666666666667,107.66666666666667,105.66666666666667,107.0,106.0,106.33333333333333,108.33333333333333,111.33333333333333,113.33333333333333,113.33333333333333,112.0,113.0,112.33333333333333,113.33333333333333,114.33333333333333,114.33333333333333,115.33333333333333,115.33333333333333,116.33333333333333,116.33333333333333,116.33333333333333,115.33333333333333,115.33333333333333,116.33333333333333,116.33333333333333,117.33333333333333,118.33333333333333,118.0,118.0,118.0,118.0,119.0,119.0,120.0,120.0,119.0,119.0,118.0,117.0,116.0,115.0,114.0,114.0,116.0,116.0,116.0,117.0,117.0,118.0,119.0,119.0,117.0,115.0,114.0,112.0,111.0,111.0,112.0,113.0,111.0,110.0,110.0,111.0,112.0,113.0,114.0,115.0,116.0,116.0,115.0,114.0,114.0,113.0,113.0,112.0,111.0,111.0,111.0,111.0,112.0,112.0,112.0,113.0,112.0,112.0,111.0,111.0,111.0,110.0,110.0,110.0,109.0,108.0,107.0,107.0,109.0,111.0,114.0,116.0,114.0,116.0,117.0,114.0,110.0,108.0,110.0,113.0,116.0,118.0,119.0,120.0,120.0,118.0,116.0,114.0,111.0,114.0,115.0,115.0,120.0,129.0,135.0,136.0,142.0,140.0,137.0,133.0,128.0,125.0,133.66666666666666,144.66666666666666,164.33333333333334,171.0,165.0,161.66666666666666,147.33333333333334,121.33333333333333,103.33333333333333,94.0,87.0,89.33333333333333,99.0,109.66666666666667,113.66666666666667,112.66666666666667,113.66666666666667,114.66666666666667,114.66666666666667,113.66666666666667,111.66666666666667,108.66666666666667,104.66666666666667,102.66666666666667,107.0,106.0,106.33333333333333,107.33333333333333,110.33333333333333,111.33333333333333,111.33333333333333,110.0,111.0,111.33333333333333,111.33333333333333,112.33333333333333,113.33333333333333,114.33333333333333,115.33333333333333,115.33333333333333,114.33333333333333,114.33333333333333,115.33333333333333,115.33333333333333,117.33333333333333,118.33333333333333,120.33333333333333,121.33333333333333,120.0,120.0,119.0,120.0,120.0,121.0,121.0,122.0,118.0,118.0,118.0,117.0,117.0,116.0,116.0,115.0,115.0,115.0,115.0,116.0,116.0,118.0,119.0,119.0,118.0,117.0,114.0,112.0,111.0,112.0,113.0,114.0,114.0,113.0,113.0,112.0,112.0,112.0,113.0,113.0,115.0,115.0,115.0,114.0,114.0,114.0,114.0,114.0,112.0,113.0,113.0,113.0,114.0,114.0,114.0,114.0,114.0,113.0,112.0,111.0,110.0,109.0,108.0,108.0,107.0,107.0,108.0,109.0,110.0,112.0,113.0,114.0,111.0,113.0,114.0,111.0,108.0,107.0,110.0,114.0,117.0,117.0,118.0,117.0,116.0,114.0,112.0,111.0,109.0,112.0,112.0,110.0,114.0,122.0,127.0,127.0,133.0,131.0,129.0,126.0,124.0,121.0,138.66666666666666,150.66666666666666,168.33333333333334,173.33333333333334,166.0,161.66666666666666,146.33333333333334,119.33333333333333,101.33333333333333,93.0,86.66666666666667,88.33333333333333,99.33333333333333,108.66666666666667,112.66666666666667,111.66666666666667,113.33333333333333,113.66666666666667,113.66666666666667,112.66666666666667,110.66666666666667,106.66666666666667,103.66666666666667,100.66666666666667,108.0,106.0,106.33333333333333,107.33333333333333,109.33333333333333,110.33333333333333,109.33333333333333,108.33333333333333,110.0,110.33333333333333,110.33333333333333,111.33333333333333,112.33333333333333,113.33333333333333,114.33333333333333,114.33333333333333,113.33333333333333,114.33333333333333,114.33333333333333,115.33333333333333,117.33333333333333,119.33333333333333,121.33333333333333,122.33333333333333,121.0,121.0,120.0,120.0,121.0,121.0,122.0,123.0,118.0,118.0,118.0,117.0,117.0,117.0,116.0,116.0,112.0,112.0,112.0,112.0,114.0,115.0,117.0,117.0,119.0,117.0,114.0,112.0,111.0,112.0,113.0,114.0,117.0,116.0,115.0,114.0,113.0,112.0,113.0,113.0,114.0,114.0,115.0,115.0,115.0,115.0,115.0,115.0,114.0,114.0,115.0,115.0,115.0,116.0,116.0,116.0,114.0,114.0,112.0,111.0,109.0,108.0,107.0,106.0,106.0,107.0,108.0,110.0,112.0,112.0,113.0,113.0,110.0,112.0,112.0,110.0,106.0,106.0,109.0,113.0,120.0,119.0,119.0,117.0,116.0,114.0,112.0,111.0,109.0,110.0,109.0,106.0,109.0,116.0,120.0,120.0,122.0,121.0,120.0,119.0,117.0,116.0,145.66666666666666,154.66666666666666,172.33333333333334,177.33333333333334,170.0,163.66666666666666,145.33333333333334,117.33333333333333,99.33333333333333,92.0,88.66666666666667,91.33333333333333,101.33333333333333,108.66666666666667,111.66666666666667,108.66666666666667,112.33333333333333,111.66666666666667,111.66666666666667,110.66666666666667,109.66666666666667,106.66666666666667,104.66666666666667,102.66666666666667,105.0,106.0,108.33333333333333,109.33333333333333,108.33333333333333,107.33333333333333,106.33333333333333,105.33333333333333,105.0,106.0,108.0,110.0,113.0,115.0,117.0,118.0,114.0,114.0,114.0,115.0,116.0,118.0,120.0,121.0,122.0,122.0,122.0,121.0,121.0,121.0,121.0,121.0,118.0,117.0,116.0,115.0,114.0,114.0,114.0,115.0,114.0,114.0,113.0,113.0,114.0,114.0,115.0,116.0,116.0,115.0,114.0,113.0,113.0,115.0,116.0,117.0,118.0,119.0,120.0,121.0,120.0,117.0,114.0,112.0,115.0,115.0,114.0,113.0,113.0,113.0,114.0,114.0,113.0,114.0,115.0,116.0,116.0,114.0,113.0,111.0,111.0,111.0,111.0,110.0,109.0,109.0,108.0,108.0,107.0,106.0,105.0,107.0,110.0,112.0,112.0,111.0,111.0,110.0,108.0,106.0,107.0,108.0,110.0,112.0,118.0,117.0,117.0,116.0,114.0,112.0,110.0,108.0,103.0,106.0,109.0,110.0,109.0,108.0,108.0,109.0,111.0,112.0,112.0,110.0,108.0,108.0,149.66666666666666,158.33333333333334,175.0,179.33333333333334,170.0,161.66666666666666,143.33333333333334,114.33333333333333,98.33333333333333,93.0,89.66666666666667,92.66666666666667,102.33333333333333,109.66666666666667,113.0,109.66666666666667,112.33333333333333,111.66666666666667,111.66666666666667,110.66666666666667,109.66666666666667,106.66666666666667,104.66666666666667,103.66666666666667,105.0,106.0,108.33333333333333,109.33333333333333,109.33333333333333,108.33333333333333,107.33333333333333,106.33333333333333,105.0,106.0,107.0,109.0,111.0,112.0,114.0,114.0,111.0,111.0,112.0,113.0,114.0,116.0,118.0,119.0,120.0,120.0,120.0,120.0,120.0,119.0,119.0,119.0,116.0,115.0,114.0,113.0,113.0,113.0,113.0,113.0,113.0,113.0,113.0,112.0,113.0,114.0,115.0,115.0,115.0,115.0,114.0,113.0,114.0,115.0,117.0,118.0,119.0,120.0,121.0,122.0,121.0,119.0,116.0,115.0,117.0,116.0,115.0,114.0,114.0,114.0,114.0,114.0,114.0,114.0,114.0,114.0,114.0,113.0,112.0,112.0,111.0,111.0,111.0,111.0,111.0,110.0,110.0,110.0,108.0,107.0,107.0,109.0,112.0,114.0,114.0,113.0,111.0,110.0,108.0,108.0,108.0,110.0,112.0,114.0,118.0,118.0,117.0,116.0,114.0,112.0,111.0,109.0,106.0,108.0,110.0,110.0,108.0,106.0,106.0,106.0,108.0,109.0,110.0,109.0,107.0,107.0,153.33333333333334,162.33333333333334,179.0,182.33333333333334,171.0,160.33333333333334,140.33333333333334,112.33333333333333,98.33333333333333,94.0,91.66666666666667,94.66666666666667,103.33333333333333,111.66666666666667,114.0,113.33333333333333,113.33333333333333,112.66666666666667,111.66666666666667,110.66666666666667,109.66666666666667,107.66666666666667,105.66666666666667,104.66666666666667,106.0,107.0,108.33333333333333,110.33333333333333,111.33333333333333,110.33333333333333,109.33333333333333,108.33333333333333,106.33333333333333,106.33333333333333,107.33333333333333,107.33333333333333,108.33333333333333,109.33333333333333,109.33333333333333,110.33333333333333,107.33333333333333,107.33333333333333,109.33333333333333,110.33333333333333,112.33333333333333,113.33333333333333,114.33333333333333,115.33333333333333,117.0,117.0,117.0,117.0,117.0,117.0,117.0,117.0,113.0,113.0,112.0,111.0,111.0,111.0,111.0,112.0,112.0,112.0,112.0,112.0,112.0,113.0,114.0,114.0,114.0,114.0,113.0,113.0,114.0,116.0,118.0,120.0,121.0,122.0,123.0,123.0,123.0,121.0,119.0,118.0,120.0,119.0,117.0,116.0,115.0,114.0,114.0,114.0,114.0,113.0,113.0,112.0,111.0,111.0,112.0,112.0,112.0,112.0,112.0,112.0,112.0,113.0,113.0,113.0,110.0,109.0,109.0,111.0,113.0,115.0,115.0,114.0,111.0,110.0,109.0,108.0,109.0,112.0,115.0,116.0,119.0,118.0,118.0,117.0,116.0,114.0,112.0,111.0,109.0,111.0,112.0,110.0,107.0,105.0,104.0,105.0,107.0,108.0,109.0,108.0,106.0,106.0,154.33333333333334,164.0,182.0,184.33333333333334,172.0,159.33333333333334,140.33333333333334,111.33333333333333,98.33333333333333,94.0,93.66666666666667,98.0,106.66666666666667,113.0,117.33333333333333,116.33333333333333,115.33333333333333,113.66666666666667,112.66666666666667,111.66666666666667,109.66666666666667,108.66666666666667,106.66666666666667,105.66666666666667,107.0,108.0,110.33333333333333,111.33333333333333,112.33333333333333,112.33333333333333,111.33333333333333,110.33333333333333,107.33333333333333,107.33333333333333,107.33333333333333,107.33333333333333,107.33333333333333,107.33333333333333,107.33333333333333,107.33333333333333,105.33333333333333,106.33333333333333,107.33333333333333,109.33333333333333,110.33333333333333,111.33333333333333,112.33333333333333,112.33333333333333,114.0,114.0,114.0,114.0,114.0,115.0,115.0,115.0,111.0,111.0,110.0,109.0,109.0,109.0,110.0,110.0,112.0,111.0,111.0,111.0,111.0,112.0,113.0,114.0,114.0,113.0,113.0,113.0,115.0,117.0,120.0,121.0,123.0,123.0,124.0,124.0,124.0,123.0,122.0,121.0,122.0,121.0,119.0,118.0,116.0,115.0,115.0,115.0,115.0,114.0,112.0,111.0,110.0,111.0,112.0,113.0,112.0,112.0,113.0,113.0,114.0,115.0,115.0,115.0,111.0,110.0,110.0,111.0,114.0,115.0,115.0,113.0,109.0,109.0,108.0,108.0,109.0,112.0,115.0,117.0,119.0,119.0,118.0,118.0,116.0,115.0,113.0,112.0,111.0,112.0,113.0,112.0,109.0,108.0,108.0,109.0,112.0,112.0,112.0,110.0,107.0,106.0,154.0,165.0,184.0,186.33333333333334,172.0,159.33333333333334,139.33333333333334,112.33333333333333,97.33333333333333,96.0,96.66666666666667,101.0,108.66666666666667,115.0,119.33333333333333,119.33333333333333,117.33333333333333,116.66666666666667,114.66666666666667,112.66666666666667,111.66666666666667,109.66666666666667,109.66666666666667,108.66666666666667,109.0,110.0,112.33333333333333,113.33333333333333,114.33333333333333,113.33333333333333,112.33333333333333,111.33333333333333,108.33333333333333,108.33333333333333,108.33333333333333,108.33333333333333,108.33333333333333,108.33333333333333,108.33333333333333,108.33333333333333,107.33333333333333,108.33333333333333,109.33333333333333,111.33333333333333,111.33333333333333,111.33333333333333,111.33333333333333,110.33333333333333,112.0,112.0,112.0,113.0,113.0,114.0,114.0,114.0,110.0,110.0,109.0,109.0,109.0,109.0,110.0,111.0,112.0,111.0,111.0,111.0,111.0,112.0,113.0,114.0,114.0,114.0,113.0,114.0,115.0,118.0,120.0,122.0,122.0,123.0,123.0,124.0,124.0,124.0,124.0,124.0,123.0,122.0,120.0,118.0,117.0,116.0,116.0,116.0,116.0,115.0,113.0,112.0,111.0,112.0,113.0,114.0,113.0,113.0,114.0,114.0,115.0,115.0,116.0,116.0,111.0,110.0,109.0,111.0,113.0,114.0,114.0,112.0,108.0,107.0,106.0,106.0,108.0,110.0,113.0,115.0,118.0,118.0,118.0,118.0,116.0,115.0,113.0,113.0,112.0,113.0,114.0,114.0,113.0,113.0,115.0,116.0,120.0,119.0,118.0,114.0,109.0,106.0,154.0,166.0,185.66666666666666,187.33333333333334,172.0,157.33333333333334,137.33333333333334,110.33333333333333,97.33333333333333,96.0,98.66666666666667,104.0,110.66666666666667,117.0,122.33333333333333,122.33333333333333,121.33333333333333,118.66666666666667,116.66666666666667,114.66666666666667,113.66666666666667,112.66666666666667,111.66666666666667,111.66666666666667,112.0,113.0,114.33333333333333,115.33333333333333,115.33333333333333,114.33333333333333,113.33333333333333,112.33333333333333,110.33333333333333,110.33333333333333,110.33333333333333,111.33333333333333,112.33333333333333,112.33333333333333,113.33333333333333,113.33333333333333,112.33333333333333,113.33333333333333,114.33333333333333,115.33333333333333,115.33333333333333,114.33333333333333,112.33333333333333,111.33333333333333,111.0,112.0,112.0,113.0,114.0,114.0,115.0,115.0,110.0,110.0,110.0,109.0,110.0,111.0,112.0,112.0,112.0,112.0,112.0,112.0,112.0,113.0,114.0,114.0,115.0,115.0,114.0,114.0,116.0,117.0,120.0,121.0,121.0,121.0,122.0,122.0,123.0,123.0,124.0,124.0,122.0,121.0,120.0,118.0,117.0,117.0,117.0,117.0,118.0,117.0,116.0,115.0,115.0,115.0,115.0,115.0,114.0,114.0,114.0,115.0,115.0,115.0,115.0,115.0,112.0,111.0,110.0,111.0,113.0,114.0,113.0,112.0,109.0,107.0,106.0,106.0,107.0,109.0,112.0,114.0,117.0,117.0,117.0,117.0,116.0,115.0,113.0,112.0,112.0,113.0,115.0,115.0,115.0,117.0,120.0,122.0,125.0,125.0,122.0,117.0,111.0,107.0,156.0,169.0,187.66666666666666,188.33333333333334,170.0,154.33333333333334,133.33333333333334,105.33333333333333,96.33333333333333,97.0,100.66666666666667,106.0,112.66666666666667,119.0,124.33333333333333,125.33333333333333,123.33333333333333,121.66666666666667,119.66666666666667,116.66666666666667,115.66666666666667,114.66666666666667,114.66666666666667,114.66666666666667,115.0,115.0,116.33333333333333,117.33333333333333,116.33333333333333,114.33333333333333,112.33333333333333,111.33333333333333,111.33333333333333,111.33333333333333,113.33333333333333,114.33333333333333,116.33333333333333,118.33333333333333,119.33333333333333,119.33333333333333,119.33333333333333,120.33333333333333,120.33333333333333,120.33333333333333,119.33333333333333,117.33333333333333,114.33333333333333,112.33333333333333,112.0,112.0,113.0,114.0,115.0,116.0,116.0,117.0,112.0,111.0,111.0,111.0,111.0,112.0,113.0,114.0,113.0,113.0,113.0,112.0,113.0,114.0,115.0,115.0,117.0,116.0,115.0,115.0,116.0,117.0,119.0,120.0,119.0,119.0,119.0,120.0,121.0,122.0,123.0,124.0,121.0,120.0,119.0,118.0,117.0,117.0,117.0,118.0,119.0,119.0,119.0,119.0,119.0,118.0,117.0,117.0,115.0,115.0,115.0,114.0,114.0,114.0,114.0,114.0,114.0,113.0,112.0,113.0,114.0,115.0,115.0,113.0,111.0,110.0,108.0,107.0,108.0,110.0,112.0,114.0,116.0,116.0,116.0,116.0,115.0,114.0,113.0,112.0,112.0,114.0,115.0,115.0,115.0,117.0,121.0,124.0,126.0,126.0,123.0,118.0,113.0,109.0,158.0,171.66666666666666,189.66666666666666,189.33333333333334,169.0,151.33333333333334,129.0,102.0,96.33333333333333,98.66666666666667,101.0,107.0,113.66666666666667,120.0,125.33333333333333,126.33333333333333,124.66666666666667,123.33333333333333,120.33333333333333,118.33333333333333,116.66666666666667,115.66666666666667,115.66666666666667,116.66666666666667,117.0,117.0,118.33333333333333,117.33333333333333,116.33333333333333,114.33333333333333,112.33333333333333,110.33333333333333,111.33333333333333,112.33333333333333,114.33333333333333,116.33333333333333,119.33333333333333,121.33333333333333,123.33333333333333,124.33333333333333,123.33333333333333,124.33333333333333,124.33333333333333,124.33333333333333,122.33333333333333,119.33333333333333,116.33333333333333,113.33333333333333,113.0,113.0,114.0,115.0,116.0,117.0,117.0,118.0,113.0,112.0,112.0,112.0,113.0,114.0,115.0,115.0,114.0,114.0,113.0,113.0,114.0,114.0,115.0,116.0,118.0,117.0,116.0,115.0,115.0,117.0,118.0,119.0,118.0,118.0,118.0,118.0,120.0,121.0,123.0,123.0,119.0,119.0,118.0,117.0,117.0,117.0,118.0,118.0,120.0,121.0,122.0,122.0,122.0,121.0,119.0,118.0,116.0,115.0,115.0,114.0,114.0,113.0,113.0,112.0,116.0,114.0,113.0,114.0,116.0,117.0,116.0,115.0,113.0,112.0,110.0,108.0,109.0,110.0,112.0,114.0,115.0,115.0,115.0,115.0,114.0,113.0,112.0,111.0,113.0,114.0,115.0,115.0,115.0,116.0,120.0,123.0,125.0,125.0,123.0,118.0,113.0,109.0,161.66666666666666,178.66666666666666,191.66666666666666,188.33333333333334,172.0,147.66666666666666,119.66666666666667,97.66666666666667,85.0,94.0,104.0,110.66666666666667,119.33333333333333,126.0,127.66666666666667,124.66666666666667,124.33333333333333,122.0,120.0,117.0,116.33333333333333,117.33333333333333,119.0,120.0,119.0,120.0,121.33333333333333,121.33333333333333,120.33333333333333,118.33333333333333,116.33333333333333,115.33333333333333,116.0,116.0,118.0,120.0,124.0,127.0,130.0,132.0,132.0,131.0,130.0,127.0,123.0,119.0,115.0,113.0,114.0,114.0,113.0,114.0,115.0,116.0,117.0,118.0,113.0,113.0,113.0,113.0,114.0,116.0,117.0,118.0,116.0,117.0,118.0,119.0,118.0,117.0,115.0,114.0,114.0,114.0,114.0,115.0,116.0,117.0,119.0,120.0,118.0,118.0,119.0,120.0,120.0,119.0,119.0,119.0,117.0,116.0,115.0,115.0,116.0,117.0,119.0,120.0,124.0,125.0,126.0,126.0,125.0,122.0,119.0,117.0,118.0,116.0,114.0,112.0,112.0,113.0,115.0,117.0,117.0,117.0,117.0,117.0,117.0,117.0,117.0,117.0,114.0,114.0,114.0,115.0,115.0,115.0,115.0,115.0,116.0,116.0,116.0,115.0,114.0,113.0,111.0,110.0,111.0,111.0,112.0,113.0,114.0,116.0,116.0,117.0,119.0,118.0,116.0,114.0,112.0,111.0,165.0,180.0,191.66666666666666,185.66666666666666,167.33333333333334,143.0,115.66666666666667,94.66666666666667,86.0,95.0,103.66666666666667,110.0,118.0,125.0,125.66666666666667,121.66666666666667,121.33333333333333,119.33333333333333,117.33333333333333,115.33333333333333,116.33333333333333,117.33333333333333,119.33333333333333,120.33333333333333,121.0,121.0,121.33333333333333,121.33333333333333,120.33333333333333,119.33333333333333,118.33333333333333,118.33333333333333,118.0,119.0,120.0,122.0,124.0,127.0,130.0,131.0,132.0,132.0,131.0,129.0,126.0,121.0,117.0,114.0,114.0,114.0,114.0,114.0,115.0,116.0,117.0,118.0,116.0,116.0,116.0,116.0,116.0,117.0,119.0,119.0,117.0,118.0,118.0,119.0,118.0,117.0,116.0,115.0,116.0,116.0,116.0,117.0,118.0,119.0,120.0,121.0,121.0,121.0,120.0,120.0,118.0,117.0,115.0,114.0,117.0,116.0,115.0,115.0,116.0,118.0,120.0,122.0,125.0,125.0,125.0,125.0,123.0,121.0,119.0,117.0,117.0,116.0,115.0,115.0,115.0,116.0,117.0,118.0,120.0,119.0,119.0,119.0,119.0,119.0,119.0,118.0,116.0,116.0,116.0,116.0,116.0,116.0,116.0,115.0,115.0,115.0,115.0,115.0,114.0,114.0,113.0,112.0,112.0,112.0,112.0,113.0,114.0,115.0,115.0,115.0,117.0,116.0,114.0,113.0,112.0,111.0,171.66666666666666,182.66666666666666,189.66666666666666,182.66666666666666,163.33333333333334,137.0,110.66666666666667,92.66666666666667,88.0,97.0,104.66666666666667,110.0,116.0,122.0,122.66666666666667,118.66666666666667,116.33333333333333,114.33333333333333,114.33333333333333,114.33333333333333,116.33333333333333,118.33333333333333,120.33333333333333,121.33333333333333,122.0,122.0,121.33333333333333,121.33333333333333,120.33333333333333,120.33333333333333,121.33333333333333,121.33333333333333,122.0,122.0,123.0,124.0,125.0,127.0,129.0,130.0,131.0,132.0,132.0,132.0,128.0,124.0,119.0,116.0,114.0,114.0,114.0,114.0,115.0,116.0,118.0,118.0,120.0,119.0,119.0,118.0,118.0,119.0,120.0,120.0,118.0,118.0,119.0,119.0,119.0,118.0,117.0,116.0,117.0,116.0,116.0,116.0,117.0,118.0,119.0,120.0,120.0,120.0,120.0,120.0,119.0,117.0,116.0,115.0,116.0,116.0,116.0,116.0,118.0,120.0,122.0,124.0,126.0,126.0,124.0,123.0,121.0,120.0,118.0,117.0,116.0,117.0,118.0,119.0,119.0,120.0,120.0,120.0,123.0,123.0,122.0,122.0,121.0,121.0,120.0,120.0,119.0,119.0,119.0,118.0,117.0,117.0,116.0,116.0,115.0,115.0,115.0,115.0,115.0,115.0,114.0,114.0,114.0,114.0,114.0,114.0,114.0,114.0,114.0,114.0,115.0,114.0,113.0,112.0,112.0,112.0,174.66666666666666,181.66666666666666,186.66666666666666,178.66666666666666,159.33333333333334,132.33333333333334,108.0,93.66666666666667,90.0,97.33333333333333,105.0,109.0,115.0,119.66666666666667,118.66666666666667,113.66666666666667,111.0,110.33333333333333,111.33333333333333,112.33333333333333,115.33333333333333,117.33333333333333,120.33333333333333,121.33333333333333,123.0,122.0,121.33333333333333,120.33333333333333,120.33333333333333,121.33333333333333,123.33333333333333,124.33333333333333,125.0,125.0,124.0,124.0,125.0,126.0,127.0,128.0,130.0,131.0,132.0,132.0,130.0,125.0,121.0,118.0,115.0,114.0,114.0,115.0,115.0,117.0,118.0,119.0,121.0,120.0,120.0,119.0,119.0,119.0,119.0,120.0,119.0,119.0,119.0,119.0,119.0,118.0,118.0,117.0,116.0,115.0,115.0,114.0,115.0,115.0,116.0,117.0,117.0,118.0,119.0,120.0,121.0,121.0,120.0,120.0,116.0,116.0,116.0,117.0,118.0,121.0,124.0,126.0,127.0,126.0,124.0,122.0,120.0,119.0,118.0,118.0,116.0,118.0,121.0,123.0,124.0,124.0,122.0,122.0,124.0,124.0,123.0,123.0,122.0,121.0,121.0,121.0,122.0,122.0,121.0,120.0,119.0,118.0,117.0,117.0,116.0,115.0,115.0,115.0,115.0,116.0,116.0,117.0,117.0,117.0,117.0,116.0,116.0,115.0,115.0,115.0,114.0,114.0,113.0,113.0,113.0,113.0,174.0,179.0,182.66666666666666,176.66666666666666,157.33333333333334,130.33333333333334,107.0,95.33333333333333,90.66666666666667,98.66666666666667,105.33333333333333,109.33333333333333,113.0,116.66666666666667,115.66666666666667,110.66666666666667,108.0,107.33333333333333,109.33333333333333,110.33333333333333,114.33333333333333,116.33333333333333,118.33333333333333,119.33333333333333,121.0,120.0,119.33333333333333,119.33333333333333,119.33333333333333,121.33333333333333,123.33333333333333,124.33333333333333,125.0,124.0,123.0,123.0,123.0,123.0,123.0,124.0,127.0,128.0,129.0,129.0,128.0,124.0,121.0,118.0,115.0,115.0,115.0,115.0,116.0,117.0,118.0,119.0,120.0,119.0,119.0,118.0,118.0,118.0,119.0,119.0,121.0,120.0,120.0,119.0,119.0,119.0,119.0,119.0,118.0,117.0,116.0,115.0,115.0,115.0,116.0,116.0,118.0,119.0,120.0,121.0,122.0,122.0,122.0,122.0,116.0,116.0,116.0,117.0,118.0,121.0,124.0,126.0,126.0,125.0,123.0,122.0,121.0,120.0,120.0,120.0,118.0,120.0,123.0,126.0,127.0,126.0,124.0,123.0,123.0,123.0,123.0,122.0,122.0,121.0,121.0,121.0,123.0,123.0,122.0,121.0,120.0,119.0,119.0,118.0,117.0,116.0,116.0,115.0,115.0,116.0,117.0,118.0,120.0,120.0,119.0,119.0,118.0,117.0,117.0,116.0,115.0,114.0,114.0,114.0,114.0,115.0,174.0,177.0,180.66666666666666,175.66666666666666,157.0,128.33333333333334,107.33333333333333,97.33333333333333,90.66666666666667,98.66666666666667,104.33333333333333,108.0,111.66666666666667,114.66666666666667,113.33333333333333,107.66666666666667,107.0,106.33333333333333,108.33333333333333,109.33333333333333,112.33333333333333,113.33333333333333,115.33333333333333,115.33333333333333,117.0,117.0,117.33333333333333,118.33333333333333,119.33333333333333,120.33333333333333,121.33333333333333,122.33333333333333,121.0,121.0,120.0,119.0,118.0,119.0,119.0,119.0,123.0,124.0,124.0,124.0,123.0,121.0,119.0,118.0,115.0,115.0,115.0,115.0,116.0,117.0,119.0,119.0,118.0,118.0,117.0,117.0,117.0,118.0,119.0,119.0,122.0,121.0,120.0,119.0,119.0,119.0,120.0,120.0,122.0,122.0,120.0,119.0,119.0,119.0,119.0,119.0,121.0,121.0,122.0,122.0,121.0,120.0,119.0,119.0,116.0,116.0,116.0,116.0,118.0,120.0,122.0,124.0,124.0,124.0,124.0,123.0,123.0,123.0,122.0,122.0,120.0,122.0,124.0,126.0,127.0,126.0,125.0,124.0,121.0,121.0,121.0,121.0,121.0,122.0,122.0,122.0,123.0,123.0,122.0,122.0,121.0,120.0,120.0,120.0,119.0,118.0,117.0,116.0,115.0,116.0,118.0,119.0,120.0,120.0,120.0,119.0,119.0,118.0,118.0,117.0,114.0,114.0,114.0,113.0,113.0,114.0,176.0,177.0,180.66666666666666,176.66666666666666,157.0,127.33333333333333,106.33333333333333,97.33333333333333,90.66666666666667,97.66666666666667,104.33333333333333,107.0,110.66666666666667,113.66666666666667,112.33333333333333,106.66666666666667,107.0,107.33333333333333,108.33333333333333,109.33333333333333,111.33333333333333,111.33333333333333,111.33333333333333,111.33333333333333,112.0,113.0,115.33333333333333,116.33333333333333,118.33333333333333,119.33333333333333,119.33333333333333,119.33333333333333,117.0,116.0,115.0,115.0,114.0,114.0,115.0,115.0,120.0,120.0,119.0,118.0,117.0,117.0,117.0,117.0,116.0,115.0,115.0,116.0,116.0,118.0,119.0,120.0,117.0,117.0,117.0,117.0,118.0,119.0,120.0,121.0,123.0,122.0,121.0,120.0,119.0,120.0,120.0,121.0,125.0,124.0,122.0,121.0,120.0,120.0,120.0,120.0,119.0,119.0,120.0,120.0,119.0,119.0,118.0,117.0,117.0,116.0,115.0,115.0,116.0,118.0,120.0,122.0,122.0,123.0,124.0,126.0,126.0,126.0,125.0,124.0,123.0,124.0,125.0,126.0,126.0,126.0,125.0,124.0,120.0,120.0,121.0,122.0,122.0,123.0,124.0,124.0,122.0,122.0,121.0,121.0,121.0,121.0,121.0,121.0,122.0,120.0,118.0,116.0,115.0,116.0,117.0,118.0,118.0,118.0,118.0,118.0,117.0,117.0,117.0,117.0,113.0,113.0,112.0,111.0,111.0,111.0,178.0,179.0,181.66666666666666,177.66666666666666,158.0,126.0,104.0,95.33333333333333,89.66666666666667,96.0,103.0,106.0,109.66666666666667,113.33333333333333,111.33333333333333,106.66666666666667,108.0,107.33333333333333,108.33333333333333,109.33333333333333,110.33333333333333,109.33333333333333,109.33333333333333,108.33333333333333,109.0,111.0,113.33333333333333,116.33333333333333,117.33333333333333,118.33333333333333,117.33333333333333,117.33333333333333,114.0,113.0,112.0,112.0,111.0,112.0,112.0,113.0,118.0,117.0,115.0,114.0,114.0,114.0,115.0,116.0,116.0,116.0,116.0,116.0,117.0,118.0,119.0,120.0,117.0,117.0,117.0,118.0,119.0,120.0,122.0,122.0,124.0,123.0,121.0,120.0,119.0,120.0,121.0,122.0,124.0,123.0,121.0,120.0,119.0,118.0,118.0,118.0,113.0,114.0,115.0,117.0,118.0,119.0,119.0,119.0,117.0,116.0,115.0,115.0,116.0,117.0,119.0,120.0,120.0,122.0,125.0,127.0,128.0,128.0,126.0,125.0,125.0,125.0,126.0,126.0,126.0,125.0,124.0,124.0,120.0,120.0,121.0,122.0,124.0,125.0,126.0,126.0,120.0,120.0,121.0,121.0,121.0,121.0,121.0,122.0,123.0,121.0,119.0,116.0,115.0,116.0,117.0,118.0,116.0,116.0,116.0,116.0,116.0,116.0,116.0,116.0,112.0,111.0,110.0,109.0,109.0,109.0,173.66666666666666,179.66666666666666,183.33333333333334,172.66666666666666,150.33333333333334,123.33333333333333,102.0,91.0,88.33333333333333,94.33333333333333,103.0,109.0,112.0,111.33333333333333,110.33333333333333,109.33333333333333,111.0,111.33333333333333,112.33333333333333,112.33333333333333,112.33333333333333,110.33333333333333,107.33333333333333,106.33333333333333,107.0,109.0,112.33333333333333,115.33333333333333,118.33333333333333,119.33333333333333,120.33333333333333,120.33333333333333,116.0,114.0,111.0,109.0,108.0,109.0,111.0,112.0,114.0,115.0,116.0,117.0,117.0,116.0,114.0,113.0,115.0,116.0,116.0,116.0,116.0,115.0,114.0,113.0,118.0,118.0,118.0,119.0,120.0,122.0,123.0,124.0,124.0,122.0,120.0,117.0,117.0,117.0,118.0,119.0,119.0,119.0,120.0,120.0,119.0,118.0,117.0,116.0,119.0,117.0,115.0,115.0,117.0,118.0,118.0,117.0,113.0,113.0,113.0,113.0,113.0,114.0,116.0,116.0,118.0,119.0,120.0,122.0,123.0,123.0,123.0,123.0,124.0,123.0,122.0,121.0,120.0,120.0,120.0,120.0,119.0,119.0,119.0,120.0,121.0,122.0,124.0,125.0,121.0,120.0,118.0,117.0,117.0,117.0,118.0,119.0,118.0,117.0,115.0,113.0,112.0,112.0,113.0,113.0,115.0,114.0,112.0,111.0,111.0,112.0,113.0,114.0,111.0,110.0,110.0,110.0,109.0,108.0,173.66666666666666,179.66666666666666,182.33333333333334,172.33333333333334,149.0,122.33333333333333,101.0,90.0,88.33333333333333,94.0,102.0,107.66666666666667,110.33333333333333,111.33333333333333,111.66666666666667,111.66666666666667,113.0,113.33333333333333,114.33333333333333,114.33333333333333,114.33333333333333,112.33333333333333,110.33333333333333,108.33333333333333,109.0,111.0,113.33333333333333,116.33333333333333,118.33333333333333,118.33333333333333,118.33333333333333,118.33333333333333,114.0,112.0,110.0,108.0,108.0,108.0,110.0,111.0,113.0,114.0,115.0,116.0,115.0,115.0,113.0,113.0,112.0,113.0,114.0,115.0,115.0,115.0,114.0,114.0,118.0,118.0,118.0,118.0,119.0,120.0,122.0,122.0,124.0,122.0,120.0,117.0,116.0,116.0,117.0,118.0,118.0,118.0,118.0,119.0,118.0,118.0,117.0,117.0,119.0,117.0,116.0,117.0,119.0,120.0,119.0,118.0,114.0,113.0,113.0,113.0,113.0,114.0,115.0,116.0,116.0,117.0,117.0,118.0,119.0,119.0,119.0,119.0,120.0,120.0,119.0,118.0,117.0,117.0,117.0,118.0,118.0,118.0,119.0,121.0,122.0,123.0,124.0,124.0,119.0,118.0,117.0,116.0,115.0,115.0,116.0,116.0,115.0,114.0,112.0,111.0,111.0,112.0,113.0,114.0,112.0,112.0,112.0,112.0,112.0,113.0,113.0,113.0,109.0,109.0,109.0,108.0,108.0,107.0,173.0,178.66666666666666,181.33333333333334,170.33333333333334,148.0,120.0,99.33333333333333,88.33333333333333,87.0,93.0,101.0,107.0,110.66666666666667,112.66666666666667,114.33333333333333,115.33333333333333,116.0,115.33333333333333,116.33333333333333,116.33333333333333,117.33333333333333,115.33333333333333,113.33333333333333,112.33333333333333,112.0,113.0,115.33333333333333,117.33333333333333,117.33333333333333,117.33333333333333,116.33333333333333,115.33333333333333,111.0,110.0,108.0,107.0,106.0,107.0,108.0,109.0,111.0,112.0,113.0,113.0,113.0,113.0,112.0,112.0,109.0,110.0,112.0,113.0,115.0,115.0,116.0,116.0,119.0,118.0,117.0,117.0,117.0,117.0,118.0,119.0,122.0,120.0,118.0,116.0,114.0,114.0,115.0,115.0,115.0,115.0,116.0,116.0,116.0,116.0,116.0,116.0,119.0,117.0,117.0,118.0,120.0,121.0,120.0,119.0,114.0,114.0,113.0,113.0,113.0,114.0,115.0,116.0,114.0,114.0,114.0,114.0,114.0,114.0,114.0,114.0,116.0,115.0,114.0,114.0,113.0,114.0,114.0,115.0,116.0,118.0,120.0,122.0,123.0,123.0,123.0,123.0,117.0,117.0,115.0,114.0,113.0,112.0,112.0,112.0,110.0,109.0,109.0,109.0,110.0,112.0,114.0,115.0,112.0,113.0,114.0,115.0,115.0,114.0,113.0,112.0,107.0,107.0,107.0,107.0,106.0,106.0,172.0,177.0,178.66666666666666,168.33333333333334,145.0,118.0,97.33333333333333,86.33333333333333,87.0,93.0,100.0,106.0,109.66666666666667,113.33333333333333,115.66666666666667,117.33333333333333,118.0,117.33333333333333,118.33333333333333,118.33333333333333,118.33333333333333,117.33333333333333,116.33333333333333,115.33333333333333,115.0,115.0,116.33333333333333,117.33333333333333,116.33333333333333,115.33333333333333,113.33333333333333,112.33333333333333,107.0,107.0,106.0,105.0,105.0,106.0,107.0,108.0,109.0,110.0,110.0,111.0,111.0,111.0,111.0,111.0,108.0,109.0,111.0,114.0,116.0,117.0,118.0,119.0,118.0,117.0,116.0,115.0,114.0,114.0,114.0,114.0,117.0,116.0,114.0,112.0,111.0,111.0,111.0,111.0,111.0,111.0,111.0,111.0,112.0,113.0,114.0,114.0,116.0,115.0,115.0,117.0,120.0,121.0,120.0,119.0,115.0,114.0,113.0,113.0,113.0,114.0,115.0,115.0,113.0,113.0,112.0,111.0,111.0,111.0,112.0,112.0,113.0,113.0,112.0,112.0,112.0,113.0,114.0,114.0,116.0,118.0,121.0,123.0,124.0,123.0,122.0,121.0,116.0,115.0,114.0,113.0,111.0,111.0,110.0,110.0,107.0,106.0,106.0,107.0,109.0,112.0,115.0,117.0,116.0,117.0,119.0,120.0,119.0,116.0,112.0,110.0,107.0,107.0,107.0,107.0,106.0,106.0,172.0,177.0,178.0,166.66666666666666,143.33333333333334,116.33333333333333,96.0,86.0,87.0,92.0,100.0,106.0,110.66666666666667,114.33333333333333,116.66666666666667,118.33333333333333,118.0,117.33333333333333,117.33333333333333,117.33333333333333,118.33333333333333,117.33333333333333,117.33333333333333,116.33333333333333,116.0,116.0,116.33333333333333,116.33333333333333,114.33333333333333,112.33333333333333,110.33333333333333,108.33333333333333,104.0,104.0,104.0,104.0,105.0,106.0,107.0,107.0,108.0,108.0,108.0,109.0,109.0,110.0,111.0,111.0,110.0,111.0,113.0,116.0,118.0,119.0,120.0,120.0,115.0,114.0,113.0,111.0,110.0,109.0,109.0,109.0,111.0,111.0,110.0,109.0,108.0,107.0,107.0,107.0,107.0,107.0,106.0,106.0,107.0,108.0,110.0,110.0,112.0,112.0,113.0,116.0,119.0,120.0,119.0,117.0,115.0,115.0,114.0,113.0,113.0,113.0,114.0,115.0,113.0,113.0,111.0,111.0,110.0,111.0,112.0,112.0,113.0,113.0,113.0,113.0,114.0,115.0,116.0,117.0,118.0,119.0,122.0,123.0,124.0,122.0,121.0,119.0,115.0,115.0,114.0,114.0,113.0,112.0,111.0,110.0,107.0,107.0,107.0,108.0,111.0,114.0,117.0,118.0,123.0,124.0,125.0,125.0,122.0,118.0,113.0,110.0,108.0,108.0,108.0,109.0,109.0,109.0,172.0,176.0,176.0,164.0,140.66666666666666,114.33333333333333,95.0,84.0,87.0,93.0,101.0,107.33333333333333,111.33333333333333,114.33333333333333,116.66666666666667,117.33333333333333,116.0,115.33333333333333,114.33333333333333,114.33333333333333,115.33333333333333,115.33333333333333,115.33333333333333,115.33333333333333,115.0,115.0,115.33333333333333,114.33333333333333,112.33333333333333,110.33333333333333,107.33333333333333,105.33333333333333,102.0,102.0,103.0,104.0,105.0,106.0,107.0,107.0,108.0,108.0,107.0,107.0,108.0,109.0,111.0,112.0,113.0,114.0,115.0,117.0,118.0,119.0,119.0,119.0,111.0,110.0,109.0,107.0,106.0,105.0,105.0,105.0,106.0,106.0,106.0,106.0,106.0,106.0,106.0,106.0,106.0,105.0,104.0,103.0,104.0,105.0,106.0,108.0,110.0,110.0,112.0,115.0,119.0,120.0,119.0,117.0,116.0,115.0,114.0,113.0,113.0,113.0,114.0,114.0,113.0,112.0,111.0,110.0,110.0,111.0,113.0,114.0,115.0,115.0,115.0,115.0,116.0,118.0,119.0,120.0,121.0,122.0,123.0,123.0,122.0,121.0,119.0,118.0,115.0,116.0,116.0,116.0,116.0,115.0,114.0,113.0,112.0,111.0,111.0,112.0,114.0,116.0,119.0,120.0,127.0,128.0,128.0,127.0,124.0,120.0,115.0,112.0,112.0,112.0,112.0,112.0,113.0,113.0,171.0,175.0,175.0,162.0,138.66666666666666,112.33333333333333,93.0,83.0,87.0,93.0,102.0,109.33333333333333,113.33333333333333,114.33333333333333,115.66666666666667,115.66666666666667,113.0,112.33333333333333,111.33333333333333,111.33333333333333,112.33333333333333,112.33333333333333,113.33333333333333,113.33333333333333,114.0,114.0,114.33333333333333,113.33333333333333,110.33333333333333,108.33333333333333,105.33333333333333,103.33333333333333,101.0,102.0,103.0,105.0,106.0,107.0,108.0,108.0,108.0,107.0,107.0,107.0,108.0,110.0,111.0,112.0,115.0,115.0,116.0,117.0,117.0,117.0,116.0,116.0,107.0,106.0,105.0,103.0,102.0,102.0,102.0,102.0,103.0,104.0,105.0,106.0,107.0,107.0,108.0,108.0,108.0,107.0,105.0,103.0,103.0,104.0,105.0,107.0,109.0,110.0,112.0,116.0,120.0,121.0,120.0,118.0,116.0,115.0,114.0,113.0,113.0,113.0,113.0,114.0,112.0,111.0,110.0,109.0,110.0,112.0,114.0,116.0,116.0,116.0,116.0,117.0,119.0,120.0,122.0,123.0,125.0,125.0,124.0,122.0,120.0,119.0,117.0,117.0,116.0,117.0,118.0,119.0,120.0,119.0,118.0,118.0,118.0,117.0,116.0,116.0,117.0,119.0,120.0,122.0,127.0,127.0,127.0,127.0,125.0,121.0,118.0,116.0,116.0,116.0,116.0,117.0,117.0,118.0,172.0,176.0,175.0,161.66666666666666,137.66666666666666,112.33333333333333,91.66666666666667,83.0,87.0,93.66666666666667,103.0,110.33333333333333,114.66666666666667,115.33333333333333,115.33333333333333,114.66666666666667,111.66666666666667,111.0,110.0,110.0,110.66666666666667,110.66666666666667,112.0,113.0,112.0,113.0,112.33333333333333,111.33333333333333,109.33333333333333,106.33333333333333,104.33333333333333,102.33333333333333,100.33333333333333,101.0,103.33333333333333,105.0,107.33333333333333,108.33333333333333,108.33333333333333,108.33333333333333,108.33333333333333,108.0,107.33333333333333,107.0,108.0,110.0,112.0,113.0,115.0,116.0,116.0,116.0,116.0,115.0,114.0,113.0,105.0,104.0,102.0,101.0,100.0,100.0,100.0,100.0,103.0,104.0,105.0,107.0,108.0,109.0,109.0,110.0,110.0,108.0,106.0,104.0,103.0,104.0,106.0,107.0,110.0,111.0,113.0,117.0,121.0,123.0,121.0,119.0,116.0,116.0,114.0,113.0,113.0,113.0,113.0,113.0,111.0,110.0,109.0,108.0,109.0,112.0,114.0,116.0,116.0,116.0,117.0,118.0,119.0,121.0,123.0,124.0,128.0,126.0,124.0,121.0,119.0,117.0,116.0,116.0,117.0,118.0,120.0,122.0,122.0,122.0,121.0,121.0,122.0,121.0,120.0,119.0,119.0,120.0,122.0,123.0,124.0,125.0,125.0,125.0,124.0,122.0,120.0,119.0,118.0,118.0,119.0,119.0,120.0,120.0,171.66666666666666,171.66666666666666,167.66666666666666,158.33333333333334,140.66666666666666,116.66666666666667,94.66666666666667,81.66666666666667,84.66666666666667,89.66666666666667,97.0,104.0,109.0,110.33333333333333,110.33333333333333,110.66666666666667,108.33333333333333,108.66666666666667,108.66666666666667,108.66666666666667,109.66666666666667,109.66666666666667,109.66666666666667,109.66666666666667,109.66666666666667,109.33333333333333,108.33333333333333,106.33333333333333,105.33333333333333,104.33333333333333,103.33333333333333,103.33333333333333,106.0,107.0,107.33333333333333,107.0,107.66666666666667,108.66666666666667,108.66666666666667,108.66666666666667,107.66666666666667,107.33333333333333,107.66666666666667,108.33333333333333,109.33333333333333,111.33333333333333,113.33333333333333,115.33333333333333,115.33333333333333,115.33333333333333,115.33333333333333,115.33333333333333,114.33333333333333,113.33333333333333,112.33333333333333,111.33333333333333,111.33333333333333,109.33333333333333,106.33333333333333,104.33333333333333,102.33333333333333,101.33333333333333,100.33333333333333,101.33333333333333,103.0,107.0,111.0,112.0,111.0,111.0,113.0,116.0,116.0,115.0,113.0,112.0,111.0,111.0,112.0,113.0,119.0,119.0,120.0,122.0,124.0,124.0,121.0,119.0,121.0,118.0,115.0,113.0,112.0,112.0,111.0,110.0,113.0,112.0,111.0,110.0,111.0,113.0,116.0,118.0,121.0,121.0,120.0,119.0,118.0,119.0,122.0,126.0,128.33333333333334,128.66666666666666,127.66666666666667,122.66666666666667,116.66666666666667,112.66666666666667,112.66666666666667,114.66666666666667,118.66666666666667,120.66666666666667,123.66666666666667,123.66666666666667,122.66666666666667,122.66666666666667,123.66666666666667,124.66666666666667,123.66666666666667,123.66666666666667,123.66666666666667,123.66666666666667,123.66666666666667,123.66666666666667,122.66666666666667,122.66666666666667,125.66666666666667,125.66666666666667,124.66666666666667,122.66666666666667,122.66666666666667,122.66666666666667,122.66666666666667,122.66666666666667,122.66666666666667,122.33333333333333,122.66666666666667,123.33333333333333,123.66666666666667,124.33333333333333,173.33333333333334,172.33333333333334,168.33333333333334,158.33333333333334,140.66666666666666,118.66666666666667,96.66666666666667,84.66666666666667,77.66666666666667,81.66666666666667,88.0,95.0,101.0,105.0,107.0,106.33333333333333,106.66666666666667,106.33333333333333,106.33333333333333,107.33333333333333,107.33333333333333,108.33333333333333,108.33333333333333,108.33333333333333,109.33333333333333,108.33333333333333,107.33333333333333,105.33333333333333,104.33333333333333,104.33333333333333,104.33333333333333,104.33333333333333,105.33333333333333,105.33333333333333,105.33333333333333,106.33333333333333,106.0,107.0,107.33333333333333,107.33333333333333,109.66666666666667,110.66666666666667,111.66666666666667,113.66666666666667,114.33333333333333,114.33333333333333,114.33333333333333,114.33333333333333,114.33333333333333,115.33333333333333,115.33333333333333,116.33333333333333,116.33333333333333,116.33333333333333,115.33333333333333,115.33333333333333,115.33333333333333,113.33333333333333,111.33333333333333,109.33333333333333,107.33333333333333,107.33333333333333,107.33333333333333,107.33333333333333,107.0,110.0,114.0,114.0,113.0,113.0,115.0,117.0,117.0,116.0,116.0,116.0,117.0,117.0,118.0,119.0,123.0,121.0,121.0,121.0,123.0,123.0,121.0,119.0,123.0,119.0,116.0,113.0,113.0,112.0,111.0,109.0,114.0,113.0,111.0,111.0,112.0,114.0,117.0,119.0,122.0,122.0,121.0,119.0,118.0,119.0,122.0,125.0,128.66666666666666,128.66666666666666,126.66666666666667,122.66666666666667,116.66666666666667,113.66666666666667,114.66666666666667,115.66666666666667,119.66666666666667,121.66666666666667,123.66666666666667,124.66666666666667,123.66666666666667,122.66666666666667,123.66666666666667,124.66666666666667,125.66666666666667,125.66666666666667,125.66666666666667,125.66666666666667,125.66666666666667,125.66666666666667,125.66666666666667,125.66666666666667,126.66666666666667,125.66666666666667,124.66666666666667,123.66666666666667,123.66666666666667,123.66666666666667,123.66666666666667,124.66666666666667,123.66666666666667,123.66666666666667,123.66666666666667,124.66666666666667,124.66666666666667,125.66666666666667,174.66666666666666,173.66666666666666,167.66666666666666,155.66666666666666,137.66666666666666,116.66666666666667,96.66666666666667,84.66666666666667,71.66666666666667,74.66666666666667,80.0,87.0,93.0,99.0,102.33333333333333,103.66666666666667,105.66666666666667,105.33333333333333,105.33333333333333,106.33333333333333,106.33333333333333,106.33333333333333,107.33333333333333,107.33333333333333,106.33333333333333,106.33333333333333,105.33333333333333,105.33333333333333,105.33333333333333,105.33333333333333,106.33333333333333,106.33333333333333,107.33333333333333,107.33333333333333,107.33333333333333,108.33333333333333,108.33333333333333,108.33333333333333,108.66666666666667,108.66666666666667,111.66666666666667,113.66666666666667,115.33333333333333,117.33333333333333,118.33333333333333,117.33333333333333,115.33333333333333,114.33333333333333,115.33333333333333,116.33333333333333,117.33333333333333,118.33333333333333,119.33333333333333,119.33333333333333,119.33333333333333,119.33333333333333,117.33333333333333,117.33333333333333,115.33333333333333,114.33333333333333,113.33333333333333,113.33333333333333,113.33333333333333,113.33333333333333,114.0,116.0,118.0,119.0,117.0,117.0,117.0,119.0,117.0,118.0,120.0,123.0,125.0,126.0,127.0,127.0,127.0,125.0,122.0,121.0,122.0,121.0,120.0,118.0,122.0,119.0,116.0,114.0,114.0,113.0,111.0,109.0,114.0,113.0,112.0,112.0,113.0,116.0,119.0,121.0,124.0,124.0,123.0,120.0,119.0,119.0,122.0,125.0,128.66666666666666,128.66666666666666,126.66666666666667,122.66666666666667,118.66666666666667,116.66666666666667,116.66666666666667,118.66666666666667,120.66666666666667,122.66666666666667,124.66666666666667,124.66666666666667,123.66666666666667,122.66666666666667,123.66666666666667,124.66666666666667,126.66666666666667,127.66666666666667,127.66666666666667,127.66666666666667,127.66666666666667,127.66666666666667,127.66666666666667,127.66666666666667,126.66666666666667,126.66666666666667,125.66666666666667,124.66666666666667,124.66666666666667,124.66666666666667,124.66666666666667,125.66666666666667,124.66666666666667,124.66666666666667,124.66666666666667,125.66666666666667,125.66666666666667,126.66666666666667,174.66666666666666,171.66666666666666,163.66666666666666,149.66666666666666,130.66666666666666,110.66666666666667,91.66666666666667,81.66666666666667,72.66666666666667,74.66666666666667,78.0,84.0,90.0,96.0,100.33333333333333,102.66666666666667,105.66666666666667,105.33333333333333,105.33333333333333,106.33333333333333,106.33333333333333,106.33333333333333,107.33333333333333,107.33333333333333,104.33333333333333,104.33333333333333,104.33333333333333,104.33333333333333,105.33333333333333,106.33333333333333,108.33333333333333,108.33333333333333,113.0,113.33333333333333,113.33333333333333,113.33333333333333,113.33333333333333,113.33333333333333,112.66666666666667,112.66666666666667,115.66666666666667,115.66666666666667,116.33333333333333,117.33333333333333,117.33333333333333,117.33333333333333,116.33333333333333,116.33333333333333,118.33333333333333,119.33333333333333,120.33333333333333,120.33333333333333,121.33333333333333,121.33333333333333,121.33333333333333,120.33333333333333,118.33333333333333,117.33333333333333,117.33333333333333,117.33333333333333,118.33333333333333,118.33333333333333,119.33333333333333,119.33333333333333,121.0,122.0,123.0,123.0,122.0,121.0,120.0,120.0,118.0,120.0,124.0,128.0,131.0,133.0,134.0,134.0,132.0,128.0,124.0,122.0,121.0,121.0,120.0,119.0,118.0,116.0,114.0,114.0,115.0,115.0,114.0,112.0,114.0,113.0,112.0,112.0,113.0,116.0,119.0,121.0,127.0,127.0,125.0,123.0,121.0,122.0,125.0,127.0,128.66666666666666,127.66666666666667,124.66666666666667,121.66666666666667,119.66666666666667,119.66666666666667,120.66666666666667,121.66666666666667,122.66666666666667,124.66666666666667,126.66666666666667,125.66666666666667,124.66666666666667,122.66666666666667,123.66666666666667,123.66666666666667,126.66666666666667,126.66666666666667,126.66666666666667,127.66666666666667,127.66666666666667,127.66666666666667,127.66666666666667,128.66666666666666,125.66666666666667,125.66666666666667,124.66666666666667,123.66666666666667,123.66666666666667,124.66666666666667,124.66666666666667,125.66666666666667,124.66666666666667,124.66666666666667,124.66666666666667,125.66666666666667,125.66666666666667,126.66666666666667,170.66666666666666,165.66666666666666,156.66666666666666,142.66666666666666,124.66666666666667,106.66666666666667,90.66666666666667,82.66666666666667,81.0,82.0,84.0,87.0,91.33333333333333,95.33333333333333,99.33333333333333,100.66666666666667,104.0,103.33333333333333,103.33333333333333,104.33333333333333,104.33333333333333,105.33333333333333,105.33333333333333,105.33333333333333,104.33333333333333,104.33333333333333,104.33333333333333,105.33333333333333,106.33333333333333,108.33333333333333,109.33333333333333,110.33333333333333,116.0,116.0,116.33333333333333,116.33333333333333,116.33333333333333,116.33333333333333,114.66666666666667,114.66666666666667,117.33333333333333,115.33333333333333,113.33333333333333,112.33333333333333,112.0,114.0,116.66666666666667,118.66666666666667,121.33333333333333,121.33333333333333,122.33333333333333,122.33333333333333,121.33333333333333,120.33333333333333,119.33333333333333,119.33333333333333,119.33333333333333,119.33333333333333,121.33333333333333,122.33333333333333,123.33333333333333,125.33333333333333,125.33333333333333,126.33333333333333,127.0,126.0,126.0,126.0,126.0,125.0,123.0,122.0,120.0,122.0,126.0,130.0,133.0,135.0,136.0,136.0,133.0,130.0,125.0,123.0,123.0,122.0,121.0,120.0,114.0,113.0,113.0,115.0,118.0,120.0,120.0,119.0,117.0,116.0,114.0,113.0,114.0,116.0,119.0,121.0,129.0,129.0,128.0,126.0,124.0,125.0,128.0,131.0,129.66666666666666,126.66666666666667,123.66666666666667,121.66666666666667,121.66666666666667,122.66666666666667,123.66666666666667,124.66666666666667,124.66666666666667,126.66666666666667,127.66666666666667,126.66666666666667,124.66666666666667,122.66666666666667,122.66666666666667,123.66666666666667,124.66666666666667,124.66666666666667,125.66666666666667,125.66666666666667,126.66666666666667,126.66666666666667,127.66666666666667,127.66666666666667,124.66666666666667,124.66666666666667,123.66666666666667,123.66666666666667,123.66666666666667,123.66666666666667,124.66666666666667,125.66666666666667,124.66666666666667,124.66666666666667,124.66666666666667,125.66666666666667,125.66666666666667,125.66666666666667,162.66666666666666,158.66666666666666,149.66666666666666,138.66666666666666,125.66666666666667,113.66666666666667,102.66666666666667,97.66666666666667,98.0,97.0,97.0,97.0,98.33333333333333,99.33333333333333,100.33333333333333,100.66666666666667,102.0,101.33333333333333,102.33333333333333,102.33333333333333,102.33333333333333,103.33333333333333,103.33333333333333,103.33333333333333,105.33333333333333,105.33333333333333,105.33333333333333,106.33333333333333,108.33333333333333,109.33333333333333,111.33333333333333,112.33333333333333,115.0,115.0,114.33333333333333,114.33333333333333,114.33333333333333,112.66666666666667,112.66666666666667,112.66666666666667,115.33333333333333,113.33333333333333,110.33333333333333,108.33333333333333,109.0,112.0,116.66666666666667,118.66666666666667,121.33333333333333,122.33333333333333,122.33333333333333,121.33333333333333,121.33333333333333,119.33333333333333,118.33333333333333,117.33333333333333,121.33333333333333,122.33333333333333,124.33333333333333,127.33333333333333,130.33333333333334,131.33333333333334,132.33333333333334,133.0,129.0,128.0,127.0,127.0,128.0,127.0,125.0,122.0,122.0,123.0,125.0,127.0,129.0,131.0,132.0,132.0,131.0,129.0,126.0,125.0,125.0,125.0,123.0,122.0,113.0,114.0,115.0,119.0,124.0,126.0,127.0,126.0,122.0,120.0,118.0,117.0,117.0,118.0,120.0,122.0,129.0,129.0,129.0,127.0,126.0,127.0,131.0,134.0,129.66666666666666,126.66666666666667,122.66666666666667,121.66666666666667,122.66666666666667,125.66666666666667,127.66666666666667,127.66666666666667,126.66666666666667,127.66666666666667,128.66666666666666,127.66666666666667,125.66666666666667,123.66666666666667,122.66666666666667,123.66666666666667,122.66666666666667,123.66666666666667,123.66666666666667,124.66666666666667,125.66666666666667,125.66666666666667,126.66666666666667,126.66666666666667,124.66666666666667,124.66666666666667,124.66666666666667,124.66666666666667,124.66666666666667,125.66666666666667,126.66666666666667,126.66666666666667,125.66666666666667,125.66666666666667,126.66666666666667,126.66666666666667,126.66666666666667,127.66666666666667,152.66666666666666,150.66666666666666,145.66666666666666,140.66666666666666,134.66666666666666,129.66666666666666,126.0,124.0,120.0,119.0,117.33333333333333,114.33333333333333,111.33333333333333,109.33333333333333,106.33333333333333,105.0,105.0,104.33333333333333,104.33333333333333,104.33333333333333,105.33333333333333,105.33333333333333,106.33333333333333,106.33333333333333,107.33333333333333,107.33333333333333,107.33333333333333,108.33333333333333,109.33333333333333,111.33333333333333,112.33333333333333,113.33333333333333,113.33333333333333,113.33333333333333,113.33333333333333,112.33333333333333,111.66666666666667,110.66666666666667,110.66666666666667,110.33333333333333,112.33333333333333,111.33333333333333,109.0,109.0,110.66666666666667,112.66666666666667,115.66666666666667,117.66666666666667,118.66666666666667,119.66666666666667,119.66666666666667,120.66666666666667,120.66666666666667,119.66666666666667,118.66666666666667,118.66666666666667,119.66666666666667,121.66666666666667,125.66666666666667,129.66666666666666,132.66666666666666,134.66666666666666,135.66666666666666,136.66666666666666,130.66666666666666,128.0,126.0,127.0,129.0,128.0,126.0,123.0,124.0,123.0,123.0,123.0,124.0,125.0,125.0,125.66666666666667,127.66666666666667,126.66666666666667,125.66666666666667,126.66666666666667,127.66666666666667,127.66666666666667,125.66666666666667,123.66666666666667,118.66666666666667,118.66666666666667,120.66666666666667,124.66666666666667,129.66666666666666,132.66666666666666,131.66666666666666,130.66666666666666,128.66666666666666,126.66666666666667,123.66666666666667,121.66666666666667,120.66666666666667,121.66666666666667,122.66666666666667,123.66666666666667,126.66666666666667,126.66666666666667,126.66666666666667,125.66666666666667,125.66666666666667,127.66666666666667,130.66666666666666,134.66666666666666,129.66666666666666,125.66666666666667,121.66666666666667,120.66666666666667,123.66666666666667,127.66666666666667,129.66666666666666,130.66666666666666,127.66666666666667,129.66666666666666,129.66666666666666,128.66666666666666,125.66666666666667,123.66666666666667,122.66666666666667,123.66666666666667,122.66666666666667,122.66666666666667,123.66666666666667,124.66666666666667,125.66666666666667,126.66666666666667,126.66666666666667,127.66666666666667,127.66666666666667,126.66666666666667,126.66666666666667,126.66666666666667,126.66666666666667,127.66666666666667,128.66666666666666,129.66666666666666,128.66666666666666,128.66666666666666,128.66666666666666,129.66666666666666,129.66666666666666,129.66666666666666,146.66666666666666,145.66666666666666,144.66666666666666,142.66666666666666,142.66666666666666,143.66666666666666,145.0,145.0,137.0,136.0,133.33333333333334,129.33333333333334,123.33333333333333,118.33333333333333,114.33333333333333,111.0,109.0,109.33333333333333,109.33333333333333,109.33333333333333,110.33333333333333,110.33333333333333,110.33333333333333,110.33333333333333,109.33333333333333,109.33333333333333,109.33333333333333,109.33333333333333,110.33333333333333,111.33333333333333,113.33333333333333,113.33333333333333,113.33333333333333,113.33333333333333,113.33333333333333,111.66666666666667,111.66666666666667,110.66666666666667,110.33333333333333,110.33333333333333,108.33333333333333,109.33333333333333,110.0,111.0,112.66666666666667,114.66666666666667,115.66666666666667,116.66666666666667,115.66666666666667,116.66666666666667,117.66666666666667,118.66666666666667,119.66666666666667,119.66666666666667,119.66666666666667,119.66666666666667,116.66666666666667,119.66666666666667,122.66666666666667,127.66666666666667,130.66666666666666,133.66666666666666,134.66666666666666,135.0,130.0,127.0,126.0,127.0,129.0,129.0,126.0,123.0,125.0,124.0,122.0,120.0,119.0,120.0,121.0,122.0,125.66666666666667,124.66666666666667,125.66666666666667,127.66666666666667,129.66666666666666,129.66666666666666,127.66666666666667,124.66666666666667,123.66666666666667,123.66666666666667,125.66666666666667,129.66666666666666,133.66666666666666,135.66666666666666,135.66666666666666,133.66666666666666,132.66666666666666,130.66666666666666,127.66666666666667,125.66666666666667,123.66666666666667,124.66666666666667,125.66666666666667,126.66666666666667,123.66666666666667,124.66666666666667,124.66666666666667,124.66666666666667,124.66666666666667,126.66666666666667,130.66666666666666,134.66666666666666,130.66666666666666,125.66666666666667,121.66666666666667,120.66666666666667,124.66666666666667,128.66666666666666,131.66666666666666,131.66666666666666,128.66666666666666,129.66666666666666,130.66666666666666,128.66666666666666,125.66666666666667,123.66666666666667,122.66666666666667,123.66666666666667,122.66666666666667,123.66666666666667,123.66666666666667,124.66666666666667,125.66666666666667,126.66666666666667,127.66666666666667,127.66666666666667,129.66666666666666,128.66666666666666,128.66666666666666,128.66666666666666,129.66666666666666,130.66666666666666,131.66666666666666,131.66666666666666,130.66666666666666,130.66666666666666,131.66666666666666,131.66666666666666,131.66666666666666,132.66666666666666,143.66666666666666,145.66666666666666,148.66666666666666,151.66666666666666,155.0,157.0,159.0,160.0,155.33333333333334,151.33333333333334,145.33333333333334,139.33333333333334,134.33333333333334,129.33333333333334,124.33333333333333,121.0,122.33333333333333,120.66666666666667,119.66666666666667,118.66666666666667,118.66666666666667,119.66666666666667,119.66666666666667,119.66666666666667,118.66666666666667,117.66666666666667,115.66666666666667,114.66666666666667,113.66666666666667,112.66666666666667,112.66666666666667,112.66666666666667,108.66666666666667,109.66666666666667,110.66666666666667,112.66666666666667,113.66666666666667,114.33333333333333,114.33333333333333,114.33333333333333,114.0,115.0,117.66666666666667,118.66666666666667,118.0,118.0,117.0,116.0,117.0,116.0,115.0,115.0,115.0,117.0,119.0,120.0,117.0,119.0,122.0,127.0,131.0,133.0,131.0,129.0,123.0,120.33333333333333,118.33333333333333,120.33333333333333,124.33333333333333,127.33333333333333,127.33333333333333,126.33333333333333,124.33333333333333,123.33333333333333,120.33333333333333,118.33333333333333,116.33333333333333,115.33333333333333,116.33333333333333,116.33333333333333,122.0,124.0,127.0,129.0,130.0,130.0,128.0,127.0,126.0,128.0,131.0,134.0,136.0,137.0,137.0,136.0,134.0,132.0,130.0,127.0,125.0,125.0,125.0,125.0,119.0,118.0,118.0,121.0,125.0,128.0,129.0,129.0,131.66666666666666,126.66666666666667,122.66666666666667,121.66666666666667,124.66666666666667,127.66666666666667,128.66666666666666,128.66666666666666,127.66666666666667,129.66666666666666,130.66666666666666,129.66666666666666,126.66666666666667,124.66666666666667,124.66666666666667,125.66666666666667,123.66666666666667,124.66666666666667,124.66666666666667,125.66666666666667,126.66666666666667,127.66666666666667,128.66666666666666,128.66666666666666,132.66666666666666,132.66666666666666,131.66666666666666,131.66666666666666,131.66666666666666,131.66666666666666,130.66666666666666,130.66666666666666,130.66666666666666,130.66666666666666,131.66666666666666,131.66666666666666,131.66666666666666,132.66666666666666,140.66666666666666,142.66666666666666,146.66666666666666,150.66666666666666,155.0,159.0,161.0,163.0,158.33333333333334,155.33333333333334,151.33333333333334,148.33333333333334,146.33333333333334,144.33333333333334,141.33333333333334,138.0,139.33333333333334,137.66666666666666,135.66666666666666,133.66666666666666,132.66666666666666,131.66666666666666,131.66666666666666,131.66666666666666,128.66666666666666,128.66666666666666,126.66666666666667,125.66666666666667,123.66666666666667,121.66666666666667,119.66666666666667,118.66666666666667,116.66666666666667,117.66666666666667,118.66666666666667,119.66666666666667,119.33333333333333,119.33333333333333,118.33333333333333,118.33333333333333,117.0,118.0,119.66666666666667,120.66666666666667,120.0,120.0,119.0,118.0,116.0,116.0,115.0,115.0,115.0,116.0,118.0,119.0,116.0,117.0,120.0,125.0,129.0,129.0,127.0,124.0,118.33333333333333,117.33333333333333,116.33333333333333,119.33333333333333,124.33333333333333,128.33333333333334,129.33333333333334,128.33333333333334,126.33333333333333,125.33333333333333,123.33333333333333,120.33333333333333,119.33333333333333,118.33333333333333,118.33333333333333,118.33333333333333,122.33333333333333,124.0,126.0,128.0,129.0,129.0,127.0,127.0,129.0,130.0,133.0,135.0,137.0,137.0,137.0,136.0,135.0,134.0,131.0,128.0,126.0,124.0,124.0,124.0,122.0,121.0,122.0,124.0,128.0,132.0,133.0,132.0,131.66666666666666,127.66666666666667,122.66666666666667,121.66666666666667,123.66666666666667,126.66666666666667,127.66666666666667,126.66666666666667,127.66666666666667,128.66666666666666,130.66666666666666,129.66666666666666,127.66666666666667,126.66666666666667,127.66666666666667,128.66666666666666,126.66666666666667,127.66666666666667,127.66666666666667,128.66666666666666,128.66666666666666,129.66666666666666,129.66666666666666,130.66666666666666,131.66666666666666,131.66666666666666,132.66666666666666,132.66666666666666,132.66666666666666,131.66666666666666,130.66666666666666,129.66666666666666,129.66666666666666,129.66666666666666,130.66666666666666,130.66666666666666,131.66666666666666,131.66666666666666,134.0,136.0,140.0,145.0,150.0,154.0,158.33333333333334,160.33333333333334,153.33333333333334,151.33333333333334,150.33333333333334,150.33333333333334,152.66666666666666,153.66666666666666,153.66666666666666,152.33333333333334,151.33333333333334,149.66666666666666,147.66666666666666,144.66666666666666,142.66666666666666,141.66666666666666,140.66666666666666,139.66666666666666,139.66666666666666,139.66666666666666,139.66666666666666,138.66666666666666,135.66666666666666,132.66666666666666,129.66666666666666,128.66666666666666,127.66666666666667,127.66666666666667,127.33333333333333,127.33333333333333,125.33333333333333,124.33333333333333,123.0,122.0,120.66666666666667,120.66666666666667,121.0,121.0,121.0,121.0,119.66666666666667,118.66666666666667,117.0,117.0,117.0,116.0,117.0,117.0,118.0,119.0,117.0,119.0,122.0,126.0,128.0,128.0,124.0,120.0,117.66666666666667,115.66666666666667,115.66666666666667,117.66666666666667,121.66666666666667,125.66666666666667,128.66666666666666,128.66666666666666,129.66666666666666,128.66666666666666,126.66666666666667,124.66666666666667,123.66666666666667,122.66666666666667,121.66666666666667,121.33333333333333,122.33333333333333,123.33333333333333,125.33333333333333,127.33333333333333,128.33333333333334,127.33333333333333,126.33333333333333,126.33333333333333,131.33333333333334,132.33333333333334,134.33333333333334,136.33333333333334,137.33333333333334,137.33333333333334,136.33333333333334,135.33333333333334,136.33333333333334,134.33333333333334,131.33333333333334,128.33333333333334,126.33333333333333,125.33333333333333,125.33333333333333,125.33333333333333,125.33333333333333,124.33333333333333,125.33333333333333,128.33333333333334,132.33333333333334,134.33333333333334,135.33333333333334,135.33333333333334,131.66666666666666,128.66666666666666,124.66666666666667,122.66666666666667,122.66666666666667,124.66666666666667,125.66666666666667,126.66666666666667,128.66666666666666,130.66666666666666,130.66666666666666,130.66666666666666,128.66666666666666,129.66666666666666,131.66666666666666,133.66666666666666,130.66666666666666,130.66666666666666,130.66666666666666,130.66666666666666,131.66666666666666,131.66666666666666,131.66666666666666,131.66666666666666,130.66666666666666,131.66666666666666,133.66666666666666,134.66666666666666,133.66666666666666,131.66666666666666,129.66666666666666,127.66666666666667,128.66666666666666,128.66666666666666,129.66666666666666,129.66666666666666,129.66666666666666,130.66666666666666,126.0,128.0,131.0,135.0,139.0,144.0,147.33333333333334,150.33333333333334,146.33333333333334,145.33333333333334,145.33333333333334,147.33333333333334,151.66666666666666,155.66666666666666,156.66666666666666,156.33333333333334,154.33333333333334,152.66666666666666,150.66666666666666,148.66666666666666,146.66666666666666,145.66666666666666,145.66666666666666,144.66666666666666,145.66666666666666,146.66666666666666,147.66666666666666,147.66666666666666,145.66666666666666,142.66666666666666,139.66666666666666,137.66666666666666,136.66666666666666,135.66666666666666,135.33333333333334,133.33333333333334,131.33333333333334,129.33333333333334,127.0,126.0,123.66666666666667,123.66666666666667,123.0,123.0,123.0,122.0,121.66666666666667,120.66666666666667,122.0,122.0,122.0,122.0,122.0,122.0,123.0,123.0,123.0,124.0,126.0,129.0,131.0,129.0,125.0,120.66666666666667,118.66666666666667,117.66666666666667,116.66666666666667,117.66666666666667,119.66666666666667,123.66666666666667,125.66666666666667,127.66666666666667,133.66666666666666,132.66666666666666,130.66666666666666,129.66666666666666,127.66666666666667,126.66666666666667,125.66666666666667,124.66666666666667,122.33333333333333,123.33333333333333,125.33333333333333,126.33333333333333,126.33333333333333,126.33333333333333,126.33333333333333,125.33333333333333,131.33333333333334,133.33333333333334,134.33333333333334,135.33333333333334,136.33333333333334,135.33333333333334,134.33333333333334,133.33333333333334,133.33333333333334,132.33333333333334,130.33333333333334,128.33333333333334,128.33333333333334,128.33333333333334,129.33333333333334,130.33333333333334,128.33333333333334,127.33333333333333,128.33333333333334,131.33333333333334,134.33333333333334,136.33333333333334,136.33333333333334,135.33333333333334,133.66666666666666,130.66666666666666,126.66666666666667,123.66666666666667,123.66666666666667,124.66666666666667,126.66666666666667,127.66666666666667,132.66666666666666,133.66666666666666,133.66666666666666,131.66666666666666,129.66666666666666,129.66666666666666,131.66666666666666,133.66666666666666,132.66666666666666,132.66666666666666,132.66666666666666,132.66666666666666,131.66666666666666,131.66666666666666,131.66666666666666,131.66666666666666,129.66666666666666,131.66666666666666,133.66666666666666,135.66666666666666,134.66666666666666,131.66666666666666,128.66666666666666,126.66666666666667,127.66666666666667,127.66666666666667,127.66666666666667,128.66666666666666,128.66666666666666,129.66666666666666,123.0,123.0,125.0,127.0,130.33333333333334,134.33333333333334,137.33333333333334,139.33333333333334,142.33333333333334,141.33333333333334,141.66666666666666,143.66666666666666,147.66666666666666,150.66666666666666,151.66666666666666,151.33333333333334,150.33333333333334,148.66666666666666,147.66666666666666,146.66666666666666,146.66666666666666,146.66666666666666,147.66666666666666,147.66666666666666,145.66666666666666,147.66666666666666,149.66666666666666,150.66666666666666,150.66666666666666,148.66666666666666,146.66666666666666,145.66666666666666,141.33333333333334,141.33333333333334,141.33333333333334,139.33333333333334,138.0,136.0,134.66666666666666,132.66666666666666,129.0,129.0,129.0,129.0,129.0,129.0,129.0,129.0,130.66666666666666,130.66666666666666,130.66666666666666,130.66666666666666,130.66666666666666,130.66666666666666,129.66666666666666,129.66666666666666,127.66666666666667,127.66666666666667,127.66666666666667,129.66666666666666,130.66666666666666,129.66666666666666,125.66666666666667,122.66666666666667,117.66666666666667,117.0,117.0,117.0,119.0,123.0,127.0,130.0,134.0,134.0,133.0,132.0,130.0,128.0,127.0,126.0,124.0,124.0,125.0,125.0,125.0,125.0,125.0,125.0,130.0,131.0,133.0,134.0,134.0,133.0,132.0,131.0,128.0,128.0,128.0,128.0,130.0,132.0,134.0,136.0,134.0,133.0,134.0,136.0,139.0,140.0,138.0,137.33333333333334,133.66666666666666,132.66666666666666,128.66666666666666,125.66666666666667,124.66666666666667,125.66666666666667,127.66666666666667,129.66666666666666,136.66666666666666,136.66666666666666,136.66666666666666,134.66666666666666,131.66666666666666,129.66666666666666,130.66666666666666,131.66666666666666,131.66666666666666,131.66666666666666,131.66666666666666,131.66666666666666,131.66666666666666,131.66666666666666,130.66666666666666,130.66666666666666,130.66666666666666,132.66666666666666,134.66666666666666,135.66666666666666,134.66666666666666,131.66666666666666,128.66666666666666,125.66666666666667,127.66666666666667,127.66666666666667,127.66666666666667,127.66666666666667,128.66666666666666,128.66666666666666,124.0,123.0,123.0,124.0,126.33333333333333,129.33333333333334,132.33333333333334,134.33333333333334,135.33333333333334,134.33333333333334,132.66666666666666,133.66666666666666,135.66666666666666,137.66666666666666,137.66666666666666,136.33333333333334,136.33333333333334,135.66666666666666,135.66666666666666,135.66666666666666,136.66666666666666,137.66666666666666,139.66666666666666,139.66666666666666,142.66666666666666,144.66666666666666,145.66666666666666,147.66666666666666,148.66666666666666,147.66666666666666,147.66666666666666,146.66666666666666,142.33333333333334,142.33333333333334,143.33333333333334,143.33333333333334,142.0,141.0,140.66666666666666,140.66666666666666,137.0,136.0,136.0,136.0,136.0,137.0,138.0,139.0,139.66666666666666,139.66666666666666,140.66666666666666,140.66666666666666,140.66666666666666,139.66666666666666,138.66666666666666,137.66666666666666,131.66666666666666,129.66666666666666,128.66666666666666,128.66666666666666,129.66666666666666,128.66666666666666,126.66666666666667,124.66666666666667,117.0,118.0,119.0,119.0,121.0,125.0,131.0,136.0,135.0,135.0,134.0,133.0,132.0,129.0,128.0,126.0,125.0,125.0,125.0,125.0,125.0,126.0,126.0,126.0,129.0,130.0,132.0,133.0,133.0,132.0,131.0,130.0,126.0,126.0,126.0,128.0,131.0,135.0,138.0,140.0,140.0,140.0,140.0,141.0,143.0,142.0,140.0,137.0,132.66666666666666,131.66666666666666,129.66666666666666,126.66666666666667,123.66666666666667,124.66666666666667,127.66666666666667,130.66666666666666,136.66666666666666,137.66666666666666,138.66666666666666,136.66666666666666,132.66666666666666,129.66666666666666,128.66666666666666,128.66666666666666,130.66666666666666,130.66666666666666,130.66666666666666,130.66666666666666,131.66666666666666,131.66666666666666,131.66666666666666,131.66666666666666,132.66666666666666,132.66666666666666,134.66666666666666,134.66666666666666,133.66666666666666,130.66666666666666,128.66666666666666,126.66666666666667,127.66666666666667,127.66666666666667,127.66666666666667,128.66666666666666,128.66666666666666,129.66666666666666,123.0,122.0,122.33333333333333,122.33333333333333,124.33333333333333,127.33333333333333,131.33333333333334,133.33333333333334,130.33333333333334,128.33333333333334,125.66666666666667,125.66666666666667,125.66666666666667,126.66666666666667,125.66666666666667,123.33333333333333,125.33333333333333,124.66666666666667,124.66666666666667,125.66666666666667,126.66666666666667,127.66666666666667,129.66666666666666,129.66666666666666,135.66666666666666,136.66666666666666,136.66666666666666,136.66666666666666,137.66666666666666,137.66666666666666,137.66666666666666,137.66666666666666,136.33333333333334,137.33333333333334,138.33333333333334,140.33333333333334,141.66666666666666,142.66666666666666,142.66666666666666,142.66666666666666,139.0,139.0,137.66666666666666,138.66666666666666,140.0,142.0,143.0,145.0,147.0,147.0,148.0,148.0,148.0,147.0,145.0,144.0,137.0,134.0,131.0,130.0,131.0,132.0,132.0,131.0,125.33333333333333,125.33333333333333,125.33333333333333,123.33333333333333,121.33333333333333,124.33333333333333,129.33333333333334,134.33333333333334,134.33333333333334,134.33333333333334,134.33333333333334,134.33333333333334,132.33333333333334,130.33333333333334,127.33333333333333,126.0,127.0,127.0,126.0,126.0,126.0,126.0,127.0,127.0,129.0,130.0,132.0,133.0,134.0,133.0,132.0,132.0,126.0,126.0,127.0,129.0,132.0,135.0,139.0,141.0,142.0,141.0,141.0,142.0,142.0,140.0,136.0,133.0,128.66666666666666,128.66666666666666,127.66666666666667,124.66666666666667,121.66666666666667,122.66666666666667,126.66666666666667,130.66666666666666,133.66666666666666,135.66666666666666,138.66666666666666,138.66666666666666,135.66666666666666,131.66666666666666,129.66666666666666,128.66666666666666,129.66666666666666,130.66666666666666,130.66666666666666,131.66666666666666,131.66666666666666,132.66666666666666,132.66666666666666,133.66666666666666,133.66666666666666,133.66666666666666,133.66666666666666,133.66666666666666,131.66666666666666,130.66666666666666,128.66666666666666,127.66666666666667,128.66666666666666,128.66666666666666,128.66666666666666,128.66666666666666,129.66666666666666,129.66666666666666,120.0,120.0,119.33333333333333,120.33333333333333,122.33333333333333,126.33333333333333,129.33333333333334,132.33333333333334,133.33333333333334,130.33333333333334,127.33333333333333,126.33333333333333,126.33333333333333,126.33333333333333,124.33333333333333,123.66666666666667,126.33333333333333,125.66666666666667,124.66666666666667,125.66666666666667,125.66666666666667,126.66666666666667,127.66666666666667,128.66666666666666,129.66666666666666,128.66666666666666,127.66666666666667,126.66666666666667,125.66666666666667,126.33333333333333,126.66666666666667,126.33333333333333,128.33333333333334,129.33333333333334,131.33333333333334,134.33333333333334,137.66666666666666,138.66666666666666,140.66666666666666,140.66666666666666,137.66666666666666,137.0,137.0,137.0,139.0,141.0,144.0,145.0,150.66666666666666,151.0,152.66666666666666,152.0,151.66666666666666,150.0,148.66666666666666,147.0,143.66666666666666,139.0,135.66666666666666,133.0,134.66666666666666,136.0,137.66666666666666,137.0,136.0,135.0,132.0,127.0,122.0,121.0,125.0,129.0,135.0,135.0,135.0,134.0,133.0,130.0,128.0,125.66666666666667,128.66666666666666,128.33333333333334,127.33333333333333,126.33333333333333,126.33333333333333,127.0,127.33333333333333,128.0,129.0,130.0,132.0,134.0,135.0,135.0,134.0,134.0,127.0,127.0,128.0,129.0,132.0,135.0,138.0,140.0,140.0,139.0,138.0,139.0,138.0,135.0,131.0,127.0,124.66666666666667,125.33333333333333,125.66666666666667,122.33333333333333,119.66666666666667,120.33333333333333,125.66666666666667,130.33333333333334,129.66666666666666,133.33333333333334,137.66666666666666,138.33333333333334,136.66666666666666,132.33333333333334,130.66666666666666,128.33333333333334,129.66666666666666,130.33333333333334,130.66666666666666,131.33333333333334,132.66666666666666,133.33333333333334,134.66666666666666,135.33333333333334,135.66666666666666,134.33333333333334,133.66666666666666,132.33333333333334,130.66666666666666,129.33333333333334,128.66666666666666,128.33333333333334,128.66666666666666,128.33333333333334,130.0,129.33333333333334,130.0,130.33333333333334,122.0,122.0,122.0,123.0,124.0,124.0,125.0,125.0,125.66666666666667,124.66666666666667,124.66666666666667,124.66666666666667,124.66666666666667,125.66666666666667,125.66666666666667,126.33333333333333,125.33333333333333,125.33333333333333,124.33333333333333,124.33333333333333,122.66666666666667,122.66666666666667,121.66666666666667,121.66666666666667,118.33333333333333,119.33333333333333,119.33333333333333,119.33333333333333,119.33333333333333,120.0,123.33333333333333,126.33333333333333,127.33333333333333,126.33333333333333,126.33333333333333,128.33333333333334,131.33333333333334,134.33333333333334,135.33333333333334,135.33333333333334,131.33333333333334,132.0,132.66666666666666,133.66666666666666,135.66666666666666,138.66666666666666,140.66666666666666,141.66666666666666,143.66666666666666,145.0,147.66666666666666,149.0,149.66666666666666,148.0,146.66666666666666,145.0,142.66666666666666,140.0,137.66666666666666,135.0,135.66666666666666,137.0,140.66666666666666,141.0,144.0,142.0,137.0,133.0,129.0,127.0,126.0,126.0,129.0,130.0,132.0,133.0,133.0,131.0,129.0,128.0,126.0,126.0,126.0,126.0,127.0,126.66666666666667,127.0,127.66666666666667,130.66666666666666,131.66666666666666,133.66666666666666,135.66666666666666,134.0,133.0,131.0,129.0,126.0,126.33333333333333,129.33333333333334,131.33333333333334,133.33333333333334,133.33333333333334,133.33333333333334,132.33333333333334,135.33333333333334,134.33333333333334,132.33333333333334,130.33333333333334,128.33333333333334,125.33333333333333,124.33333333333333,124.0,123.33333333333333,122.0,119.0,116.0,115.0,116.0,118.0,119.0,125.0,130.0,134.0,134.0,130.0,128.0,129.0,133.0,130.0,131.0,134.0,136.0,137.0,138.0,138.0,138.0,132.0,131.0,130.0,129.0,128.0,127.0,128.0,128.0,128.0,130.0,131.33333333333334,131.0,130.33333333333334,129.0,123.66666666666667,123.0,122.66666666666667,121.0,120.66666666666667,119.0,119.66666666666667,118.0,118.66666666666667,118.0,118.66666666666667,119.0,120.66666666666667,122.0,123.66666666666667,124.66666666666667,124.66666666666667,123.33333333333333,123.33333333333333,122.33333333333333,121.33333333333333,119.66666666666667,119.66666666666667,119.66666666666667,116.66666666666667,117.33333333333333,117.33333333333333,117.33333333333333,116.33333333333333,117.0,120.0,123.0,127.33333333333333,126.33333333333333,126.33333333333333,128.33333333333334,131.33333333333334,134.33333333333334,135.33333333333334,135.33333333333334,131.33333333333334,132.33333333333334,132.33333333333334,133.33333333333334,134.33333333333334,134.33333333333334,135.33333333333334,136.33333333333334,138.66666666666666,139.66666666666666,142.66666666666666,144.66666666666666,144.66666666666666,143.66666666666666,141.66666666666666,140.66666666666666,138.66666666666666,136.66666666666666,134.66666666666666,133.66666666666666,133.66666666666666,136.66666666666666,139.66666666666666,141.66666666666666,142.66666666666666,142.66666666666666,140.66666666666666,137.66666666666666,134.66666666666666,131.66666666666666,129.66666666666666,128.66666666666666,129.66666666666666,130.66666666666666,132.66666666666666,133.66666666666666,133.66666666666666,132.66666666666666,130.66666666666666,128.66666666666666,126.66666666666667,127.66666666666667,127.66666666666667,127.66666666666667,128.0,128.0,128.0,129.0,129.66666666666666,129.66666666666666,131.66666666666666,131.66666666666666,131.0,130.0,129.0,128.0,126.0,126.33333333333333,128.33333333333334,130.33333333333334,131.33333333333334,131.33333333333334,131.33333333333334,130.33333333333334,127.33333333333333,126.33333333333333,125.33333333333333,123.33333333333333,121.33333333333333,120.33333333333333,119.33333333333333,119.0,119.33333333333333,118.0,114.0,111.0,110.0,111.0,114.0,116.0,123.0,128.0,132.0,132.0,128.0,126.0,127.0,130.0,132.0,133.0,135.0,136.0,136.0,135.0,134.0,133.0,129.0,129.0,128.0,128.0,127.0,127.0,126.0,126.0,127.0,129.0,130.0,129.0,128.0,127.0,126.0,124.66666666666667,123.0,120.66666666666667,118.0,115.66666666666667,114.0,112.66666666666667,113.0,113.66666666666667,115.0,115.66666666666667,118.0,120.66666666666667,123.0,123.66666666666667,123.66666666666667,123.66666666666667,121.66666666666667,120.66666666666667,119.66666666666667,119.33333333333333,119.33333333333333,119.33333333333333,117.33333333333333,117.66666666666667,118.66666666666667,117.66666666666667,116.66666666666667,117.0,119.0,121.0,125.66666666666667,123.66666666666667,123.66666666666667,125.66666666666667,129.66666666666666,132.66666666666666,133.66666666666666,133.66666666666666,129.66666666666666,129.66666666666666,130.66666666666666,130.66666666666666,130.66666666666666,129.66666666666666,128.66666666666666,128.33333333333334,133.66666666666666,134.66666666666666,136.66666666666666,138.66666666666666,139.66666666666666,138.66666666666666,136.66666666666666,135.66666666666666,133.66666666666666,131.66666666666666,129.66666666666666,129.66666666666666,130.66666666666666,133.66666666666666,136.66666666666666,139.66666666666666,139.66666666666666,140.66666666666666,140.66666666666666,140.66666666666666,138.66666666666666,135.66666666666666,132.66666666666666,129.66666666666666,129.66666666666666,130.66666666666666,132.66666666666666,133.66666666666666,133.66666666666666,133.66666666666666,131.66666666666666,130.66666666666666,130.0,130.0,129.66666666666666,129.66666666666666,130.66666666666666,130.66666666666666,131.0,131.0,129.0,130.0,129.66666666666666,129.66666666666666,129.66666666666666,129.66666666666666,129.66666666666666,129.66666666666666,127.33333333333333,128.33333333333334,128.33333333333334,129.33333333333334,129.33333333333334,128.33333333333334,127.33333333333333,127.33333333333333,120.33333333333333,120.33333333333333,119.33333333333333,119.33333333333333,118.33333333333333,117.33333333333333,117.33333333333333,117.0,118.33333333333333,115.33333333333333,110.33333333333333,106.33333333333333,106.33333333333333,108.33333333333333,111.33333333333333,114.33333333333333,122.33333333333333,126.33333333333333,129.33333333333334,129.33333333333334,125.33333333333333,123.33333333333333,124.33333333333333,126.33333333333333,132.33333333333334,133.33333333333334,134.33333333333334,135.33333333333334,133.33333333333334,131.33333333333334,128.33333333333334,126.33333333333333,125.33333333333333,125.33333333333333,126.33333333333333,126.33333333333333,126.33333333333333,125.33333333333333,124.33333333333333,125.0,127.0,128.0,129.0,128.0,125.0,124.0,126.66666666666667,125.0,123.66666666666667,120.0,117.66666666666667,115.0,113.66666666666667,112.0,114.66666666666667,114.0,115.66666666666667,116.0,118.66666666666667,120.0,122.66666666666667,123.33333333333333,123.0,122.0,121.0,119.0,119.0,118.66666666666667,119.66666666666667,119.66666666666667,120.66666666666667,121.33333333333333,122.33333333333333,122.33333333333333,121.33333333333333,120.66666666666667,122.66666666666667,123.66666666666667,123.66666666666667,121.66666666666667,121.66666666666667,123.66666666666667,127.66666666666667,130.66666666666666,131.66666666666666,131.66666666666666,128.66666666666666,128.66666666666666,128.66666666666666,128.66666666666666,127.66666666666667,126.66666666666667,124.66666666666667,123.66666666666667,131.66666666666666,133.66666666666666,136.0,137.66666666666666,138.0,136.66666666666666,135.0,133.66666666666666,131.0,128.66666666666666,127.0,124.66666666666667,126.0,127.66666666666667,132.0,133.66666666666666,135.0,135.66666666666666,136.0,135.66666666666666,135.0,133.66666666666666,132.0,130.66666666666666,131.0,131.66666666666666,133.0,133.66666666666666,135.0,134.66666666666666,134.0,133.66666666666666,132.0,132.66666666666666,133.0,132.66666666666666,133.66666666666666,133.66666666666666,133.66666666666666,134.0,132.0,132.0,131.0,130.33333333333334,130.66666666666666,131.33333333333334,132.66666666666666,133.33333333333334,132.33333333333334,131.33333333333334,130.33333333333334,128.33333333333334,126.33333333333333,124.33333333333333,123.33333333333333,122.33333333333333,119.33333333333333,119.33333333333333,119.33333333333333,119.33333333333333,119.33333333333333,120.33333333333333,120.33333333333333,120.33333333333333,120.66666666666667,117.33333333333333,112.33333333333333,109.33333333333333,108.33333333333333,111.33333333333333,115.33333333333333,118.33333333333333,124.33333333333333,127.33333333333333,130.33333333333334,129.33333333333334,126.33333333333333,124.33333333333333,124.33333333333333,125.33333333333333,130.33333333333334,131.33333333333334,132.33333333333334,132.33333333333334,131.33333333333334,128.33333333333334,125.33333333333333,123.33333333333333,123.33333333333333,124.33333333333333,125.33333333333333,126.33333333333333,126.33333333333333,125.33333333333333,124.33333333333333,123.33333333333333,128.0,129.0,129.0,127.0,124.0,123.0,125.33333333333333,124.66666666666667,124.33333333333333,121.66666666666667,121.33333333333333,118.66666666666667,118.33333333333333,117.66666666666667,118.33333333333333,117.66666666666667,118.33333333333333,117.66666666666667,118.33333333333333,118.66666666666667,120.33333333333333,119.66666666666667,119.66666666666667,118.0,116.0,115.0,115.0,115.66666666666667,117.66666666666667,118.66666666666667,122.66666666666667,124.33333333333333,126.33333333333333,126.33333333333333,125.33333333333333,125.0,126.0,128.0,127.66666666666667,126.66666666666667,126.66666666666667,128.66666666666666,131.66666666666666,134.66666666666666,135.66666666666666,135.66666666666666,133.66666666666666,133.66666666666666,132.66666666666666,131.66666666666666,130.66666666666666,129.66666666666666,127.66666666666667,127.66666666666667,133.0,134.33333333333334,137.33333333333334,138.33333333333334,139.33333333333334,137.33333333333334,136.33333333333334,134.33333333333334,130.33333333333334,126.33333333333333,124.33333333333333,121.33333333333333,121.33333333333333,122.33333333333333,125.33333333333333,126.33333333333333,130.33333333333334,128.33333333333334,128.33333333333334,126.33333333333333,126.33333333333333,126.33333333333333,128.33333333333334,128.33333333333334,130.33333333333334,130.33333333333334,132.33333333333334,132.33333333333334,134.33333333333334,134.33333333333334,135.33333333333334,135.0,134.33333333333334,134.0,135.33333333333334,134.33333333333334,135.66666666666666,135.33333333333334,135.66666666666666,135.0,136.66666666666666,135.0,135.66666666666666,134.66666666666666,135.0,135.66666666666666,138.0,138.0,138.0,137.0,134.0,131.0,127.0,124.0,122.0,121.0,122.0,122.0,123.0,124.0,125.0,126.0,126.0,127.0,124.0,121.0,117.0,114.0,114.0,116.0,120.0,123.0,129.0,131.0,132.0,132.0,130.0,127.0,126.0,126.0,127.0,128.0,128.0,128.0,127.0,126.0,125.0,124.0,124.0,124.0,124.0,125.0,124.0,124.0,123.0,122.33333333333333,129.0,130.0,130.0,128.0,124.0,122.0,124.33333333333333,124.33333333333333,124.33333333333333,124.33333333333333,124.33333333333333,124.33333333333333,123.33333333333333,123.33333333333333,121.33333333333333,120.33333333333333,119.33333333333333,117.33333333333333,117.33333333333333,116.33333333333333,116.33333333333333,117.33333333333333,116.33333333333333,114.66666666666667,114.33333333333333,112.66666666666667,113.66666666666667,116.66666666666667,119.66666666666667,121.0,126.0,128.0,131.0,131.66666666666666,131.66666666666666,131.66666666666666,133.66666666666666,134.33333333333334,139.33333333333334,136.66666666666666,137.33333333333334,138.66666666666666,143.33333333333334,145.66666666666666,147.33333333333334,146.66666666666666,145.33333333333334,142.66666666666666,140.33333333333334,137.66666666666666,135.33333333333334,132.66666666666666,132.33333333333334,131.66666666666666,130.66666666666666,133.0,135.0,137.0,138.0,137.0,135.0,134.0,128.0,126.0,122.0,119.0,118.0,119.0,120.0,122.0,125.0,123.0,121.0,120.0,120.0,121.0,123.0,125.0,127.0,127.0,128.0,129.0,131.0,132.0,133.0,134.0,133.0,133.0,134.33333333333334,134.0,134.0,134.33333333333334,134.33333333333334,134.33333333333334,136.33333333333334,137.0,137.0,138.0,139.0,138.66666666666666,140.0,139.66666666666666,141.66666666666666,139.0,136.66666666666666,133.0,130.66666666666666,128.0,126.66666666666667,125.0,126.66666666666667,126.0,127.66666666666667,128.0,129.66666666666666,131.0,131.66666666666666,132.0,128.0,127.0,124.0,122.0,122.0,124.0,126.0,128.0,135.0,135.0,135.0,135.0,133.0,131.0,129.0,127.0,126.0,125.0,124.0,123.0,123.0,124.0,125.0,125.0,125.0,124.0,123.0,121.0,120.0,120.0,120.0,121.66666666666667,128.0,129.0,129.0,127.0,124.0,122.0,124.33333333333333,124.33333333333333,125.33333333333333,125.33333333333333,125.33333333333333,126.33333333333333,126.33333333333333,126.33333333333333,124.33333333333333,123.33333333333333,121.33333333333333,120.33333333333333,119.33333333333333,119.33333333333333,119.33333333333333,119.33333333333333,119.66666666666667,118.33333333333333,117.66666666666667,117.33333333333333,119.33333333333333,123.33333333333333,127.33333333333333,128.66666666666666,133.66666666666666,136.66666666666666,140.66666666666666,142.0,142.0,143.0,144.0,144.66666666666666,147.33333333333334,146.0,146.33333333333334,148.0,152.33333333333334,155.0,156.33333333333334,155.0,153.33333333333334,150.0,144.33333333333334,138.0,134.33333333333334,131.0,130.33333333333334,130.33333333333334,126.33333333333333,128.33333333333334,130.33333333333334,132.33333333333334,132.33333333333334,131.33333333333334,130.33333333333334,128.33333333333334,125.33333333333333,122.33333333333333,119.33333333333333,117.33333333333333,116.33333333333333,117.33333333333333,120.33333333333333,121.33333333333333,120.33333333333333,120.33333333333333,119.33333333333333,119.33333333333333,119.33333333333333,119.33333333333333,120.33333333333333,120.33333333333333,121.33333333333333,122.33333333333333,123.33333333333333,124.33333333333333,126.33333333333333,128.33333333333334,129.33333333333334,130.33333333333334,130.33333333333334,130.33333333333334,131.0,130.33333333333334,131.33333333333334,130.66666666666666,131.66666666666666,131.66666666666666,133.66666666666666,135.33333333333334,136.33333333333334,138.33333333333334,139.33333333333334,139.0,138.33333333333334,138.0,140.66666666666666,139.66666666666666,137.66666666666666,135.66666666666666,134.66666666666666,134.66666666666666,134.66666666666666,134.66666666666666,132.66666666666666,133.66666666666666,134.66666666666666,135.66666666666666,136.66666666666666,137.66666666666666,138.66666666666666,138.66666666666666,135.33333333333334,135.0,134.0,133.0,133.0,134.0,135.0,136.0,138.0,138.0,137.0,137.0,136.0,133.0,130.0,128.0,127.0,125.0,122.0,120.0,119.0,121.0,123.0,125.0,125.0,123.0,119.0,116.0,115.0,115.0,116.0,117.0,125.0,126.0,126.0,125.0,122.0,121.0,125.33333333333333,125.33333333333333,125.33333333333333,125.33333333333333,125.33333333333333,126.33333333333333,126.33333333333333,126.33333333333333,127.33333333333333,126.33333333333333,125.33333333333333,124.33333333333333,123.33333333333333,123.33333333333333,123.33333333333333,124.33333333333333,124.66666666666667,123.66666666666667,122.66666666666667,123.66666666666667,126.66666666666667,130.66666666666666,135.66666666666666,138.33333333333334,141.33333333333334,145.33333333333334,149.33333333333334,150.66666666666666,151.66666666666666,152.66666666666666,154.66666666666666,155.0,151.66666666666666,150.33333333333334,150.33333333333334,152.33333333333334,155.33333333333334,158.33333333333334,159.33333333333334,159.33333333333334,157.33333333333334,152.33333333333334,144.33333333333334,135.33333333333334,129.33333333333334,125.33333333333333,124.33333333333333,124.33333333333333,121.66666666666667,123.33333333333333,126.0,127.33333333333333,128.0,126.33333333333333,125.0,123.33333333333333,123.0,120.33333333333333,118.0,115.33333333333333,117.0,118.33333333333333,121.0,122.33333333333333,119.0,119.33333333333333,122.0,122.33333333333333,122.0,120.33333333333333,119.0,117.33333333333333,118.0,117.33333333333333,119.0,120.33333333333333,123.0,124.33333333333333,127.0,127.66666666666667,128.0,127.66666666666667,128.0,127.66666666666667,129.0,128.33333333333334,128.33333333333334,128.66666666666666,131.33333333333334,132.66666666666666,135.66666666666666,137.0,138.66666666666666,138.0,136.66666666666666,135.33333333333334,140.0,138.66666666666666,138.33333333333334,137.66666666666666,138.33333333333334,139.66666666666666,142.33333333333334,142.66666666666666,139.33333333333334,139.66666666666666,141.33333333333334,141.66666666666666,143.33333333333334,143.66666666666666,145.33333333333334,144.66666666666666,142.33333333333334,142.0,142.0,142.0,143.0,143.0,143.0,143.0,140.0,139.0,138.0,137.0,137.0,134.0,131.0,128.0,129.0,126.0,121.0,117.0,116.0,118.0,121.0,124.0,125.0,122.0,117.0,113.0,110.0,111.0,113.0,115.0,123.0,124.0,124.0,123.0,121.0,119.0,128.0,127.0,126.0,124.0,124.0,125.0,126.0,127.0,128.0,128.0,129.0,130.0,133.0,135.0,137.0,138.0,139.0,138.66666666666666,138.66666666666666,139.66666666666666,141.66666666666666,144.33333333333334,147.33333333333334,149.33333333333334,154.33333333333334,155.66666666666666,157.66666666666666,158.66666666666666,159.66666666666666,157.66666666666666,155.66666666666666,154.33333333333334,154.66666666666666,150.66666666666666,145.66666666666666,143.66666666666666,144.66666666666666,145.66666666666666,146.66666666666666,146.66666666666666,139.66666666666666,136.66666666666666,131.66666666666666,125.66666666666667,120.66666666666667,117.66666666666667,116.66666666666667,115.66666666666667,115.66666666666667,116.33333333333333,117.0,116.33333333333333,116.0,114.33333333333333,116.0,115.33333333333333,119.0,116.33333333333333,116.0,114.33333333333333,115.0,116.33333333333333,119.0,120.33333333333333,118.0,116.33333333333333,117.0,117.33333333333333,119.0,119.33333333333333,122.0,121.33333333333333,121.0,120.33333333333333,120.0,119.33333333333333,121.0,121.33333333333333,123.0,123.66666666666667,125.0,124.66666666666667,125.0,124.66666666666667,124.0,123.33333333333333,123.66666666666667,122.0,126.66666666666667,127.0,129.33333333333334,129.33333333333334,131.33333333333334,129.33333333333334,129.33333333333334,128.66666666666666,129.33333333333334,129.0,130.33333333333334,131.0,133.33333333333334,136.0,138.33333333333334,139.0,143.33333333333334,143.0,144.33333333333334,146.0,146.33333333333334,146.0,146.33333333333334,145.33333333333334,143.66666666666666,144.0,146.0,149.0,151.0,150.0,147.0,144.0,143.0,139.0,134.0,133.0,135.0,136.0,136.0,134.0,130.0,128.0,125.0,123.0,121.0,120.0,120.0,121.0,120.0,117.0,112.0,108.0,108.0,110.0,113.0,116.66666666666667,117.0,118.0,118.0,119.0,119.0,118.0,126.0,125.0,124.0,124.0,124.0,126.0,127.0,128.0,130.0,131.0,133.0,136.0,139.0,143.0,146.0,147.0,148.0,148.0,147.66666666666666,148.66666666666666,150.66666666666666,152.66666666666666,153.33333333333334,154.33333333333334,158.33333333333334,159.33333333333334,159.66666666666666,159.66666666666666,157.66666666666666,155.66666666666666,152.66666666666666,150.33333333333334,146.0,141.66666666666666,136.66666666666666,133.66666666666666,132.66666666666666,133.66666666666666,133.66666666666666,132.66666666666666,124.66666666666667,121.66666666666667,118.66666666666667,114.66666666666667,112.66666666666667,111.66666666666667,111.66666666666667,111.66666666666667,110.66666666666667,110.66666666666667,111.0,109.66666666666667,109.0,108.66666666666667,110.0,110.66666666666667,115.0,113.66666666666667,113.0,111.66666666666667,112.0,113.66666666666667,116.0,117.66666666666667,117.0,116.66666666666667,117.0,116.66666666666667,118.0,118.66666666666667,121.0,121.66666666666667,119.0,118.66666666666667,119.0,118.66666666666667,119.0,119.66666666666667,121.0,122.0,124.0,124.0,123.0,121.66666666666667,121.0,119.66666666666667,118.66666666666667,118.33333333333333,120.33333333333333,121.33333333333333,122.33333333333333,123.66666666666667,124.0,123.66666666666667,123.0,122.0,122.33333333333333,123.33333333333333,124.0,124.33333333333333,127.0,128.33333333333334,131.0,131.33333333333334,138.0,138.33333333333334,141.0,142.33333333333334,144.0,145.33333333333334,146.0,145.0,141.0,141.0,143.66666666666666,147.0,150.66666666666666,150.0,147.66666666666666,144.0,139.66666666666666,135.0,132.66666666666666,131.0,133.66666666666666,136.0,136.66666666666666,136.0,133.66666666666666,131.0,129.66666666666666,125.0,123.66666666666667,120.0,119.66666666666667,118.0,116.66666666666667,114.0,111.66666666666667,109.0,108.66666666666667,110.0,113.66666666666667,115.33333333333333,118.0,119.0,119.0,120.0,120.0,119.0,128.0,128.0,128.0,128.0,130.0,131.0,133.0,134.0,138.0,138.0,139.0,141.0,143.0,146.0,148.0,150.33333333333334,152.0,153.0,153.33333333333334,154.33333333333334,155.33333333333334,155.33333333333334,155.33333333333334,155.33333333333334,156.33333333333334,155.33333333333334,154.66666666666666,152.66666666666666,149.66666666666666,145.66666666666666,142.66666666666666,140.0,133.66666666666666,129.66666666666666,124.66666666666667,120.66666666666667,119.66666666666667,118.66666666666667,117.66666666666667,116.66666666666667,108.66666666666667,107.66666666666667,106.66666666666667,105.66666666666667,105.66666666666667,106.66666666666667,108.66666666666667,109.66666666666667,108.66666666666667,108.66666666666667,107.66666666666667,105.66666666666667,107.66666666666667,107.66666666666667,109.66666666666667,109.66666666666667,114.66666666666667,112.66666666666667,112.66666666666667,110.66666666666667,112.66666666666667,112.66666666666667,115.66666666666667,115.66666666666667,116.66666666666667,115.66666666666667,116.66666666666667,115.66666666666667,117.66666666666667,117.66666666666667,119.66666666666667,119.66666666666667,117.66666666666667,116.66666666666667,116.66666666666667,115.66666666666667,117.66666666666667,116.66666666666667,118.66666666666667,119.33333333333333,122.66666666666667,121.33333333333333,120.66666666666667,118.66666666666667,117.66666666666667,115.66666666666667,115.0,113.0,113.66666666666667,113.0,114.66666666666667,115.0,116.33333333333333,115.0,115.33333333333333,114.33333333333333,114.66666666666667,115.66666666666667,116.0,116.66666666666667,118.0,119.66666666666667,122.0,122.66666666666667,129.0,129.66666666666666,133.0,135.66666666666666,138.0,139.66666666666666,141.0,141.33333333333334,136.33333333333334,135.33333333333334,139.0,142.33333333333334,146.0,146.33333333333334,146.0,142.33333333333334,133.0,130.33333333333334,129.0,128.33333333333334,133.0,135.33333333333334,138.0,138.33333333333334,138.0,136.33333333333334,134.0,130.33333333333334,126.0,121.33333333333333,118.0,115.33333333333333,112.0,111.33333333333333,111.0,110.33333333333333,112.0,113.33333333333333,116.0,117.0,117.0,118.0,118.0,119.0,119.0,119.0,136.0,137.0,138.0,139.0,140.0,142.0,143.0,144.0,147.0,146.0,144.0,143.0,142.0,141.0,141.0,141.0,145.0,146.0,147.33333333333334,148.33333333333334,149.33333333333334,148.33333333333334,147.33333333333334,146.33333333333334,144.33333333333334,142.66666666666666,141.66666666666666,139.66666666666666,136.66666666666666,132.66666666666666,129.66666666666666,127.0,125.33333333333333,120.66666666666667,116.66666666666667,113.66666666666667,112.66666666666667,111.66666666666667,110.66666666666667,108.66666666666667,104.66666666666667,104.66666666666667,104.66666666666667,105.66666666666667,107.66666666666667,109.66666666666667,111.66666666666667,112.66666666666667,115.33333333333333,113.33333333333333,110.33333333333333,110.33333333333333,111.33333333333333,113.33333333333333,114.33333333333333,115.33333333333333,115.33333333333333,115.33333333333333,114.33333333333333,114.33333333333333,114.33333333333333,115.33333333333333,116.33333333333333,117.33333333333333,116.33333333333333,116.33333333333333,116.33333333333333,116.33333333333333,116.33333333333333,117.33333333333333,118.33333333333333,119.33333333333333,116.33333333333333,115.33333333333333,115.33333333333333,114.33333333333333,114.33333333333333,115.33333333333333,116.33333333333333,116.33333333333333,118.33333333333333,118.33333333333333,117.33333333333333,117.33333333333333,116.33333333333333,115.33333333333333,115.33333333333333,114.66666666666667,110.66666666666667,110.0,111.0,111.0,111.0,111.0,111.0,111.0,111.66666666666667,110.66666666666667,111.66666666666667,111.66666666666667,112.66666666666667,114.66666666666667,115.66666666666667,116.66666666666667,120.66666666666667,122.66666666666667,124.66666666666667,126.66666666666667,128.66666666666666,130.66666666666666,131.66666666666666,131.66666666666666,128.66666666666666,128.0,130.33333333333334,134.0,138.33333333333334,140.0,139.33333333333334,137.0,126.33333333333333,125.0,125.33333333333333,126.0,130.33333333333334,134.0,138.33333333333334,140.0,142.33333333333334,141.0,138.33333333333334,134.0,128.33333333333334,122.0,117.33333333333333,113.0,109.33333333333333,110.0,111.33333333333333,113.0,116.33333333333333,118.0,120.33333333333333,121.0,117.0,117.0,118.0,119.0,119.0,119.0,141.66666666666666,141.66666666666666,142.66666666666666,144.66666666666666,145.66666666666666,145.66666666666666,146.66666666666666,146.66666666666666,144.66666666666666,142.66666666666666,140.66666666666666,136.66666666666666,133.66666666666666,131.66666666666666,130.66666666666666,129.66666666666666,133.33333333333334,134.33333333333334,135.33333333333334,136.33333333333334,136.0,135.0,134.0,133.0,129.66666666666666,129.66666666666666,128.66666666666666,126.0,124.0,122.0,121.0,120.0,120.0,117.0,114.0,113.0,114.0,114.0,113.0,112.0,110.0,110.0,110.0,111.0,113.0,114.0,116.0,116.0,119.66666666666667,117.66666666666667,114.66666666666667,115.66666666666667,118.66666666666667,120.66666666666667,120.66666666666667,119.66666666666667,114.66666666666667,114.66666666666667,114.66666666666667,114.66666666666667,115.66666666666667,115.66666666666667,116.66666666666667,116.66666666666667,117.66666666666667,117.66666666666667,116.66666666666667,116.66666666666667,116.66666666666667,117.66666666666667,118.66666666666667,118.66666666666667,115.66666666666667,115.66666666666667,114.66666666666667,114.66666666666667,113.66666666666667,114.66666666666667,114.66666666666667,115.66666666666667,115.66666666666667,115.66666666666667,116.66666666666667,117.66666666666667,117.66666666666667,118.0,119.0,119.0,113.0,112.66666666666667,112.66666666666667,112.66666666666667,111.66666666666667,112.0,112.66666666666667,112.66666666666667,112.66666666666667,112.0,112.0,112.0,113.0,114.0,115.0,116.0,117.0,118.0,119.0,120.0,121.0,121.0,121.0,120.66666666666667,120.0,118.66666666666667,121.66666666666667,123.66666666666667,127.66666666666667,128.66666666666666,128.66666666666666,125.66666666666667,119.66666666666667,119.66666666666667,120.66666666666667,121.66666666666667,125.66666666666667,129.66666666666666,135.66666666666666,137.66666666666666,141.66666666666666,138.66666666666666,137.66666666666666,132.66666666666666,127.66666666666667,120.66666666666667,115.66666666666667,111.66666666666667,109.66666666666667,109.66666666666667,113.66666666666667,115.66666666666667,119.66666666666667,121.66666666666667,124.66666666666667,125.0,121.0,121.0,123.0,123.0,124.0,124.0,138.66666666666666,138.66666666666666,139.66666666666666,139.66666666666666,139.66666666666666,139.66666666666666,138.66666666666666,137.66666666666666,132.66666666666666,131.66666666666666,129.66666666666666,127.66666666666667,125.66666666666667,124.66666666666667,123.66666666666667,123.66666666666667,124.33333333333333,124.33333333333333,125.33333333333333,126.33333333333333,126.0,126.0,125.0,124.66666666666667,122.66666666666667,122.66666666666667,121.0,121.0,120.0,120.0,119.0,119.0,119.0,117.0,116.0,116.0,117.0,118.0,118.0,117.0,115.0,115.0,116.0,116.0,117.0,117.0,117.0,117.0,118.66666666666667,115.66666666666667,114.66666666666667,116.66666666666667,120.66666666666667,122.66666666666667,120.66666666666667,117.66666666666667,112.66666666666667,112.66666666666667,113.66666666666667,113.66666666666667,114.66666666666667,114.66666666666667,114.66666666666667,114.66666666666667,118.66666666666667,118.66666666666667,117.66666666666667,117.66666666666667,117.66666666666667,117.66666666666667,118.66666666666667,119.66666666666667,117.66666666666667,116.66666666666667,115.66666666666667,114.66666666666667,114.66666666666667,114.66666666666667,115.66666666666667,115.66666666666667,115.33333333333333,116.33333333333333,116.66666666666667,117.66666666666667,119.66666666666667,120.66666666666667,121.66666666666667,122.0,117.0,117.0,116.0,114.66666666666667,114.66666666666667,114.66666666666667,114.66666666666667,115.66666666666667,114.66666666666667,114.66666666666667,113.66666666666667,113.66666666666667,113.66666666666667,114.66666666666667,115.66666666666667,115.66666666666667,114.66666666666667,114.66666666666667,115.66666666666667,115.66666666666667,115.66666666666667,114.66666666666667,113.66666666666667,112.0,114.66666666666667,113.33333333333333,113.33333333333333,114.33333333333333,117.33333333333333,118.33333333333333,116.33333333333333,115.33333333333333,112.33333333333333,113.33333333333333,115.33333333333333,116.33333333333333,118.33333333333333,122.33333333333333,128.33333333333334,132.33333333333334,134.33333333333334,132.33333333333334,130.33333333333334,126.33333333333333,121.33333333333333,117.33333333333333,113.33333333333333,111.33333333333333,110.33333333333333,111.33333333333333,114.33333333333333,117.33333333333333,121.33333333333333,124.33333333333333,127.33333333333333,128.33333333333334,127.0,128.0,129.0,131.0,131.0,131.0,131.0,131.0,131.0,131.0,129.0,127.0,125.0,123.0,122.0,121.0,120.0,119.0,118.0,118.0,118.0,118.0,118.66666666666667,118.66666666666667,118.66666666666667,118.66666666666667,118.66666666666667,119.66666666666667,120.0,121.0,120.0,119.66666666666667,118.66666666666667,118.66666666666667,118.0,118.0,119.0,119.0,120.0,118.0,117.0,118.0,119.0,120.0,120.0,118.0,119.0,119.0,119.0,120.0,120.0,120.0,119.0,119.0,114.66666666666667,113.0,113.0,116.0,121.0,122.0,118.0,114.0,114.0,114.0,115.0,116.0,116.0,116.0,116.0,116.0,120.0,120.0,119.0,119.0,119.0,119.0,120.0,120.0,119.0,119.0,118.0,117.0,116.0,116.0,116.0,117.0,117.0,117.0,118.0,119.0,120.0,120.66666666666667,121.66666666666667,121.66666666666667,120.66666666666667,119.0,117.0,116.0,115.33333333333333,115.33333333333333,116.33333333333333,116.33333333333333,117.0,116.0,116.0,115.0,115.0,115.0,116.0,116.0,115.0,115.0,115.0,115.0,115.0,114.0,112.0,111.66666666666667,112.0,110.33333333333333,108.66666666666667,109.33333333333333,109.66666666666667,109.33333333333333,107.66666666666667,106.33333333333333,105.66666666666667,106.33333333333333,108.66666666666667,109.33333333333333,109.66666666666667,113.33333333333333,118.66666666666667,123.33333333333333,124.66666666666667,122.33333333333333,120.66666666666667,116.33333333333333,113.66666666666667,111.33333333333333,110.66666666666667,109.33333333333333,110.66666666666667,111.33333333333333,113.66666666666667,116.33333333333333,120.66666666666667,124.33333333333333,127.66666666666667,129.33333333333334,129.66666666666666,131.0,132.0,134.0,135.0,135.0,126.0,126.0,126.0,125.0,122.0,119.0,116.0,114.0,119.0,118.0,117.0,115.0,114.0,114.0,114.0,114.0,115.66666666666667,114.66666666666667,114.66666666666667,113.66666666666667,114.66666666666667,116.66666666666667,118.0,120.0,119.66666666666667,118.66666666666667,117.66666666666667,117.66666666666667,117.66666666666667,117.0,118.66666666666667,118.66666666666667,120.0,119.0,117.0,118.0,119.0,120.0,119.0,116.66666666666667,121.0,121.0,122.0,123.0,123.0,122.0,122.0,122.0,112.66666666666667,110.66666666666667,110.66666666666667,115.66666666666667,120.66666666666667,121.66666666666667,116.66666666666667,110.66666666666667,115.66666666666667,116.66666666666667,117.66666666666667,118.66666666666667,118.66666666666667,118.66666666666667,118.66666666666667,118.66666666666667,120.66666666666667,120.66666666666667,120.0,118.66666666666667,119.0,119.66666666666667,120.0,120.66666666666667,120.0,119.66666666666667,119.0,117.66666666666667,117.0,116.66666666666667,117.0,118.0,118.0,118.0,119.0,119.0,119.0,120.0,119.66666666666667,119.66666666666667,121.66666666666667,119.66666666666667,118.66666666666667,116.0,116.0,116.0,117.0,118.0,117.0,116.0,116.66666666666667,115.0,114.66666666666667,115.0,115.66666666666667,115.0,115.66666666666667,115.0,115.66666666666667,116.0,116.66666666666667,115.0,114.66666666666667,113.0,112.0,109.66666666666667,107.66666666666667,106.66666666666667,106.66666666666667,105.66666666666667,103.66666666666667,101.66666666666667,100.66666666666667,102.66666666666667,104.66666666666667,104.66666666666667,103.66666666666667,106.66666666666667,112.66666666666667,117.66666666666667,116.66666666666667,115.66666666666667,112.66666666666667,109.66666666666667,107.66666666666667,107.66666666666667,107.66666666666667,107.66666666666667,110.66666666666667,111.66666666666667,112.66666666666667,114.33333333333333,118.66666666666667,123.33333333333333,127.66666666666667,129.33333333333334,129.33333333333334,130.33333333333334,131.66666666666666,133.33333333333334,134.66666666666666,134.33333333333334,122.66666666666667,121.66666666666667,120.66666666666667,118.66666666666667,117.66666666666667,115.66666666666667,114.66666666666667,113.66666666666667,112.66666666666667,113.66666666666667,114.66666666666667,115.66666666666667,116.66666666666667,117.66666666666667,118.66666666666667,118.66666666666667,118.66666666666667,118.66666666666667,118.66666666666667,118.66666666666667,117.66666666666667,117.66666666666667,117.66666666666667,117.66666666666667,116.66666666666667,117.66666666666667,118.66666666666667,119.66666666666667,120.66666666666667,120.0,120.66666666666667,120.0,120.66666666666667,119.66666666666667,119.66666666666667,118.66666666666667,119.0,120.0,120.0,121.0,123.0,122.66666666666667,122.66666666666667,124.66666666666667,126.66666666666667,126.66666666666667,124.0,121.0,114.66666666666667,111.66666666666667,109.66666666666667,110.66666666666667,114.66666666666667,117.66666666666667,117.66666666666667,117.66666666666667,118.66666666666667,120.66666666666667,121.66666666666667,121.66666666666667,119.66666666666667,117.66666666666667,117.66666666666667,118.66666666666667,120.66666666666667,119.66666666666667,120.0,118.66666666666667,119.0,119.66666666666667,120.0,120.66666666666667,121.0,120.66666666666667,121.0,119.66666666666667,120.0,118.66666666666667,119.0,119.0,119.66666666666667,119.66666666666667,120.66666666666667,121.66666666666667,121.66666666666667,121.66666666666667,120.66666666666667,120.66666666666667,117.66666666666667,117.66666666666667,117.66666666666667,117.0,117.0,117.0,117.0,117.0,117.0,117.0,118.0,116.0,116.0,115.0,116.0,114.0,117.0,116.0,116.0,115.0,115.0,114.0,115.0,114.66666666666667,110.33333333333333,110.0,109.0,107.0,106.0,104.0,103.0,102.0,103.0,101.0,99.0,102.0,105.0,107.0,106.0,104.33333333333333,106.33333333333333,107.0,107.33333333333333,107.33333333333333,107.33333333333333,107.33333333333333,106.0,106.0,108.0,110.0,112.0,113.66666666666667,118.0,119.66666666666667,122.0,123.66666666666667,127.33333333333333,127.33333333333333,129.33333333333334,130.33333333333334,131.33333333333334,131.33333333333334,124.66666666666667,123.66666666666667,122.66666666666667,121.66666666666667,119.66666666666667,118.66666666666667,117.66666666666667,116.66666666666667,117.66666666666667,117.66666666666667,118.66666666666667,119.66666666666667,120.66666666666667,121.66666666666667,122.66666666666667,122.66666666666667,122.66666666666667,121.66666666666667,121.66666666666667,121.66666666666667,120.66666666666667,120.66666666666667,120.66666666666667,120.66666666666667,120.66666666666667,120.66666666666667,121.66666666666667,122.66666666666667,122.66666666666667,122.66666666666667,121.66666666666667,121.66666666666667,120.66666666666667,119.66666666666667,119.66666666666667,118.66666666666667,119.0,120.0,120.0,121.0,122.66666666666667,121.66666666666667,121.33333333333333,124.33333333333333,127.33333333333333,130.33333333333334,131.33333333333334,131.33333333333334,126.33333333333333,123.33333333333333,119.33333333333333,118.33333333333333,117.33333333333333,117.33333333333333,117.33333333333333,116.33333333333333,120.33333333333333,122.33333333333333,123.33333333333333,123.33333333333333,121.33333333333333,119.33333333333333,119.33333333333333,120.33333333333333,120.66666666666667,119.66666666666667,119.66666666666667,118.66666666666667,118.66666666666667,119.66666666666667,119.66666666666667,120.66666666666667,120.66666666666667,120.66666666666667,120.66666666666667,119.66666666666667,119.66666666666667,119.66666666666667,118.66666666666667,118.66666666666667,119.66666666666667,120.66666666666667,120.66666666666667,121.66666666666667,121.66666666666667,120.66666666666667,120.66666666666667,119.66666666666667,117.66666666666667,117.66666666666667,117.66666666666667,117.66666666666667,117.66666666666667,117.66666666666667,117.66666666666667,117.66666666666667,118.66666666666667,118.66666666666667,118.66666666666667,117.66666666666667,117.66666666666667,116.66666666666667,116.66666666666667,116.66666666666667,117.66666666666667,117.66666666666667,117.66666666666667,116.66666666666667,116.66666666666667,115.66666666666667,115.66666666666667,115.0,113.66666666666667,113.0,112.0,111.0,110.0,109.0,108.0,108.0,108.0,106.0,104.0,105.0,107.0,108.0,106.0,104.0,106.0,106.0,107.66666666666667,108.66666666666667,108.66666666666667,109.66666666666667,108.0,108.0,109.0,110.0,110.33333333333333,113.33333333333333,115.33333333333333,117.33333333333333,119.33333333333333,121.0,124.0,124.66666666666667,126.66666666666667,127.66666666666667,128.66666666666666,128.66666666666666,126.66666666666667,126.66666666666667,125.66666666666667,124.66666666666667,123.66666666666667,122.66666666666667,122.66666666666667,121.66666666666667,124.66666666666667,124.66666666666667,123.66666666666667,124.66666666666667,124.66666666666667,125.66666666666667,126.66666666666667,127.66666666666667,126.66666666666667,125.66666666666667,125.66666666666667,125.66666666666667,124.66666666666667,124.66666666666667,123.66666666666667,123.66666666666667,123.66666666666667,124.66666666666667,124.66666666666667,124.66666666666667,124.66666666666667,123.66666666666667,123.66666666666667,122.66666666666667,120.66666666666667,120.66666666666667,119.66666666666667,119.66666666666667,120.0,120.0,121.0,121.0,121.66666666666667,120.66666666666667,120.33333333333333,123.33333333333333,130.33333333333334,138.33333333333334,144.33333333333334,146.33333333333334,145.33333333333334,142.33333333333334,136.33333333333334,129.33333333333334,123.33333333333333,118.33333333333333,116.33333333333333,114.33333333333333,122.33333333333333,123.33333333333333,125.33333333333333,124.33333333333333,123.33333333333333,121.33333333333333,121.33333333333333,122.33333333333333,120.66666666666667,120.66666666666667,119.66666666666667,119.66666666666667,119.66666666666667,119.66666666666667,120.66666666666667,120.66666666666667,120.66666666666667,120.66666666666667,120.66666666666667,120.66666666666667,119.66666666666667,119.66666666666667,119.66666666666667,118.66666666666667,119.66666666666667,120.66666666666667,120.66666666666667,121.66666666666667,121.66666666666667,120.66666666666667,119.66666666666667,119.66666666666667,117.66666666666667,117.66666666666667,117.66666666666667,117.66666666666667,117.66666666666667,118.66666666666667,118.66666666666667,118.66666666666667,120.66666666666667,119.66666666666667,119.66666666666667,119.66666666666667,119.66666666666667,118.66666666666667,118.66666666666667,118.66666666666667,119.66666666666667,119.66666666666667,119.66666666666667,118.66666666666667,118.66666666666667,118.66666666666667,117.66666666666667,117.0,117.66666666666667,117.0,117.0,116.0,116.0,115.0,115.0,115.0,115.0,113.0,111.0,110.0,110.0,109.0,107.0,105.0,107.0,108.0,109.0,111.0,111.66666666666667,111.66666666666667,112.66666666666667,111.66666666666667,110.0,111.0,111.33333333333333,112.33333333333333,114.33333333333333,116.33333333333333,117.33333333333333,118.0,120.0,121.66666666666667,122.66666666666667,123.66666666666667,124.66666666666667,125.66666666666667,129.66666666666666,129.66666666666666,128.66666666666666,128.66666666666666,128.66666666666666,127.66666666666667,127.66666666666667,127.66666666666667,129.66666666666666,128.66666666666666,127.66666666666667,127.66666666666667,127.66666666666667,128.66666666666666,129.66666666666666,130.66666666666666,128.66666666666666,128.66666666666666,127.66666666666667,127.66666666666667,126.66666666666667,125.66666666666667,125.66666666666667,125.66666666666667,125.66666666666667,125.66666666666667,126.66666666666667,126.66666666666667,125.66666666666667,124.66666666666667,123.66666666666667,122.66666666666667,121.66666666666667,120.66666666666667,119.66666666666667,119.66666666666667,120.0,120.0,121.0,122.0,121.66666666666667,119.66666666666667,118.33333333333333,123.33333333333333,133.33333333333334,145.33333333333334,156.33333333333334,162.33333333333334,164.33333333333334,161.33333333333334,154.33333333333334,142.33333333333334,129.33333333333334,119.33333333333333,114.33333333333333,113.33333333333333,121.33333333333333,123.33333333333333,125.33333333333333,125.33333333333333,123.33333333333333,122.33333333333333,122.33333333333333,123.33333333333333,121.66666666666667,120.66666666666667,119.66666666666667,119.66666666666667,119.66666666666667,119.66666666666667,120.66666666666667,121.66666666666667,121.66666666666667,121.66666666666667,120.66666666666667,120.66666666666667,120.66666666666667,119.66666666666667,119.66666666666667,119.66666666666667,120.66666666666667,120.66666666666667,121.66666666666667,121.66666666666667,121.66666666666667,120.66666666666667,119.66666666666667,118.66666666666667,117.66666666666667,117.66666666666667,117.66666666666667,118.66666666666667,118.66666666666667,118.66666666666667,118.66666666666667,119.66666666666667,121.66666666666667,121.66666666666667,121.66666666666667,121.66666666666667,120.66666666666667,120.66666666666667,120.66666666666667,120.66666666666667,121.66666666666667,121.66666666666667,121.66666666666667,121.66666666666667,120.66666666666667,120.66666666666667,119.66666666666667,119.0,120.66666666666667,120.0,120.0,120.0,120.0,120.0,120.0,120.0,120.0,118.0,117.0,115.0,114.0,112.0,111.0,110.66666666666667,113.0,114.0,115.0,115.0,115.66666666666667,115.66666666666667,114.66666666666667,114.66666666666667,113.0,113.0,113.33333333333333,114.33333333333333,115.33333333333333,115.33333333333333,116.33333333333333,117.0,119.0,119.66666666666667,121.66666666666667,122.66666666666667,123.66666666666667,123.66666666666667,130.66666666666666,130.66666666666666,130.66666666666666,131.66666666666666,131.66666666666666,131.66666666666666,131.66666666666666,132.66666666666666,131.66666666666666,130.66666666666666,128.66666666666666,127.66666666666667,127.66666666666667,128.66666666666666,129.66666666666666,130.66666666666666,129.66666666666666,128.66666666666666,128.66666666666666,127.66666666666667,126.66666666666667,125.66666666666667,124.66666666666667,124.66666666666667,125.66666666666667,125.66666666666667,125.66666666666667,125.66666666666667,124.66666666666667,123.66666666666667,122.66666666666667,121.66666666666667,121.66666666666667,121.66666666666667,120.66666666666667,119.66666666666667,120.0,121.0,122.0,122.0,121.66666666666667,118.66666666666667,117.33333333333333,122.33333333333333,135.33333333333334,151.33333333333334,165.33333333333334,174.33333333333334,178.33333333333334,176.33333333333334,167.33333333333334,152.33333333333334,133.33333333333334,120.33333333333333,114.33333333333333,113.33333333333333,119.33333333333333,121.33333333333333,123.33333333333333,123.33333333333333,122.33333333333333,121.33333333333333,121.33333333333333,122.33333333333333,121.66666666666667,121.66666666666667,120.66666666666667,119.66666666666667,119.66666666666667,120.66666666666667,121.66666666666667,121.66666666666667,121.66666666666667,121.66666666666667,121.66666666666667,120.66666666666667,120.66666666666667,120.66666666666667,119.66666666666667,119.66666666666667,121.66666666666667,121.66666666666667,121.66666666666667,121.66666666666667,121.66666666666667,120.66666666666667,119.66666666666667,118.66666666666667,117.66666666666667,117.66666666666667,117.66666666666667,118.66666666666667,118.66666666666667,119.66666666666667,119.66666666666667,120.66666666666667,121.66666666666667,121.66666666666667,122.66666666666667,122.66666666666667,122.66666666666667,122.66666666666667,122.66666666666667,122.66666666666667,123.66666666666667,123.66666666666667,123.66666666666667,122.66666666666667,122.66666666666667,121.66666666666667,121.66666666666667,121.0,120.66666666666667,120.66666666666667,121.66666666666667,121.66666666666667,121.66666666666667,121.66666666666667,122.66666666666667,122.66666666666667,120.66666666666667,120.66666666666667,120.66666666666667,119.66666666666667,117.66666666666667,116.66666666666667,116.66666666666667,116.66666666666667,122.0,122.0,121.0,121.0,120.0,118.0,116.66666666666667,115.66666666666667,116.0,116.0,116.0,117.0,116.33333333333333,116.33333333333333,117.33333333333333,118.0,119.0,120.0,121.0,122.0,123.0,124.0,130.66666666666666,130.66666666666666,131.66666666666666,132.66666666666666,133.66666666666666,133.66666666666666,134.66666666666666,135.66666666666666,132.66666666666666,131.66666666666666,128.66666666666666,126.66666666666667,125.66666666666667,126.66666666666667,128.66666666666666,129.66666666666666,128.66666666666666,128.66666666666666,127.66666666666667,126.66666666666667,125.66666666666667,124.66666666666667,123.66666666666667,123.66666666666667,123.66666666666667,124.66666666666667,124.66666666666667,124.66666666666667,124.66666666666667,123.66666666666667,123.66666666666667,122.66666666666667,121.66666666666667,121.66666666666667,120.66666666666667,120.66666666666667,121.0,121.0,122.0,122.0,122.66666666666667,119.66666666666667,117.33333333333333,122.33333333333333,136.33333333333334,154.33333333333334,170.33333333333334,179.33333333333334,185.33333333333334,183.33333333333334,175.33333333333334,157.33333333333334,135.33333333333334,119.33333333333333,114.33333333333333,114.33333333333333,117.33333333333333,119.33333333333333,122.33333333333333,122.33333333333333,120.33333333333333,120.33333333333333,120.33333333333333,121.33333333333333,121.66666666666667,121.66666666666667,120.66666666666667,120.66666666666667,120.66666666666667,120.66666666666667,121.66666666666667,121.66666666666667,122.66666666666667,121.66666666666667,121.66666666666667,121.66666666666667,120.66666666666667,120.66666666666667,120.66666666666667,120.66666666666667,121.66666666666667,121.66666666666667,121.66666666666667,121.66666666666667,120.66666666666667,119.66666666666667,118.66666666666667,117.66666666666667,117.66666666666667,117.66666666666667,118.66666666666667,118.66666666666667,119.66666666666667,120.66666666666667,120.66666666666667,120.66666666666667,121.66666666666667,122.66666666666667,122.66666666666667,122.66666666666667,122.66666666666667,123.66666666666667,123.66666666666667,123.66666666666667,124.66666666666667,124.66666666666667,123.66666666666667,123.66666666666667,123.66666666666667,122.66666666666667,122.66666666666667,122.0,121.0,120.66666666666667,121.66666666666667,121.66666666666667,121.66666666666667,121.66666666666667,121.66666666666667,121.66666666666667,120.66666666666667,121.66666666666667,122.66666666666667,121.66666666666667,119.66666666666667,118.66666666666667,118.66666666666667,119.66666666666667,126.0,126.0,125.0,124.0,122.0,120.0,117.66666666666667,116.66666666666667,117.0,117.0,117.0,118.0,117.33333333333333,117.33333333333333,118.33333333333333,119.0,120.0,121.0,122.0,123.0,124.0,125.0
