Occupied,83.0,83.0,84.0,84.0,83.0,82.0,81.0,80.0,75.0,80.0,84.0,84.0,81.0,77.0,76.0,76.0,78.66666666666667,83.66666666666667,87.66666666666667,87.66666666666667,84.66666666666667,81.66666666666667,82.66666666666667,83.66666666666667,78.66666666666667,79.66666666666667,81.66666666666667,83.66666666666667,84.66666666666667,84.66666666666667,83.66666666666667,82.66666666666667,80.0,80.0,80.0,81.0,81.0,81.0,81.0,81.0,77.0,77.0,77.0,77.0,78.0,80.0,81.0,82.0,83.0,83.0,82.0,82.0,82.0,83.0,84.0,84.0,80.0,81.0,82.0,83.0,83.0,82.0,81.0,80.33333333333333,82.33333333333333,80.66666666666667,78.66666666666667,81.33333333333333,92.0,102.0,101.33333333333333,93.66666666666667,87.66666666666667,82.33333333333333,78.66666666666667,81.33333333333333,82.0,80.33333333333333,81.33333333333333,84.0,83.33333333333333,83.0,82.0,82.0,82.0,83.0,83.33333333333333,84.33333333333333,86.0,86.0,87.0,88.0,88.33333333333333,89.33333333333333,89.33333333333333,90.33333333333333,91.0,89.0,86.0,85.0,91.0,102.0,106.0,105.0,96.0,91.0,89.0,92.0,93.0,90.0,89.0,90.0,90.0,92.0,94.0,92.0,90.0,92.0,99.0,106.0,104.0,102.0,97.0,92.0,93.0,96.0,95.0,89.33333333333333,82.66666666666667,85.0,87.0,88.0,87.66666666666667,88.66666666666667,93.0,96.0,98.66666666666667,96.66666666666667,94.0,91.0,89.0,88.0,88.0,88.0,91.0,92.0,93.0,94.0,95.0,95.0,85.0,84.66666666666667,86.0,85.66666666666667,85.0,83.66666666666667,83.0,82.66666666666667,84.0,86.66666666666667,90.0,88.66666666666667,85.0,80.66666666666667,79.0,79.0,82.0,84.66666666666667,87.66666666666667,88.66666666666667,86.66666666666667,85.66666666666667,84.66666666666667,84.66666666666667,82.66666666666667,82.66666666666667,83.66666666666667,83.66666666666667,83.66666666666667,83.66666666666667,83.66666666666667,82.0,82.0,82.0,82.0,82.0,82.0,82.0,82.0,82.0,81.0,81.0,81.0,81.0,81.0,82.0,84.0,84.0,82.0,81.33333333333333,81.0,80.33333333333333,81.0,81.33333333333333,82.0,82.33333333333333,80.0,79.33333333333333,80.0,80.33333333333333,81.0,81.33333333333333,82.0,82.33333333333333,82.66666666666667,81.66666666666667,81.66666666666667,84.33333333333333,94.0,103.0,101.33333333333333,93.66666666666667,84.33333333333333,80.33333333333333,79.66666666666667,84.33333333333333,86.0,83.33333333333333,82.33333333333333,84.0,84.33333333333333,83.0,83.0,82.0,82.0,83.0,83.33333333333333,83.33333333333333,85.0,86.0,87.0,88.0,88.33333333333333,90.33333333333333,91.33333333333333,91.33333333333333,92.0,90.0,87.0,85.0,91.0,101.0,104.0,102.0,93.0,89.0,88.0,91.0,93.0,91.0,90.0,92.0,88.0,90.0,91.0,88.0,85.0,86.0,92.0,98.0,101.0,101.0,97.0,94.0,95.0,99.0,97.0,91.33333333333333,85.66666666666667,87.0,89.0,89.0,88.66666666666667,89.66666666666667,94.0,97.0,98.66666666666667,96.66666666666667,95.0,92.0,90.0,89.0,88.0,88.0,90.0,91.0,92.0,94.0,94.0,95.0,88.66666666666667,88.33333333333333,89.66666666666667,89.33333333333333,88.66666666666667,88.33333333333333,87.66666666666667,86.33333333333333,89.66666666666667,92.33333333333333,94.66666666666667,93.33333333333333,91.66666666666667,89.33333333333333,88.66666666666667,88.66666666666667,90.0,90.0,91.0,92.0,94.0,93.0,91.0,89.0,88.0,87.0,86.0,85.0,84.0,84.0,84.0,84.0,84.0,83.33333333333333,84.0,83.33333333333333,84.0,83.33333333333333,84.0,83.33333333333333,85.0,83.33333333333333,84.0,82.33333333333333,84.0,83.33333333333333,85.0,85.33333333333333,82.33333333333333,81.66666666666667,81.33333333333333,79.66666666666667,80.33333333333333,80.66666666666667,81.33333333333333,81.66666666666667,80.33333333333333,79.66666666666667,80.33333333333333,79.66666666666667,80.33333333333333,80.66666666666667,82.33333333333333,82.66666666666667,81.66666666666667,82.66666666666667,84.33333333333333,87.33333333333333,97.0,105.0,102.33333333333333,95.66666666666667,81.33333333333333,79.33333333333333,80.66666666666667,86.33333333333333,90.0,86.33333333333333,84.33333333333333,85.0,85.33333333333333,84.0,84.0,83.0,83.0,83.0,83.33333333333333,83.33333333333333,85.0,86.0,87.0,88.0,88.33333333333333,89.33333333333333,90.33333333333333,90.33333333333333,92.0,91.0,87.0,85.0,90.0,98.0,100.0,97.0,89.0,85.0,84.0,89.0,92.0,91.0,91.0,94.0,90.0,91.0,90.0,87.0,83.0,82.0,86.0,90.0,96.0,98.0,98.0,96.0,97.0,101.0,99.0,94.33333333333333,90.0,90.66666666666667,91.66666666666667,91.66666666666667,90.66666666666667,91.66666666666667,95.0,97.0,98.66666666666667,96.66666666666667,95.0,93.0,91.0,89.0,89.33333333333333,89.33333333333333,90.0,91.0,92.0,93.0,94.0,94.0,93.33333333333333,92.66666666666667,94.33333333333333,93.66666666666667,94.33333333333333,92.66666666666667,92.33333333333333,91.66666666666667,92.33333333333333,92.66666666666667,95.33333333333333,96.66666666666667,98.33333333333333,98.66666666666667,100.33333333333333,100.33333333333333,101.0,99.0,98.0,100.0,103.0,103.0,100.0,97.0,96.0,94.0,91.0,89.0,87.0,87.0,87.0,87.0,88.33333333333333,87.66666666666667,88.33333333333333,87.66666666666667,87.33333333333333,86.66666666666667,87.33333333333333,86.66666666666667,87.33333333333333,85.66666666666667,85.33333333333333,84.66666666666667,85.33333333333333,84.66666666666667,85.33333333333333,85.66666666666667,86.66666666666667,85.33333333333333,84.66666666666667,83.33333333333333,83.66666666666667,83.33333333333333,84.66666666666667,84.33333333333333,84.66666666666667,84.33333333333333,85.66666666666667,85.33333333333333,84.66666666666667,83.33333333333333,82.66666666666667,81.33333333333333,79.66666666666667,82.33333333333333,85.33333333333333,90.0,99.0,106.33333333333333,104.66666666666667,98.66666666666667,82.33333333333333,79.33333333333333,80.66666666666667,86.66666666666667,90.0,88.33333333333333,87.33333333333333,89.0,87.33333333333333,86.0,85.0,84.0,84.0,84.0,83.33333333333333,83.33333333333333,87.0,87.0,87.0,87.0,86.33333333333333,86.33333333333333,86.33333333333333,86.33333333333333,90.0,89.0,86.0,84.0,88.0,95.0,95.0,91.0,84.0,79.0,79.0,84.0,88.0,89.0,90.0,93.0,94.0,94.0,92.0,89.0,85.0,83.0,85.0,87.0,90.0,94.0,96.0,96.0,98.0,101.0,99.0,94.33333333333333,91.0,91.66666666666667,92.66666666666667,92.66666666666667,92.66666666666667,92.66666666666667,94.0,95.0,96.66666666666667,95.66666666666667,95.0,93.0,91.0,90.0,89.33333333333333,88.33333333333333,91.0,92.0,93.0,94.0,95.0,95.0,97.66666666666667,97.0,98.66666666666667,99.0,99.66666666666667,98.0,98.66666666666667,97.0,95.66666666666667,95.0,96.66666666666667,97.0,100.66666666666667,102.0,104.66666666666667,105.66666666666667,105.66666666666667,103.33333333333333,102.33333333333333,103.33333333333333,106.33333333333333,107.33333333333333,104.33333333333333,101.33333333333333,101.33333333333333,99.33333333333333,96.33333333333333,94.33333333333333,92.33333333333333,92.33333333333333,92.33333333333333,91.66666666666667,94.66666666666667,94.33333333333333,94.66666666666667,93.33333333333333,93.66666666666667,92.33333333333333,92.66666666666667,91.33333333333333,92.66666666666667,92.33333333333333,91.66666666666667,90.33333333333333,90.66666666666667,90.33333333333333,91.66666666666667,91.33333333333333,93.33333333333333,93.0,92.33333333333333,91.0,90.33333333333333,90.0,90.33333333333333,91.0,90.33333333333333,92.0,94.33333333333333,95.0,93.33333333333333,89.0,85.33333333333333,82.0,78.66666666666667,83.33333333333333,87.33333333333333,93.33333333333333,101.0,109.33333333333333,109.0,104.0,88.33333333333333,84.33333333333333,82.66666666666667,86.66666666666667,90.33333333333333,90.33333333333333,92.0,94.0,90.33333333333333,89.0,88.0,87.0,86.0,85.0,84.33333333333333,84.33333333333333,88.0,88.0,87.0,86.0,83.33333333333333,82.33333333333333,81.33333333333333,81.33333333333333,86.0,86.0,84.0,83.0,87.0,93.0,93.0,88.0,80.0,75.0,75.0,79.0,84.0,85.0,87.0,91.0,95.0,94.0,92.0,89.0,86.0,85.0,86.0,87.0,86.0,91.0,95.0,95.0,96.0,98.0,97.0,92.33333333333333,90.0,90.66666666666667,91.66666666666667,93.66666666666667,95.0,95.0,94.0,92.0,94.66666666666667,94.66666666666667,94.0,93.0,91.33333333333333,90.33333333333333,88.33333333333333,88.33333333333333,92.33333333333333,93.33333333333333,94.33333333333333,95.33333333333333,96.33333333333333,96.33333333333333,102.0,102.0,103.0,104.0,104.0,104.0,104.0,103.0,103.0,101.0,98.0,98.0,101.0,103.0,104.0,103.0,104.33333333333333,103.33333333333333,102.33333333333333,103.33333333333333,104.33333333333333,104.33333333333333,104.33333333333333,103.33333333333333,104.33333333333333,103.33333333333333,102.33333333333333,101.33333333333333,100.33333333333333,99.33333333333333,99.33333333333333,99.33333333333333,102.33333333333333,101.0,101.0,100.0,100.0,99.0,98.0,98.0,100.0,100.0,99.0,99.0,99.0,100.0,101.0,101.0,102.0,100.33333333333333,99.33333333333333,98.33333333333333,97.33333333333333,97.33333333333333,97.33333333333333,97.33333333333333,96.33333333333333,98.33333333333333,100.33333333333333,100.33333333333333,98.33333333333333,94.33333333333333,90.33333333333333,87.33333333333333,84.33333333333333,89.33333333333333,93.33333333333333,97.0,103.33333333333333,111.0,112.0,108.33333333333333,97.33333333333333,91.33333333333333,88.66666666666667,91.66666666666667,94.33333333333333,94.33333333333333,95.0,98.0,94.33333333333333,93.0,91.0,89.0,88.0,87.0,86.33333333333333,86.33333333333333,89.0,89.0,87.0,86.0,83.33333333333333,81.33333333333333,80.33333333333333,79.33333333333333,83.0,84.0,84.0,84.0,89.0,95.0,94.0,89.0,80.0,75.0,73.0,77.0,81.0,82.0,84.0,88.0,90.0,89.0,88.0,87.0,86.0,86.0,86.0,86.0,85.0,92.0,95.0,94.0,93.0,95.0,95.0,91.33333333333333,88.0,88.66666666666667,92.66666666666667,96.66666666666667,99.0,98.0,94.0,90.0,92.66666666666667,92.66666666666667,93.0,92.0,91.33333333333333,89.33333333333333,87.33333333333333,86.33333333333333,91.33333333333333,92.33333333333333,93.33333333333333,94.33333333333333,95.33333333333333,96.33333333333333,104.33333333333333,105.33333333333333,106.33333333333333,107.33333333333333,107.33333333333333,107.33333333333333,107.33333333333333,107.33333333333333,105.33333333333333,102.33333333333333,98.33333333333333,98.33333333333333,101.33333333333333,103.33333333333333,104.33333333333333,104.33333333333333,104.33333333333333,104.33333333333333,105.33333333333333,104.33333333333333,103.33333333333333,103.33333333333333,104.33333333333333,106.33333333333333,106.33333333333333,107.33333333333333,107.33333333333333,108.33333333333333,108.33333333333333,108.33333333333333,107.33333333333333,107.0,108.0,108.0,107.0,107.0,106.0,105.0,104.0,104.0,105.0,105.0,105.0,105.0,106.0,107.0,108.0,108.33333333333333,107.33333333333333,106.33333333333333,105.33333333333333,104.33333333333333,103.33333333333333,102.33333333333333,102.33333333333333,103.33333333333333,101.33333333333333,101.33333333333333,101.33333333333333,101.33333333333333,100.33333333333333,99.33333333333333,98.33333333333333,97.33333333333333,95.0,99.0,101.0,101.33333333333333,106.33333333333333,112.33333333333333,114.0,111.33333333333333,105.33333333333333,99.66666666666667,97.66666666666667,100.66666666666667,102.33333333333333,99.33333333333333,99.33333333333333,99.33333333333333,97.33333333333333,96.0,94.0,92.0,90.0,89.0,87.33333333333333,87.33333333333333,89.0,88.0,88.0,87.0,85.33333333333333,84.33333333333333,83.33333333333333,83.33333333333333,82.0,84.0,85.0,86.0,93.0,99.0,98.0,93.0,83.0,77.0,74.0,77.0,80.0,80.0,83.0,86.0,86.0,85.0,85.0,86.0,87.0,88.0,89.0,88.0,88.0,94.0,97.0,94.0,92.0,93.0,93.0,91.33333333333333,86.33333333333333,89.0,94.0,101.0,104.0,103.0,96.33333333333333,90.33333333333333,89.66666666666667,90.66666666666667,91.33333333333333,91.33333333333333,90.33333333333333,88.33333333333333,87.0,85.0,89.33333333333333,90.33333333333333,91.33333333333333,92.33333333333333,93.33333333333333,93.33333333333333,106.0,107.0,108.0,109.0,110.0,110.0,109.0,109.0,104.0,100.0,97.0,98.0,102.0,107.0,108.0,109.0,104.33333333333333,106.33333333333333,109.0,106.33333333333333,104.0,102.33333333333333,106.0,108.33333333333333,107.0,107.33333333333333,110.0,111.33333333333333,113.0,112.33333333333333,112.0,110.33333333333333,111.33333333333333,111.33333333333333,110.33333333333333,109.33333333333333,108.33333333333333,108.33333333333333,107.33333333333333,106.33333333333333,105.33333333333333,105.33333333333333,105.33333333333333,105.33333333333333,106.33333333333333,108.33333333333333,109.33333333333333,109.66666666666667,109.66666666666667,108.66666666666667,107.66666666666667,106.66666666666667,105.66666666666667,104.66666666666667,104.66666666666667,104.66666666666667,103.66666666666667,101.66666666666667,99.66666666666667,98.66666666666667,98.66666666666667,100.66666666666667,103.66666666666667,105.66666666666667,103.33333333333333,106.33333333333333,107.33333333333333,105.33333333333333,108.33333333333333,112.66666666666667,114.33333333333333,112.33333333333333,108.66666666666667,104.66666666666667,104.66666666666667,108.66666666666667,109.66666666666667,104.33333333333333,101.33333333333333,101.0,99.33333333333333,98.0,96.0,94.0,92.0,90.0,88.33333333333333,88.33333333333333,88.0,88.0,88.0,88.0,87.33333333333333,87.33333333333333,88.33333333333333,88.33333333333333,82.0,85.0,86.0,89.0,96.0,102.0,102.0,96.0,85.0,79.0,76.0,78.0,80.0,80.0,82.0,86.0,84.0,84.0,84.0,87.0,90.0,92.0,92.0,92.0,91.0,97.0,99.0,95.0,91.0,92.0,93.0,91.33333333333333,86.33333333333333,89.0,96.0,104.0,108.0,106.0,98.33333333333333,91.33333333333333,88.66666666666667,88.66666666666667,90.33333333333333,90.33333333333333,89.33333333333333,87.33333333333333,86.0,84.0,87.33333333333333,88.33333333333333,89.33333333333333,90.33333333333333,91.33333333333333,91.33333333333333,109.33333333333333,109.33333333333333,109.33333333333333,111.33333333333333,113.33333333333333,114.33333333333333,113.33333333333333,111.33333333333333,110.33333333333333,103.33333333333333,98.33333333333333,98.33333333333333,104.33333333333333,109.33333333333333,109.33333333333333,108.33333333333333,104.66666666666667,106.0,106.33333333333333,106.0,107.33333333333333,108.0,108.33333333333333,108.0,108.33333333333333,110.0,111.33333333333333,112.0,113.33333333333333,112.0,111.33333333333333,111.0,112.0,113.0,114.0,114.0,113.0,112.0,110.0,109.0,111.0,111.0,110.0,110.0,110.0,109.0,109.0,109.0,113.0,111.33333333333333,111.33333333333333,110.33333333333333,108.33333333333333,107.33333333333333,107.33333333333333,106.33333333333333,106.33333333333333,106.33333333333333,106.33333333333333,106.33333333333333,105.33333333333333,105.33333333333333,105.33333333333333,106.0,110.0,110.0,110.0,111.0,110.66666666666667,110.66666666666667,111.66666666666667,111.33333333333333,107.66666666666667,109.66666666666667,111.66666666666667,112.66666666666667,112.66666666666667,111.66666666666667,109.66666666666667,108.0,103.33333333333333,101.0,97.0,92.0,87.0,86.0,86.33333333333333,88.33333333333333,89.0,90.0,92.0,91.0,89.33333333333333,87.33333333333333,87.33333333333333,88.33333333333333,87.0,86.0,87.0,91.0,97.0,101.0,101.0,100.0,89.0,84.0,79.0,77.0,79.0,82.0,83.0,83.0,79.0,81.0,85.0,88.0,91.0,93.0,94.0,94.0,95.0,96.0,101.0,105.0,99.0,89.0,87.0,91.33333333333333,91.33333333333333,90.0,95.0,105.0,110.33333333333333,108.33333333333333,103.33333333333333,101.33333333333333,91.33333333333333,93.33333333333333,94.0,91.0,86.0,84.0,86.0,88.0,91.0,93.0,94.0,93.0,90.0,87.0,112.33333333333333,110.33333333333333,110.33333333333333,110.33333333333333,112.33333333333333,111.33333333333333,109.33333333333333,107.33333333333333,106.33333333333333,104.33333333333333,102.33333333333333,104.33333333333333,107.33333333333333,109.33333333333333,107.33333333333333,105.66666666666667,107.0,107.0,107.0,108.0,108.0,108.0,109.0,109.0,108.0,109.0,111.0,112.0,112.0,112.0,111.0,110.0,112.0,112.0,113.0,113.0,113.0,112.0,111.0,111.0,111.0,111.0,111.0,110.0,110.0,110.0,109.0,109.0,110.33333333333333,110.33333333333333,110.33333333333333,110.33333333333333,110.33333333333333,109.33333333333333,109.33333333333333,109.33333333333333,108.33333333333333,109.33333333333333,109.33333333333333,109.33333333333333,110.33333333333333,111.33333333333333,111.33333333333333,111.33333333333333,112.0,112.0,112.0,112.0,112.66666666666667,112.66666666666667,112.33333333333333,113.33333333333333,109.66666666666667,111.66666666666667,112.66666666666667,114.66666666666667,114.66666666666667,113.66666666666667,111.66666666666667,110.0,105.33333333333333,103.0,99.0,94.0,90.0,89.0,89.33333333333333,90.33333333333333,86.0,88.0,90.0,91.0,89.33333333333333,89.33333333333333,90.33333333333333,92.33333333333333,92.0,91.0,91.0,93.0,98.0,101.0,101.0,99.0,94.0,89.0,82.0,78.0,78.0,79.0,79.0,78.0,78.0,80.0,83.0,87.0,90.0,93.0,94.0,95.0,96.0,98.0,103.0,106.0,101.0,92.0,90.0,93.33333333333333,91.33333333333333,89.0,94.0,103.0,109.33333333333333,107.33333333333333,105.33333333333333,104.33333333333333,100.33333333333333,99.33333333333333,98.0,95.0,91.0,88.0,88.0,88.0,91.0,93.0,94.0,93.0,90.0,87.0,114.66666666666667,113.66666666666667,111.66666666666667,111.66666666666667,111.66666666666667,110.66666666666667,107.66666666666667,105.66666666666667,103.66666666666667,105.66666666666667,107.66666666666667,110.66666666666667,110.66666666666667,108.66666666666667,106.66666666666667,104.66666666666667,107.33333333333333,108.33333333333333,108.33333333333333,108.33333333333333,108.33333333333333,109.33333333333333,109.33333333333333,109.33333333333333,107.33333333333333,108.33333333333333,109.33333333333333,110.33333333333333,110.33333333333333,110.33333333333333,110.33333333333333,109.33333333333333,112.0,112.0,111.0,111.0,111.0,112.0,113.0,113.0,112.0,112.0,111.0,111.0,111.0,110.0,110.0,110.0,109.33333333333333,109.33333333333333,110.33333333333333,110.33333333333333,110.33333333333333,111.33333333333333,111.33333333333333,111.33333333333333,111.33333333333333,111.33333333333333,112.33333333333333,114.33333333333333,115.33333333333333,116.33333333333333,117.33333333333333,117.33333333333333,112.66666666666667,113.66666666666667,113.33333333333333,113.33333333333333,114.33333333333333,114.33333333333333,114.33333333333333,114.33333333333333,113.0,114.0,114.66666666666667,115.66666666666667,115.66666666666667,114.66666666666667,112.66666666666667,111.0,107.33333333333333,104.0,100.0,96.0,93.0,92.0,91.33333333333333,92.33333333333333,85.0,87.0,90.0,91.0,90.33333333333333,91.33333333333333,94.33333333333333,96.33333333333333,97.0,96.0,96.0,97.0,100.0,101.0,101.0,100.0,95.0,90.0,84.0,79.0,77.0,77.0,77.0,77.0,76.0,78.0,81.0,84.0,88.0,92.0,95.0,96.0,97.0,100.0,105.0,108.0,104.0,97.0,95.0,96.33333333333333,91.33333333333333,89.33333333333333,92.33333333333333,100.33333333333333,105.33333333333333,105.33333333333333,105.0,107.0,108.0,105.0,100.0,97.0,94.66666666666667,92.66666666666667,88.66666666666667,86.66666666666667,92.0,93.0,94.0,92.0,88.0,86.0,116.66666666666667,114.66666666666667,113.66666666666667,113.66666666666667,113.66666666666667,112.66666666666667,110.66666666666667,107.66666666666667,105.66666666666667,108.66666666666667,111.66666666666667,112.66666666666667,110.66666666666667,108.66666666666667,106.66666666666667,106.66666666666667,110.0,109.33333333333333,110.33333333333333,110.33333333333333,110.33333333333333,110.33333333333333,110.33333333333333,110.33333333333333,108.33333333333333,108.33333333333333,109.33333333333333,110.33333333333333,110.33333333333333,110.33333333333333,110.33333333333333,110.33333333333333,112.0,111.0,110.0,110.0,111.0,112.0,114.0,115.0,113.0,112.0,112.0,112.0,111.0,111.0,111.0,111.0,110.0,109.33333333333333,109.33333333333333,109.33333333333333,109.33333333333333,109.33333333333333,109.33333333333333,110.33333333333333,113.33333333333333,113.33333333333333,114.33333333333333,115.33333333333333,116.33333333333333,117.33333333333333,117.33333333333333,118.33333333333333,113.66666666666667,113.66666666666667,113.33333333333333,114.33333333333333,114.33333333333333,115.33333333333333,115.33333333333333,115.33333333333333,114.0,114.0,114.66666666666667,114.66666666666667,114.66666666666667,113.66666666666667,112.66666666666667,111.0,107.33333333333333,104.0,99.0,96.0,95.0,94.0,92.33333333333333,91.33333333333333,88.0,89.0,91.0,92.0,91.33333333333333,92.33333333333333,95.33333333333333,97.33333333333333,99.0,99.0,99.0,100.0,101.0,102.0,102.0,102.0,93.0,89.0,84.0,80.0,78.0,79.0,80.0,81.0,76.0,77.0,79.0,82.0,86.0,90.0,94.0,96.0,98.0,101.0,106.0,108.0,106.0,102.0,100.0,100.33333333333333,94.0,90.33333333333333,91.33333333333333,96.33333333333333,99.33333333333333,98.33333333333333,101.0,104.0,109.0,104.0,99.0,96.0,95.66666666666667,94.66666666666667,90.66666666666667,86.66666666666667,93.0,93.0,93.0,91.0,87.0,84.0,117.33333333333333,116.33333333333333,116.33333333333333,117.33333333333333,118.33333333333333,118.33333333333333,116.33333333333333,114.33333333333333,110.33333333333333,111.33333333333333,113.33333333333333,112.33333333333333,110.33333333333333,109.33333333333333,110.33333333333333,110.66666666666667,112.0,112.33333333333333,112.33333333333333,112.33333333333333,112.33333333333333,111.33333333333333,111.33333333333333,111.33333333333333,111.33333333333333,111.33333333333333,111.33333333333333,111.33333333333333,111.33333333333333,112.33333333333333,112.33333333333333,113.33333333333333,113.0,112.0,111.0,111.0,112.0,113.0,115.0,116.0,114.0,114.0,114.0,114.0,113.0,113.0,113.0,111.33333333333333,112.33333333333333,111.33333333333333,111.33333333333333,110.33333333333333,109.33333333333333,108.33333333333333,107.33333333333333,107.33333333333333,114.33333333333333,114.33333333333333,114.33333333333333,114.33333333333333,114.33333333333333,114.33333333333333,114.33333333333333,113.66666666666667,113.66666666666667,113.0,113.66666666666667,114.66666666666667,114.0,115.0,115.0,115.0,113.0,113.0,113.0,113.0,111.66666666666667,111.66666666666667,110.66666666666667,109.66666666666667,104.33333333333333,100.0,96.0,94.0,94.0,93.0,90.33333333333333,88.33333333333333,91.0,92.0,93.0,92.0,90.33333333333333,90.33333333333333,93.33333333333333,95.33333333333333,98.0,98.0,100.0,100.0,101.0,101.0,102.0,103.0,95.0,92.0,87.0,82.0,79.0,79.0,81.0,83.0,78.0,78.0,79.0,81.0,84.0,89.0,93.0,95.0,96.0,101.0,106.0,108.0,107.0,106.0,104.0,101.33333333333333,96.0,92.33333333333333,91.33333333333333,93.33333333333333,94.0,92.0,94.0,98.0,107.0,103.0,98.66666666666667,97.66666666666667,97.66666666666667,97.66666666666667,93.66666666666667,90.66666666666667,94.66666666666667,94.66666666666667,93.66666666666667,89.66666666666667,85.66666666666667,82.66666666666667,117.33333333333333,116.33333333333333,116.33333333333333,118.33333333333333,121.33333333333333,122.33333333333333,120.33333333333333,119.33333333333333,114.33333333333333,113.33333333333333,111.33333333333333,110.33333333333333,111.33333333333333,112.33333333333333,113.33333333333333,114.33333333333333,112.33333333333333,112.33333333333333,112.33333333333333,112.33333333333333,111.33333333333333,111.33333333333333,111.33333333333333,111.33333333333333,113.33333333333333,112.33333333333333,112.33333333333333,112.33333333333333,112.33333333333333,113.33333333333333,114.33333333333333,115.33333333333333,113.0,113.0,112.0,112.0,112.0,113.0,114.0,114.0,115.0,115.0,115.0,114.0,114.0,114.0,113.0,113.0,113.33333333333333,113.33333333333333,112.33333333333333,111.33333333333333,109.33333333333333,108.33333333333333,107.33333333333333,107.33333333333333,114.33333333333333,114.33333333333333,113.33333333333333,113.33333333333333,112.33333333333333,112.33333333333333,112.33333333333333,111.66666666666667,114.66666666666667,114.0,114.0,114.0,115.0,115.0,115.0,116.0,113.0,112.0,112.0,111.0,109.66666666666667,109.66666666666667,108.66666666666667,108.66666666666667,101.33333333333333,97.0,93.0,91.0,92.0,92.0,88.33333333333333,85.33333333333333,92.0,92.0,91.0,89.0,86.33333333333333,86.33333333333333,88.33333333333333,90.33333333333333,95.0,97.0,99.0,99.0,98.0,98.0,100.0,101.0,99.0,97.0,92.0,85.0,80.0,78.0,80.0,82.0,83.0,82.0,81.0,80.0,83.0,86.0,91.0,93.0,94.0,100.0,104.0,106.0,107.0,109.0,107.0,102.33333333333333,97.0,93.33333333333333,92.33333333333333,93.33333333333333,92.0,88.0,90.0,95.0,106.0,103.0,101.66666666666667,99.66666666666667,99.66666666666667,98.66666666666667,97.66666666666667,96.66666666666667,94.66666666666667,94.66666666666667,92.66666666666667,88.66666666666667,84.66666666666667,81.66666666666667,118.0,117.0,117.0,119.0,122.0,123.0,122.0,120.0,116.0,113.0,111.0,112.0,115.0,118.0,117.0,114.33333333333333,112.33333333333333,112.33333333333333,112.33333333333333,112.33333333333333,111.33333333333333,111.33333333333333,110.33333333333333,110.33333333333333,115.33333333333333,114.33333333333333,113.33333333333333,113.33333333333333,113.33333333333333,114.33333333333333,116.33333333333333,117.33333333333333,113.0,113.33333333333333,114.33333333333333,114.33333333333333,114.33333333333333,113.33333333333333,112.33333333333333,112.33333333333333,116.33333333333333,116.33333333333333,115.33333333333333,115.33333333333333,115.33333333333333,114.33333333333333,114.33333333333333,114.0,114.33333333333333,113.33333333333333,113.33333333333333,112.33333333333333,112.33333333333333,111.33333333333333,111.33333333333333,111.33333333333333,113.33333333333333,113.33333333333333,113.33333333333333,113.33333333333333,113.33333333333333,114.33333333333333,114.33333333333333,113.66666666666667,115.66666666666667,116.0,116.0,116.0,117.0,117.0,117.0,117.0,113.0,113.0,111.0,110.0,108.66666666666667,108.66666666666667,108.66666666666667,108.66666666666667,99.33333333333333,95.0,90.0,90.0,92.0,92.0,87.33333333333333,82.33333333333333,87.0,87.0,86.0,84.0,81.33333333333333,81.33333333333333,84.33333333333333,86.33333333333333,95.0,97.0,98.0,97.0,94.0,93.0,94.0,96.0,100.0,98.0,94.0,88.0,82.0,80.0,83.0,86.0,89.0,86.0,83.0,81.0,82.0,85.0,88.0,91.0,91.0,98.0,102.0,103.0,106.0,110.0,108.0,101.33333333333333,97.0,94.33333333333333,94.66666666666667,95.66666666666667,92.0,88.0,90.33333333333333,96.33333333333333,103.0,103.0,102.66666666666667,99.66666666666667,97.66666666666667,95.66666666666667,96.66666666666667,97.66666666666667,95.66666666666667,94.66666666666667,92.66666666666667,87.66666666666667,82.66666666666667,79.66666666666667,118.0,117.0,117.0,119.0,121.0,122.0,120.0,118.0,116.0,112.0,110.0,113.0,118.0,121.0,118.0,113.33333333333333,112.33333333333333,112.33333333333333,112.33333333333333,111.33333333333333,111.33333333333333,110.33333333333333,110.33333333333333,110.33333333333333,116.33333333333333,115.33333333333333,114.33333333333333,113.33333333333333,114.33333333333333,115.33333333333333,117.33333333333333,118.33333333333333,113.0,114.33333333333333,115.33333333333333,115.33333333333333,114.33333333333333,113.33333333333333,111.33333333333333,110.33333333333333,116.33333333333333,116.33333333333333,116.33333333333333,115.33333333333333,115.33333333333333,115.33333333333333,114.33333333333333,114.33333333333333,113.33333333333333,114.33333333333333,114.33333333333333,114.33333333333333,114.0,115.0,115.0,115.0,112.33333333333333,112.0,113.33333333333333,114.33333333333333,115.33333333333333,116.33333333333333,117.33333333333333,118.33333333333333,117.66666666666667,117.0,118.0,118.0,118.0,119.0,119.0,119.0,114.0,113.0,112.0,111.0,110.0,108.66666666666667,108.66666666666667,108.0,99.66666666666667,93.66666666666667,89.66666666666667,88.66666666666667,91.66666666666667,91.66666666666667,86.66666666666667,82.0,83.0,83.0,82.0,80.0,78.33333333333333,79.33333333333333,82.33333333333333,85.33333333333333,96.0,96.33333333333333,98.0,95.33333333333333,91.0,88.33333333333333,90.0,91.33333333333333,97.0,95.33333333333333,93.0,87.33333333333333,84.0,83.33333333333333,88.0,92.0,92.0,89.0,85.0,82.0,81.0,83.0,87.0,90.0,90.0,95.33333333333333,101.0,101.33333333333333,105.33333333333333,110.33333333333333,107.33333333333333,100.33333333333333,96.0,95.0,96.33333333333333,97.33333333333333,94.33333333333333,90.33333333333333,94.0,99.0,99.33333333333333,101.33333333333333,101.66666666666667,97.66666666666667,92.66666666666667,90.66666666666667,91.66666666666667,94.66666666666667,95.66666666666667,95.66666666666667,92.66666666666667,87.66666666666667,82.66666666666667,79.66666666666667,121.33333333333333,118.33333333333333,116.33333333333333,116.33333333333333,118.33333333333333,118.33333333333333,116.33333333333333,113.33333333333333,113.33333333333333,114.33333333333333,115.33333333333333,116.33333333333333,116.33333333333333,116.33333333333333,116.33333333333333,116.33333333333333,117.0,115.33333333333333,113.33333333333333,111.33333333333333,110.33333333333333,110.33333333333333,111.33333333333333,111.33333333333333,112.33333333333333,113.33333333333333,113.33333333333333,112.33333333333333,110.33333333333333,110.33333333333333,112.33333333333333,115.0,111.33333333333333,112.33333333333333,113.33333333333333,115.33333333333333,115.33333333333333,114.33333333333333,113.33333333333333,113.33333333333333,109.33333333333333,110.33333333333333,113.33333333333333,114.33333333333333,115.33333333333333,114.33333333333333,112.33333333333333,112.0,115.33333333333333,116.33333333333333,117.0,118.0,118.33333333333333,116.66666666666667,115.66666666666667,114.33333333333333,113.33333333333333,113.33333333333333,115.33333333333333,117.0,118.0,119.33333333333333,119.33333333333333,119.33333333333333,118.66666666666667,118.0,117.0,117.0,117.0,116.0,116.0,115.66666666666667,111.66666666666667,111.66666666666667,111.66666666666667,111.33333333333333,110.33333333333333,109.33333333333333,109.0,106.33333333333333,97.66666666666667,92.66666666666667,89.33333333333333,89.33333333333333,93.33333333333333,94.33333333333333,90.33333333333333,85.0,80.0,79.0,78.33333333333333,78.0,76.66666666666667,77.33333333333333,77.33333333333333,76.66666666666667,85.0,90.33333333333333,96.33333333333333,96.33333333333333,91.33333333333333,88.33333333333333,88.33333333333333,90.33333333333333,92.33333333333333,94.33333333333333,93.33333333333333,90.33333333333333,87.33333333333333,86.33333333333333,90.33333333333333,94.33333333333333,93.0,88.0,82.0,80.0,84.0,89.0,91.33333333333333,92.33333333333333,92.33333333333333,94.0,98.33333333333333,101.0,103.0,103.0,103.0,102.33333333333333,95.0,94.33333333333333,93.33333333333333,93.33333333333333,95.33333333333333,96.33333333333333,96.66666666666667,96.66666666666667,94.0,98.0,98.0,90.0,79.0,78.0,87.0,97.66666666666667,95.66666666666667,95.0,93.0,88.0,83.0,79.0,119.33333333333333,117.33333333333333,115.33333333333333,116.33333333333333,119.33333333333333,120.33333333333333,118.33333333333333,116.33333333333333,113.33333333333333,114.33333333333333,114.33333333333333,115.33333333333333,116.33333333333333,116.33333333333333,116.33333333333333,114.66666666666667,116.0,114.33333333333333,112.33333333333333,110.33333333333333,109.33333333333333,109.33333333333333,110.33333333333333,111.33333333333333,111.33333333333333,112.33333333333333,113.33333333333333,113.33333333333333,111.33333333333333,110.33333333333333,111.33333333333333,113.33333333333333,111.33333333333333,112.33333333333333,113.33333333333333,115.33333333333333,115.33333333333333,115.33333333333333,114.33333333333333,113.33333333333333,108.33333333333333,110.33333333333333,112.33333333333333,113.33333333333333,114.33333333333333,113.33333333333333,111.33333333333333,111.0,115.33333333333333,116.0,117.0,117.33333333333333,118.0,117.33333333333333,116.33333333333333,115.33333333333333,114.33333333333333,114.33333333333333,115.33333333333333,116.33333333333333,118.0,119.33333333333333,120.0,120.33333333333333,120.66666666666667,119.0,119.0,118.0,117.0,116.0,116.0,115.0,111.66666666666667,111.66666666666667,111.66666666666667,111.66666666666667,110.33333333333333,109.33333333333333,108.33333333333333,107.0,99.66666666666667,93.66666666666667,89.66666666666667,88.0,90.0,90.0,87.0,82.33333333333333,79.0,78.0,77.33333333333333,76.0,75.33333333333333,76.0,76.0,75.33333333333333,82.0,86.33333333333333,92.33333333333333,93.33333333333333,89.33333333333333,86.33333333333333,85.33333333333333,86.33333333333333,89.33333333333333,91.33333333333333,92.33333333333333,91.33333333333333,89.33333333333333,90.33333333333333,95.33333333333333,100.33333333333333,100.0,94.0,87.0,84.0,85.0,87.0,88.33333333333333,88.33333333333333,91.0,93.0,96.0,99.0,100.66666666666667,100.66666666666667,100.66666666666667,100.0,95.66666666666667,96.0,96.0,96.0,97.0,98.0,98.0,97.0,92.0,95.0,95.0,87.0,78.0,77.0,85.0,94.66666666666667,95.66666666666667,95.0,92.0,88.0,82.0,78.0,117.33333333333333,116.33333333333333,115.33333333333333,116.33333333333333,119.33333333333333,120.33333333333333,120.33333333333333,119.33333333333333,113.33333333333333,113.33333333333333,114.33333333333333,114.33333333333333,114.33333333333333,115.33333333333333,115.33333333333333,114.66666666666667,115.0,112.33333333333333,111.33333333333333,109.33333333333333,108.33333333333333,108.33333333333333,109.33333333333333,110.33333333333333,108.33333333333333,111.33333333333333,113.33333333333333,113.33333333333333,112.33333333333333,111.33333333333333,110.33333333333333,111.33333333333333,111.33333333333333,112.33333333333333,113.33333333333333,114.33333333333333,114.33333333333333,114.33333333333333,113.33333333333333,113.33333333333333,108.33333333333333,109.33333333333333,111.33333333333333,112.33333333333333,112.33333333333333,112.33333333333333,111.33333333333333,111.0,114.33333333333333,115.33333333333333,116.0,117.33333333333333,118.33333333333333,118.66666666666667,118.33333333333333,117.0,116.0,116.0,115.33333333333333,115.33333333333333,117.0,118.0,120.33333333333333,121.0,122.0,120.66666666666667,120.66666666666667,119.66666666666667,118.66666666666667,117.66666666666667,116.66666666666667,116.66666666666667,113.0,113.0,113.0,113.0,112.0,110.0,109.0,107.0,102.66666666666667,96.66666666666667,90.66666666666667,87.66666666666667,87.0,86.0,82.33333333333333,79.0,77.33333333333333,77.0,75.33333333333333,75.0,72.66666666666667,72.33333333333333,73.0,72.33333333333333,77.0,82.33333333333333,88.33333333333333,90.33333333333333,87.33333333333333,83.33333333333333,81.33333333333333,81.33333333333333,85.33333333333333,88.33333333333333,91.33333333333333,92.33333333333333,91.33333333333333,94.33333333333333,100.33333333333333,105.33333333333333,108.33333333333333,102.66666666666667,95.0,89.0,87.0,87.0,85.33333333333333,85.33333333333333,89.33333333333333,91.33333333333333,93.0,96.0,97.0,98.0,97.0,97.33333333333333,95.66666666666667,97.0,98.0,100.0,100.0,99.0,99.0,98.0,93.0,95.0,94.0,88.0,80.0,79.0,86.0,93.66666666666667,95.66666666666667,95.0,92.0,87.0,81.0,77.0,117.33333333333333,116.33333333333333,116.33333333333333,117.33333333333333,118.33333333333333,119.33333333333333,119.33333333333333,118.33333333333333,114.33333333333333,113.33333333333333,113.33333333333333,113.33333333333333,113.33333333333333,113.33333333333333,114.33333333333333,113.66666666666667,113.0,111.33333333333333,109.33333333333333,108.33333333333333,107.33333333333333,108.33333333333333,109.33333333333333,109.33333333333333,106.33333333333333,109.33333333333333,112.33333333333333,114.33333333333333,112.33333333333333,110.33333333333333,110.33333333333333,110.33333333333333,110.33333333333333,110.33333333333333,111.33333333333333,111.33333333333333,112.33333333333333,112.33333333333333,112.33333333333333,112.33333333333333,108.33333333333333,108.33333333333333,110.33333333333333,111.33333333333333,111.33333333333333,111.33333333333333,110.33333333333333,110.33333333333333,114.0,114.0,115.33333333333333,115.66666666666667,118.0,118.33333333333333,119.0,119.0,118.0,116.0,115.33333333333333,114.33333333333333,115.0,117.0,120.33333333333333,121.33333333333333,120.0,119.66666666666667,119.66666666666667,118.66666666666667,118.66666666666667,118.66666666666667,118.66666666666667,117.66666666666667,114.0,114.0,114.0,114.0,113.0,112.0,111.0,109.0,107.0,101.0,95.0,89.33333333333333,87.33333333333333,85.0,81.33333333333333,79.0,77.33333333333333,76.33333333333333,75.0,73.33333333333333,71.66666666666667,70.66666666666667,71.33333333333333,70.66666666666667,76.0,80.33333333333333,86.33333333333333,88.33333333333333,86.33333333333333,82.33333333333333,79.33333333333333,78.33333333333333,82.33333333333333,86.33333333333333,90.33333333333333,91.33333333333333,92.33333333333333,95.33333333333333,101.33333333333333,106.33333333333333,111.33333333333333,107.66666666666667,100.66666666666667,95.0,90.0,88.0,87.0,85.33333333333333,89.33333333333333,90.33333333333333,91.33333333333333,93.0,94.0,94.0,94.0,94.33333333333333,94.66666666666667,98.0,101.0,103.0,102.0,100.0,99.0,99.0,96.0,97.0,96.0,90.0,85.0,84.0,90.0,96.0,95.66666666666667,94.0,92.0,87.0,81.0,77.0,118.33333333333333,118.33333333333333,118.33333333333333,117.33333333333333,116.33333333333333,116.33333333333333,116.33333333333333,116.33333333333333,114.33333333333333,113.33333333333333,112.33333333333333,112.33333333333333,111.33333333333333,112.33333333333333,113.33333333333333,112.66666666666667,112.0,110.33333333333333,108.33333333333333,107.33333333333333,107.33333333333333,108.33333333333333,109.33333333333333,110.33333333333333,105.33333333333333,108.33333333333333,111.33333333333333,113.33333333333333,112.33333333333333,110.33333333333333,109.33333333333333,110.33333333333333,108.33333333333333,108.33333333333333,108.33333333333333,108.33333333333333,109.33333333333333,109.33333333333333,110.33333333333333,110.33333333333333,108.33333333333333,109.33333333333333,109.33333333333333,110.33333333333333,111.33333333333333,111.33333333333333,111.33333333333333,110.33333333333333,112.33333333333333,113.33333333333333,114.0,115.0,115.66666666666667,117.66666666666667,118.66666666666667,119.0,118.0,116.0,114.66666666666667,113.66666666666667,114.33333333333333,116.33333333333333,119.0,120.33333333333333,116.0,116.0,115.66666666666667,116.66666666666667,117.66666666666667,117.66666666666667,118.33333333333333,118.33333333333333,115.33333333333333,115.33333333333333,115.33333333333333,115.33333333333333,114.33333333333333,113.33333333333333,111.66666666666667,110.66666666666667,110.33333333333333,105.66666666666667,100.0,94.33333333333333,90.33333333333333,86.33333333333333,83.33333333333333,81.33333333333333,77.33333333333333,76.33333333333333,76.0,74.33333333333333,73.0,72.66666666666667,72.66666666666667,72.66666666666667,77.0,81.0,86.0,88.0,87.0,84.0,81.0,79.0,83.0,87.0,91.0,92.0,92.0,94.0,98.0,103.0,110.0,107.66666666666667,103.66666666666667,98.66666666666667,93.66666666666667,90.0,89.0,89.0,90.0,90.33333333333333,90.33333333333333,91.33333333333333,92.33333333333333,92.33333333333333,92.0,92.33333333333333,94.66666666666667,99.0,103.0,104.0,102.0,100.0,100.0,101.0,98.0,97.0,94.0,90.0,87.0,88.0,91.0,95.0,94.66666666666667,94.66666666666667,91.66666666666667,87.66666666666667,82.66666666666667,78.66666666666667,116.33333333333333,117.33333333333333,118.33333333333333,116.33333333333333,114.33333333333333,113.33333333333333,113.33333333333333,114.33333333333333,114.33333333333333,113.33333333333333,112.33333333333333,110.33333333333333,110.33333333333333,111.33333333333333,112.33333333333333,112.66666666666667,112.0,110.33333333333333,108.33333333333333,107.33333333333333,107.33333333333333,108.33333333333333,109.33333333333333,110.33333333333333,104.33333333333333,107.33333333333333,110.33333333333333,111.33333333333333,110.33333333333333,109.33333333333333,109.33333333333333,110.33333333333333,108.33333333333333,108.33333333333333,107.33333333333333,107.33333333333333,107.33333333333333,108.33333333333333,109.33333333333333,110.33333333333333,110.33333333333333,110.33333333333333,110.33333333333333,110.33333333333333,111.33333333333333,111.33333333333333,111.33333333333333,112.33333333333333,113.0,112.33333333333333,112.33333333333333,112.66666666666667,113.66666666666667,114.0,116.0,117.0,116.0,115.0,114.66666666666667,113.66666666666667,114.33333333333333,115.33333333333333,117.0,118.0,113.33333333333333,113.33333333333333,114.33333333333333,114.33333333333333,115.33333333333333,116.0,116.0,116.0,115.0,114.66666666666667,114.66666666666667,114.33333333333333,113.66666666666667,112.33333333333333,110.33333333333333,109.66666666666667,110.0,107.33333333333333,104.66666666666667,100.0,94.66666666666667,90.0,86.0,84.33333333333333,79.33333333333333,78.33333333333333,78.0,77.0,75.33333333333333,76.0,76.0,76.0,80.0,82.0,85.0,87.0,87.0,85.0,82.0,80.0,84.0,88.0,92.0,92.0,91.0,92.0,96.0,99.0,105.0,105.0,103.0,99.66666666666667,95.66666666666667,92.66666666666667,92.66666666666667,92.0,92.0,92.0,92.0,91.33333333333333,91.33333333333333,91.33333333333333,92.33333333333333,92.33333333333333,95.66666666666667,100.0,103.0,104.0,101.0,99.0,100.0,103.0,97.0,94.0,91.0,88.0,87.0,88.0,90.0,92.0,93.66666666666667,93.66666666666667,91.66666666666667,88.66666666666667,83.66666666666667,80.66666666666667,112.33333333333333,115.33333333333333,116.33333333333333,115.33333333333333,113.33333333333333,111.33333333333333,113.33333333333333,115.33333333333333,115.33333333333333,113.33333333333333,111.33333333333333,109.33333333333333,109.33333333333333,110.33333333333333,111.33333333333333,111.66666666666667,112.0,110.33333333333333,109.33333333333333,108.33333333333333,108.33333333333333,109.33333333333333,110.33333333333333,111.33333333333333,105.33333333333333,107.33333333333333,108.33333333333333,109.33333333333333,108.33333333333333,108.33333333333333,110.33333333333333,112.33333333333333,110.33333333333333,109.33333333333333,108.33333333333333,108.33333333333333,108.33333333333333,110.33333333333333,111.33333333333333,112.33333333333333,111.33333333333333,111.33333333333333,111.33333333333333,111.33333333333333,111.33333333333333,112.33333333333333,113.33333333333333,114.0,113.33333333333333,112.0,111.0,110.66666666666667,111.66666666666667,112.0,114.0,114.66666666666667,112.33333333333333,113.0,113.66666666666667,113.66666666666667,114.33333333333333,114.33333333333333,114.33333333333333,114.33333333333333,113.33333333333333,113.33333333333333,112.33333333333333,112.33333333333333,111.33333333333333,111.33333333333333,110.33333333333333,110.33333333333333,112.33333333333333,112.0,112.0,111.66666666666667,111.0,109.66666666666667,107.66666666666667,107.33333333333333,107.0,107.33333333333333,106.0,103.33333333333333,98.0,92.33333333333333,88.0,86.0,81.33333333333333,81.33333333333333,80.33333333333333,79.33333333333333,79.0,80.33333333333333,80.33333333333333,82.0,83.0,83.0,83.0,84.0,85.0,85.0,83.0,82.0,85.0,89.0,93.0,94.0,93.0,93.0,96.0,99.0,101.0,102.0,103.0,100.0,96.0,92.66666666666667,92.66666666666667,93.66666666666667,94.66666666666667,94.0,93.0,93.0,93.0,93.0,93.0,93.0,95.66666666666667,100.0,103.0,102.0,99.0,97.0,100.0,104.0,97.0,94.0,90.0,89.0,89.0,91.0,91.0,91.0,92.66666666666667,92.66666666666667,91.66666666666667,88.66666666666667,85.66666666666667,83.66666666666667,109.33333333333333,112.33333333333333,114.33333333333333,114.33333333333333,112.33333333333333,111.33333333333333,114.33333333333333,117.33333333333333,115.33333333333333,113.33333333333333,111.33333333333333,109.33333333333333,108.33333333333333,109.33333333333333,111.33333333333333,111.66666666666667,112.0,110.33333333333333,109.33333333333333,108.33333333333333,109.33333333333333,110.33333333333333,111.33333333333333,112.33333333333333,105.33333333333333,106.33333333333333,108.33333333333333,107.33333333333333,107.33333333333333,108.33333333333333,110.33333333333333,112.33333333333333,112.33333333333333,111.33333333333333,110.33333333333333,109.33333333333333,110.33333333333333,111.33333333333333,113.33333333333333,114.33333333333333,112.33333333333333,112.33333333333333,111.33333333333333,111.33333333333333,112.33333333333333,112.33333333333333,113.33333333333333,114.33333333333333,113.33333333333333,112.0,110.66666666666667,109.66666666666667,109.0,110.0,111.66666666666667,112.33333333333333,110.33333333333333,112.0,112.66666666666667,113.66666666666667,114.33333333333333,113.33333333333333,112.33333333333333,112.0,115.33333333333333,114.33333333333333,113.33333333333333,111.33333333333333,110.0,108.0,107.0,106.0,110.0,110.0,110.0,109.66666666666667,108.66666666666667,107.66666666666667,106.66666666666667,105.33333333333333,104.66666666666667,106.0,107.0,105.33333333333333,99.66666666666667,94.0,89.33333333333333,87.0,83.0,82.33333333333333,82.33333333333333,82.33333333333333,82.0,83.0,84.33333333333333,84.33333333333333,84.0,83.0,82.0,83.0,84.0,84.0,83.0,82.0,86.0,90.0,94.0,95.0,94.0,95.0,98.0,102.0,99.33333333333333,101.33333333333333,102.33333333333333,100.0,95.0,92.0,92.0,92.66666666666667,96.66666666666667,95.66666666666667,94.66666666666667,94.0,93.0,93.0,94.0,94.66666666666667,97.0,100.0,103.0,101.0,97.0,96.0,100.0,105.0,100.0,96.0,92.0,91.0,93.0,94.0,94.0,93.0,92.66666666666667,92.66666666666667,91.66666666666667,89.66666666666667,86.66666666666667,84.66666666666667,110.33333333333333,110.33333333333333,109.33333333333333,109.33333333333333,110.33333333333333,112.33333333333333,113.33333333333333,114.33333333333333,112.33333333333333,112.33333333333333,112.33333333333333,111.33333333333333,111.33333333333333,111.33333333333333,110.33333333333333,109.66666666666667,113.0,112.33333333333333,111.33333333333333,110.33333333333333,110.33333333333333,111.33333333333333,111.33333333333333,112.33333333333333,109.33333333333333,109.33333333333333,109.33333333333333,108.33333333333333,108.33333333333333,107.33333333333333,107.33333333333333,106.33333333333333,113.33333333333333,112.33333333333333,112.33333333333333,111.33333333333333,111.33333333333333,112.33333333333333,112.33333333333333,113.33333333333333,112.33333333333333,111.33333333333333,109.33333333333333,108.33333333333333,109.33333333333333,111.33333333333333,113.33333333333333,115.33333333333333,114.33333333333333,113.0,110.66666666666667,109.66666666666667,109.0,110.0,111.33333333333333,112.33333333333333,114.0,113.66666666666667,113.0,112.33333333333333,112.0,111.33333333333333,111.0,110.33333333333333,112.33333333333333,112.66666666666667,113.66666666666667,114.66666666666667,113.66666666666667,112.66666666666667,110.66666666666667,109.66666666666667,110.66666666666667,109.33333333333333,109.33333333333333,109.33333333333333,109.33333333333333,108.33333333333333,105.33333333333333,102.66666666666667,103.33333333333333,102.66666666666667,103.33333333333333,103.66666666666667,103.33333333333333,98.33333333333333,92.66666666666667,88.0,83.33333333333333,83.33333333333333,85.33333333333333,90.33333333333333,89.66666666666667,86.66666666666667,87.33333333333333,92.0,88.33333333333333,85.0,81.0,80.0,83.0,85.0,85.0,84.0,84.0,86.0,90.0,94.0,98.0,101.0,103.0,103.0,101.33333333333333,105.0,106.0,100.33333333333333,93.33333333333333,88.33333333333333,88.33333333333333,91.0,90.0,90.66666666666667,92.66666666666667,95.66666666666667,97.66666666666667,97.66666666666667,95.66666666666667,93.66666666666667,96.0,96.0,97.0,98.0,100.0,101.0,102.0,102.0,102.0,100.0,97.0,93.0,90.0,91.0,95.0,98.0,101.0,99.0,94.0,89.0,84.0,83.0,109.33333333333333,110.33333333333333,110.33333333333333,111.33333333333333,111.33333333333333,111.33333333333333,111.33333333333333,111.33333333333333,113.33333333333333,113.33333333333333,112.33333333333333,112.33333333333333,112.33333333333333,111.33333333333333,111.33333333333333,110.66666666666667,112.0,111.33333333333333,110.33333333333333,110.33333333333333,110.33333333333333,110.33333333333333,111.33333333333333,111.33333333333333,110.33333333333333,109.33333333333333,109.33333333333333,109.33333333333333,108.33333333333333,108.33333333333333,107.33333333333333,107.33333333333333,113.33333333333333,112.33333333333333,112.33333333333333,111.33333333333333,111.33333333333333,112.33333333333333,112.33333333333333,113.33333333333333,110.33333333333333,110.33333333333333,109.33333333333333,109.33333333333333,110.33333333333333,112.33333333333333,114.33333333333333,115.33333333333333,114.33333333333333,113.0,110.66666666666667,109.66666666666667,109.66666666666667,110.0,112.0,112.66666666666667,112.66666666666667,113.0,112.33333333333333,112.66666666666667,113.33333333333333,113.33333333333333,114.0,113.66666666666667,115.66666666666667,114.66666666666667,112.33333333333333,111.33333333333333,111.33333333333333,112.33333333333333,113.33333333333333,114.33333333333333,114.33333333333333,112.33333333333333,110.0,108.66666666666667,110.0,109.66666666666667,110.0,108.66666666666667,107.66666666666667,105.0,102.0,98.66666666666667,96.33333333333333,93.33333333333333,90.33333333333333,87.66666666666667,86.0,84.33333333333333,88.0,92.33333333333333,92.33333333333333,88.66666666666667,88.33333333333333,92.0,89.33333333333333,86.0,81.0,80.0,82.0,84.0,85.0,85.0,85.0,88.0,92.0,97.0,101.0,103.0,104.0,104.33333333333333,105.0,105.0,104.0,101.0,96.0,90.33333333333333,87.33333333333333,86.33333333333333,88.33333333333333,89.0,90.0,91.66666666666667,93.66666666666667,94.66666666666667,93.66666666666667,93.66666666666667,96.0,98.0,100.0,100.0,100.0,102.0,106.0,109.0,104.0,101.0,96.0,94.0,94.0,96.0,99.0,101.0,101.0,99.0,96.0,92.0,88.0,86.0,110.33333333333333,110.33333333333333,111.33333333333333,111.33333333333333,111.33333333333333,110.33333333333333,109.33333333333333,108.33333333333333,113.33333333333333,113.33333333333333,112.33333333333333,112.33333333333333,112.33333333333333,111.33333333333333,111.33333333333333,110.66666666666667,111.0,110.33333333333333,109.33333333333333,109.33333333333333,109.33333333333333,109.33333333333333,110.33333333333333,111.33333333333333,110.33333333333333,110.33333333333333,110.33333333333333,109.33333333333333,109.33333333333333,109.33333333333333,109.33333333333333,108.33333333333333,113.33333333333333,113.33333333333333,112.33333333333333,112.33333333333333,112.33333333333333,112.33333333333333,113.33333333333333,113.33333333333333,109.33333333333333,109.33333333333333,110.33333333333333,111.33333333333333,112.33333333333333,113.33333333333333,113.33333333333333,114.33333333333333,114.33333333333333,113.0,112.0,110.66666666666667,110.66666666666667,111.66666666666667,112.66666666666667,113.0,111.0,111.33333333333333,111.33333333333333,113.0,114.0,115.0,115.66666666666667,116.66666666666667,115.0,113.66666666666667,110.66666666666667,109.0,109.66666666666667,113.0,117.66666666666667,119.0,121.66666666666667,118.0,115.33333333333333,114.0,115.33333333333333,117.0,118.33333333333333,118.0,117.66666666666667,113.66666666666667,104.66666666666667,97.0,91.33333333333333,89.0,89.33333333333333,89.33333333333333,87.66666666666667,86.0,88.0,93.33333333333333,95.33333333333333,91.33333333333333,90.33333333333333,93.0,91.0,87.33333333333333,82.33333333333333,80.33333333333333,81.33333333333333,83.33333333333333,85.33333333333333,86.33333333333333,86.33333333333333,89.33333333333333,94.33333333333333,98.33333333333333,102.33333333333333,104.33333333333333,104.33333333333333,104.33333333333333,106.0,105.33333333333333,105.33333333333333,104.0,102.0,98.0,92.0,87.33333333333333,86.33333333333333,86.33333333333333,85.33333333333333,86.0,87.0,89.0,91.0,92.0,96.0,100.0,102.0,100.0,98.0,100.0,108.0,114.0,108.0,102.0,95.0,93.0,94.0,97.0,98.0,97.0,98.33333333333333,97.33333333333333,94.33333333333333,92.33333333333333,90.33333333333333,89.33333333333333,113.33333333333333,112.33333333333333,111.33333333333333,109.33333333333333,108.33333333333333,108.33333333333333,108.33333333333333,108.33333333333333,112.33333333333333,111.33333333333333,111.33333333333333,111.33333333333333,110.33333333333333,110.33333333333333,110.33333333333333,108.66666666666667,110.0,109.33333333333333,108.33333333333333,108.33333333333333,108.33333333333333,109.33333333333333,110.33333333333333,110.33333333333333,111.33333333333333,111.33333333333333,111.33333333333333,110.33333333333333,110.33333333333333,110.33333333333333,110.33333333333333,110.33333333333333,114.33333333333333,113.33333333333333,112.33333333333333,112.33333333333333,112.33333333333333,112.33333333333333,113.33333333333333,114.33333333333333,111.33333333333333,111.33333333333333,112.33333333333333,113.33333333333333,113.33333333333333,112.33333333333333,111.33333333333333,111.33333333333333,114.33333333333333,113.0,112.0,111.66666666666667,111.66666666666667,111.0,112.33333333333333,113.33333333333333,109.33333333333333,109.33333333333333,110.66666666666667,111.33333333333333,113.0,113.66666666666667,115.0,115.33333333333333,113.66666666666667,113.33333333333333,112.33333333333333,113.33333333333333,116.33333333333333,120.33333333333333,123.66666666666667,125.66666666666667,130.66666666666666,128.66666666666666,126.66666666666667,126.66666666666667,128.66666666666666,129.66666666666666,129.66666666666666,128.0,132.0,126.33333333333333,116.66666666666667,106.0,96.0,91.33333333333333,90.0,90.33333333333333,85.33333333333333,82.66666666666667,85.33333333333333,92.0,96.0,93.33333333333333,92.33333333333333,95.0,93.0,90.33333333333333,85.33333333333333,82.33333333333333,81.33333333333333,83.33333333333333,86.33333333333333,87.33333333333333,87.33333333333333,89.33333333333333,93.33333333333333,97.33333333333333,100.33333333333333,101.33333333333333,101.33333333333333,102.0,104.33333333333333,107.33333333333333,111.33333333333333,112.33333333333333,110.33333333333333,106.0,101.0,97.0,84.0,82.33333333333333,81.33333333333333,80.33333333333333,80.33333333333333,83.0,87.0,91.0,96.0,100.0,101.0,97.0,91.0,93.0,102.0,111.0,112.0,104.0,94.0,89.0,91.0,93.0,92.0,90.0,93.33333333333333,91.33333333333333,90.33333333333333,89.33333333333333,89.33333333333333,88.33333333333333,117.33333333333333,114.33333333333333,110.33333333333333,107.33333333333333,106.33333333333333,107.33333333333333,109.33333333333333,111.33333333333333,110.33333333333333,110.33333333333333,110.33333333333333,109.33333333333333,109.33333333333333,109.33333333333333,108.33333333333333,107.66666666666667,109.0,108.33333333333333,108.33333333333333,108.33333333333333,108.33333333333333,109.33333333333333,110.33333333333333,111.33333333333333,111.33333333333333,111.33333333333333,111.33333333333333,112.33333333333333,112.33333333333333,112.33333333333333,112.33333333333333,112.33333333333333,114.33333333333333,114.33333333333333,113.33333333333333,112.33333333333333,112.33333333333333,113.33333333333333,114.33333333333333,114.33333333333333,114.33333333333333,114.33333333333333,114.33333333333333,114.33333333333333,113.33333333333333,111.33333333333333,109.33333333333333,108.33333333333333,115.0,113.33333333333333,113.33333333333333,113.0,113.0,112.33333333333333,112.66666666666667,113.33333333333333,109.33333333333333,109.66666666666667,110.66666666666667,111.66666666666667,113.66666666666667,114.33333333333333,115.33333333333333,115.66666666666667,117.33333333333333,120.0,124.0,128.0,130.66666666666666,133.66666666666666,135.66666666666666,136.66666666666666,138.33333333333334,138.33333333333334,139.33333333333334,142.33333333333334,144.33333333333334,143.33333333333334,140.33333333333334,136.66666666666666,138.66666666666666,136.33333333333334,129.0,118.0,106.0,96.0,91.66666666666667,89.66666666666667,84.0,79.33333333333333,81.0,88.33333333333333,93.0,94.0,93.33333333333333,95.0,95.0,93.33333333333333,89.33333333333333,85.33333333333333,83.33333333333333,84.33333333333333,86.33333333333333,88.33333333333333,87.33333333333333,88.33333333333333,90.33333333333333,93.33333333333333,94.33333333333333,95.33333333333333,96.33333333333333,97.0,105.33333333333333,113.0,120.0,121.33333333333333,117.33333333333333,110.33333333333333,104.33333333333333,102.0,81.0,81.0,79.0,76.33333333333333,75.33333333333333,78.33333333333333,84.33333333333333,90.33333333333333,96.0,98.0,97.0,90.0,83.0,82.0,90.0,98.0,108.0,100.0,90.0,86.0,88.0,92.0,92.0,90.0,91.33333333333333,88.33333333333333,86.33333333333333,87.33333333333333,88.33333333333333,88.33333333333333,118.33333333333333,115.33333333333333,111.33333333333333,108.33333333333333,107.33333333333333,108.33333333333333,111.33333333333333,113.33333333333333,110.33333333333333,110.33333333333333,110.33333333333333,110.33333333333333,109.33333333333333,109.33333333333333,108.33333333333333,107.66666666666667,109.0,108.33333333333333,108.33333333333333,108.33333333333333,109.33333333333333,110.33333333333333,111.33333333333333,112.33333333333333,112.33333333333333,112.33333333333333,112.33333333333333,113.33333333333333,113.33333333333333,113.33333333333333,113.33333333333333,114.33333333333333,114.33333333333333,114.33333333333333,113.33333333333333,113.33333333333333,113.33333333333333,113.33333333333333,114.33333333333333,114.33333333333333,116.33333333333333,116.33333333333333,115.33333333333333,113.33333333333333,112.33333333333333,110.33333333333333,110.33333333333333,109.33333333333333,115.0,114.33333333333333,114.33333333333333,113.66666666666667,113.66666666666667,113.33333333333333,113.33333333333333,113.66666666666667,111.66666666666667,112.0,113.66666666666667,116.0,118.33333333333333,119.0,120.0,122.66666666666667,129.0,133.0,139.0,144.0,147.0,148.0,146.0,145.0,144.0,145.0,147.0,149.66666666666666,151.0,148.66666666666666,144.66666666666666,140.66666666666666,139.66666666666666,139.33333333333334,136.66666666666666,126.33333333333333,113.66666666666667,101.33333333333333,95.66666666666667,92.0,85.33333333333333,79.33333333333333,78.33333333333333,84.0,90.33333333333333,91.0,92.0,94.0,96.0,96.33333333333333,94.33333333333333,90.33333333333333,87.33333333333333,85.33333333333333,87.33333333333333,89.33333333333333,89.33333333333333,88.33333333333333,87.33333333333333,87.33333333333333,87.33333333333333,88.33333333333333,89.33333333333333,91.0,106.33333333333333,112.0,120.0,123.0,119.33333333333333,111.33333333333333,102.33333333333333,96.33333333333333,79.0,79.0,78.0,75.0,72.33333333333333,75.33333333333333,82.33333333333333,89.33333333333333,96.0,96.0,92.0,85.0,77.0,75.0,80.0,85.0,95.0,89.0,83.0,81.0,85.0,92.0,96.0,98.0,92.33333333333333,89.33333333333333,85.33333333333333,85.33333333333333,87.33333333333333,89.33333333333333,115.33333333333333,114.33333333333333,113.33333333333333,112.33333333333333,111.33333333333333,111.33333333333333,111.33333333333333,111.33333333333333,112.33333333333333,112.33333333333333,112.33333333333333,111.33333333333333,111.33333333333333,111.33333333333333,110.33333333333333,109.66666666666667,110.0,109.33333333333333,109.33333333333333,109.33333333333333,110.33333333333333,111.33333333333333,113.33333333333333,114.33333333333333,112.33333333333333,113.33333333333333,113.33333333333333,113.33333333333333,114.33333333333333,114.33333333333333,115.33333333333333,115.33333333333333,115.33333333333333,114.33333333333333,114.33333333333333,113.33333333333333,113.33333333333333,114.33333333333333,114.33333333333333,115.33333333333333,115.33333333333333,114.33333333333333,113.33333333333333,112.33333333333333,111.33333333333333,112.33333333333333,113.33333333333333,113.33333333333333,114.0,114.33333333333333,114.33333333333333,114.33333333333333,114.33333333333333,114.0,114.0,112.66666666666667,114.33333333333333,116.33333333333333,119.0,122.33333333333333,125.66666666666667,129.0,132.33333333333334,134.66666666666666,141.33333333333334,144.66666666666666,149.66666666666666,153.66666666666666,154.66666666666666,152.33333333333334,149.33333333333334,146.33333333333334,145.33333333333334,145.0,145.0,147.0,148.0,146.0,143.0,139.0,137.0,139.66666666666666,139.33333333333334,132.33333333333334,122.0,110.66666666666667,104.0,101.66666666666667,92.66666666666667,84.0,78.66666666666667,82.0,86.33333333333333,88.0,89.0,91.66666666666667,97.0,98.33333333333333,98.33333333333333,95.33333333333333,90.33333333333333,88.33333333333333,88.33333333333333,89.33333333333333,92.33333333333333,89.33333333333333,86.33333333333333,83.33333333333333,82.33333333333333,83.33333333333333,85.33333333333333,87.0,98.33333333333333,100.0,105.0,114.0,120.0,115.0,99.33333333333333,86.33333333333333,77.33333333333333,79.33333333333333,79.0,76.0,73.0,75.0,82.33333333333333,88.33333333333333,96.0,94.0,89.0,82.0,76.0,74.0,75.0,78.0,81.0,78.0,74.0,74.0,77.0,85.0,93.0,98.0,93.33333333333333,87.33333333333333,82.33333333333333,81.33333333333333,84.33333333333333,86.33333333333333,110.66666666666667,112.66666666666667,115.0,116.0,116.0,114.33333333333333,111.33333333333333,109.33333333333333,114.33333333333333,114.33333333333333,114.33333333333333,113.33333333333333,113.33333333333333,113.33333333333333,112.33333333333333,112.0,110.33333333333333,109.33333333333333,109.33333333333333,110.33333333333333,111.33333333333333,112.33333333333333,114.33333333333333,114.33333333333333,113.33333333333333,113.33333333333333,113.33333333333333,114.33333333333333,114.66666666666667,115.33333333333333,115.66666666666667,117.0,115.0,114.0,114.0,113.0,113.0,114.0,114.0,115.0,114.0,112.0,111.0,110.33333333333333,111.33333333333333,113.33333333333333,116.33333333333333,118.33333333333333,113.33333333333333,114.0,113.66666666666667,115.0,115.0,114.33333333333333,115.0,114.0,118.33333333333333,119.33333333333333,124.0,128.33333333333334,134.0,139.0,142.33333333333334,145.33333333333334,148.66666666666666,150.0,153.33333333333334,153.66666666666666,153.33333333333334,149.66666666666666,147.33333333333334,143.66666666666666,146.33333333333334,143.66666666666666,142.0,141.66666666666666,143.0,141.66666666666666,140.0,137.66666666666666,136.0,140.0,141.66666666666666,136.33333333333334,126.33333333333333,117.0,114.66666666666667,113.0,100.33333333333333,89.0,81.33333333333333,81.33333333333333,84.66666666666667,86.33333333333333,86.0,88.0,96.66666666666667,100.0,100.0,98.0,93.0,89.0,88.0,89.0,94.33333333333333,90.33333333333333,85.33333333333333,81.33333333333333,79.33333333333333,81.0,84.0,86.0,89.0,85.0,88.0,103.0,119.0,120.0,101.0,81.33333333333333,78.0,79.33333333333333,79.33333333333333,77.33333333333333,74.33333333333333,75.33333333333333,82.0,88.33333333333333,96.33333333333333,93.0,87.0,81.0,77.0,75.0,75.0,75.0,72.0,71.0,68.0,67.0,69.0,75.0,85.0,92.0,91.33333333333333,85.33333333333333,78.33333333333333,77.33333333333333,80.33333333333333,82.33333333333333,84.33333333333333,92.33333333333333,106.33333333333333,116.66666666666667,115.66666666666667,109.0,107.33333333333333,110.33333333333333,119.0,118.0,118.0,118.0,117.0,115.0,112.0,108.33333333333333,109.0,109.0,110.0,110.0,111.0,112.0,112.66666666666667,112.66666666666667,109.66666666666667,110.66666666666667,111.66666666666667,112.66666666666667,114.0,113.66666666666667,114.33333333333333,114.33333333333333,114.33333333333333,112.66666666666667,111.66666666666667,111.66666666666667,111.0,111.0,112.0,113.0,112.0,112.0,112.33333333333333,113.33333333333333,114.33333333333333,114.0,115.0,113.66666666666667,114.0,113.66666666666667,114.0,114.33333333333333,114.33333333333333,114.0,113.66666666666667,113.33333333333333,117.0,122.33333333333333,128.66666666666666,135.33333333333334,139.33333333333334,143.66666666666666,147.66666666666666,151.0,150.66666666666666,149.66666666666666,147.0,144.66666666666666,143.33333333333334,142.0,142.33333333333334,142.0,140.33333333333334,139.0,138.33333333333334,138.33333333333334,139.33333333333334,139.33333333333334,138.33333333333334,135.66666666666666,132.66666666666666,131.66666666666666,134.66666666666666,137.33333333333334,134.33333333333334,125.33333333333333,121.0,120.66666666666667,107.0,101.33333333333333,93.33333333333333,86.66666666666667,84.33333333333333,84.66666666666667,84.33333333333333,85.0,92.33333333333333,97.0,99.33333333333333,95.33333333333333,94.0,95.0,94.33333333333333,90.33333333333333,97.0,92.33333333333333,85.66666666666667,82.33333333333333,80.33333333333333,80.0,79.0,78.33333333333333,72.0,74.33333333333333,79.33333333333333,88.33333333333333,101.33333333333333,105.33333333333333,94.33333333333333,79.0,75.33333333333333,77.0,79.0,78.0,77.0,78.0,82.0,85.33333333333333,93.33333333333333,87.0,81.0,78.0,77.0,77.0,75.0,72.0,72.0,74.0,74.0,69.0,63.0,63.0,71.0,79.0,80.0,79.0,76.0,74.0,73.0,74.0,67.33333333333333,76.33333333333333,93.66666666666667,111.0,116.33333333333333,114.0,113.33333333333333,116.33333333333333,122.0,122.0,121.0,120.0,119.0,117.0,114.0,111.33333333333333,110.0,109.33333333333333,111.0,111.0,111.0,111.0,111.66666666666667,112.66666666666667,110.66666666666667,111.66666666666667,113.0,114.0,115.0,115.0,115.33333333333333,115.33333333333333,114.66666666666667,113.66666666666667,113.66666666666667,112.66666666666667,111.66666666666667,112.66666666666667,112.66666666666667,113.66666666666667,112.33333333333333,113.0,112.66666666666667,113.66666666666667,115.0,115.0,115.33333333333333,116.0,114.33333333333333,114.0,113.66666666666667,113.33333333333333,114.33333333333333,114.33333333333333,115.33333333333333,116.0,124.66666666666667,129.33333333333334,137.33333333333334,141.0,144.66666666666666,146.33333333333334,148.0,149.66666666666666,142.66666666666666,143.66666666666666,143.66666666666666,143.66666666666666,144.0,142.0,141.0,140.0,143.33333333333334,141.33333333333334,139.33333333333334,138.33333333333334,138.33333333333334,137.33333333333334,135.33333333333334,132.66666666666666,126.66666666666667,126.66666666666667,131.33333333333334,136.33333333333334,135.66666666666666,129.66666666666666,125.66666666666667,125.66666666666667,112.33333333333333,105.33333333333333,97.0,90.66666666666667,86.66666666666667,85.33333333333333,85.0,84.0,87.33333333333333,92.0,94.33333333333333,92.33333333333333,93.33333333333333,96.33333333333333,98.0,95.33333333333333,96.0,91.0,86.33333333333333,82.33333333333333,81.0,81.0,80.33333333333333,79.33333333333333,75.33333333333333,74.33333333333333,73.33333333333333,78.33333333333333,89.33333333333333,95.33333333333333,89.33333333333333,79.33333333333333,76.33333333333333,78.33333333333333,79.33333333333333,79.33333333333333,77.33333333333333,78.33333333333333,82.33333333333333,85.0,89.33333333333333,86.0,82.0,80.0,78.0,77.0,75.0,73.0,79.0,80.0,78.0,73.0,67.0,65.0,68.0,73.0,77.0,76.0,75.0,74.0,73.0,74.0,52.666666666666664,59.666666666666664,77.33333333333333,97.33333333333333,110.66666666666667,113.33333333333333,116.0,119.0,120.33333333333333,120.33333333333333,120.0,120.0,118.33333333333333,118.33333333333333,118.33333333333333,118.33333333333333,113.0,113.0,113.0,112.0,112.33333333333333,112.33333333333333,112.33333333333333,112.33333333333333,112.66666666666667,112.66666666666667,114.66666666666667,115.66666666666667,117.33333333333333,117.33333333333333,117.33333333333333,117.33333333333333,117.33333333333333,115.66666666666667,115.66666666666667,114.66666666666667,113.66666666666667,114.66666666666667,114.66666666666667,115.66666666666667,114.0,114.0,114.66666666666667,114.66666666666667,117.0,117.0,117.33333333333333,118.0,117.33333333333333,116.0,114.33333333333333,112.66666666666667,114.0,115.66666666666667,118.33333333333333,120.66666666666667,130.33333333333334,136.0,142.33333333333334,145.0,146.66666666666666,146.0,144.66666666666666,144.66666666666666,137.66666666666666,139.66666666666666,142.66666666666666,144.66666666666666,144.66666666666666,142.66666666666666,140.0,138.0,141.33333333333334,139.33333333333334,138.33333333333334,137.33333333333334,137.66666666666666,136.66666666666666,133.66666666666666,130.66666666666666,119.66666666666667,120.33333333333333,127.0,136.0,138.0,133.66666666666666,129.33333333333334,129.33333333333334,119.0,111.33333333333333,103.33333333333333,96.0,91.33333333333333,87.66666666666667,85.66666666666667,83.33333333333333,82.33333333333333,86.33333333333333,89.33333333333333,89.33333333333333,93.33333333333333,99.33333333333333,102.0,101.33333333333333,94.0,90.0,86.33333333333333,83.33333333333333,83.0,83.0,82.0,81.0,81.0,76.0,70.0,68.0,76.0,86.0,86.0,81.0,78.0,79.0,80.0,79.0,78.0,79.0,81.0,82.33333333333333,84.33333333333333,85.0,85.0,83.0,79.0,76.0,75.0,75.0,83.0,82.0,80.0,77.0,75.0,72.0,71.0,70.0,73.0,73.0,73.0,73.0,73.0,73.0,52.666666666666664,53.666666666666664,61.666666666666664,77.66666666666667,92.0,101.0,108.33333333333333,114.66666666666667,113.33333333333333,114.33333333333333,116.0,117.0,117.33333333333333,119.33333333333333,121.33333333333333,122.33333333333333,116.33333333333333,116.0,115.33333333333333,115.33333333333333,114.33333333333333,113.33333333333333,113.33333333333333,113.33333333333333,113.66666666666667,113.66666666666667,115.66666666666667,116.66666666666667,118.33333333333333,118.33333333333333,118.33333333333333,118.33333333333333,118.33333333333333,118.33333333333333,116.66666666666667,115.66666666666667,115.0,115.66666666666667,116.66666666666667,116.66666666666667,115.0,115.0,115.66666666666667,116.33333333333333,118.0,119.33333333333333,120.0,119.33333333333333,119.33333333333333,117.33333333333333,115.0,113.0,114.66666666666667,117.33333333333333,121.0,124.66666666666667,130.66666666666666,136.33333333333334,142.0,146.66666666666666,146.0,144.0,140.66666666666666,139.66666666666666,139.0,139.66666666666666,141.66666666666666,142.66666666666666,142.66666666666666,141.66666666666666,140.0,139.0,136.33333333333334,135.33333333333334,134.33333333333334,135.33333333333334,135.66666666666666,134.66666666666666,131.66666666666666,129.0,115.0,115.66666666666667,123.0,133.0,138.0,135.0,131.0,130.33333333333334,124.33333333333333,118.0,110.0,101.66666666666667,95.66666666666667,90.66666666666667,86.66666666666667,83.0,82.0,85.33333333333333,86.33333333333333,87.33333333333333,93.33333333333333,102.0,104.33333333333333,102.33333333333333,93.0,89.33333333333333,86.33333333333333,84.33333333333333,84.0,84.0,83.0,82.0,87.0,82.0,72.0,67.0,71.0,81.0,85.0,83.0,79.0,80.0,80.0,80.0,80.0,81.0,82.0,82.33333333333333,80.33333333333333,84.0,87.0,85.0,81.0,77.0,76.0,77.0,80.0,79.0,79.0,81.0,84.0,83.0,79.0,76.0,69.0,70.0,71.0,72.0,73.0,73.0,60.666666666666664,54.666666666666664,52.333333333333336,59.666666666666664,71.0,82.66666666666667,97.33333333333333,106.66666666666667,111.0,113.33333333333333,116.0,117.0,116.33333333333333,117.33333333333333,119.66666666666667,121.33333333333333,118.33333333333333,118.33333333333333,117.66666666666667,117.66666666666667,116.66666666666667,115.66666666666667,116.0,116.0,113.0,114.0,115.33333333333333,116.33333333333333,117.33333333333333,118.33333333333333,118.33333333333333,117.33333333333333,118.33333333333333,118.33333333333333,116.66666666666667,115.66666666666667,115.0,116.0,116.66666666666667,116.66666666666667,115.0,116.0,115.66666666666667,117.33333333333333,119.0,120.33333333333333,122.0,121.33333333333333,121.33333333333333,118.33333333333333,116.0,114.0,115.33333333333333,120.0,124.66666666666667,128.33333333333334,131.33333333333334,136.66666666666666,142.66666666666666,146.0,146.0,143.66666666666666,141.33333333333334,140.33333333333334,140.66666666666666,140.66666666666666,139.66666666666666,138.66666666666666,137.66666666666666,136.66666666666666,136.66666666666666,136.66666666666666,134.66666666666666,133.66666666666666,133.0,132.0,132.0,129.0,125.0,122.0,112.33333333333333,111.33333333333333,118.66666666666667,128.66666666666666,135.66666666666666,133.0,130.66666666666666,129.66666666666666,127.66666666666667,122.33333333333333,114.66666666666667,107.0,100.66666666666667,95.33333333333333,89.33333333333333,84.33333333333333,85.33333333333333,88.0,88.0,89.0,95.0,102.0,102.33333333333333,98.33333333333333,92.0,89.33333333333333,87.33333333333333,85.33333333333333,86.0,86.0,85.0,83.0,88.0,85.0,77.0,70.0,71.0,78.0,82.0,81.0,80.0,80.0,80.0,81.0,82.0,83.0,83.0,81.33333333333333,79.33333333333333,83.0,87.0,86.0,82.0,78.0,77.0,77.0,77.0,77.0,79.0,84.0,89.0,90.0,85.0,80.0,69.0,70.0,71.0,72.0,73.0,73.0,66.33333333333333,58.333333333333336,51.0,52.0,57.333333333333336,67.0,83.33333333333333,96.33333333333333,107.66666666666667,113.0,116.33333333333333,117.0,116.0,113.0,115.0,116.66666666666667,116.66666666666667,116.66666666666667,117.33333333333333,116.66666666666667,117.33333333333333,115.66666666666667,116.0,116.0,111.0,112.0,114.33333333333333,115.33333333333333,116.33333333333333,116.33333333333333,116.33333333333333,116.33333333333333,117.33333333333333,116.33333333333333,116.33333333333333,114.66666666666667,114.0,115.0,114.66666666666667,115.66666666666667,115.0,115.33333333333333,116.33333333333333,117.33333333333333,119.33333333333333,120.33333333333333,122.0,123.0,121.0,118.66666666666667,117.66666666666667,115.66666666666667,118.0,122.66666666666667,127.33333333333333,131.33333333333334,134.66666666666666,139.0,144.33333333333334,146.0,145.66666666666666,143.66666666666666,141.33333333333334,140.33333333333334,140.66666666666666,138.66666666666666,136.66666666666666,134.66666666666666,133.66666666666666,133.66666666666666,134.66666666666666,135.66666666666666,136.66666666666666,135.0,134.0,132.0,130.0,125.0,119.0,115.0,109.66666666666667,107.66666666666667,112.66666666666667,123.66666666666667,131.66666666666666,131.66666666666666,130.0,129.33333333333334,129.33333333333334,124.0,117.66666666666667,111.33333333333333,105.33333333333333,98.66666666666667,92.33333333333333,86.66666666666667,90.0,91.0,91.0,92.33333333333333,98.0,102.0,100.33333333333333,94.0,93.33333333333333,90.33333333333333,88.33333333333333,87.33333333333333,87.0,87.0,85.0,83.0,85.0,85.0,80.0,72.0,71.0,75.0,78.0,78.0,79.0,79.0,79.0,82.0,85.0,86.0,85.0,82.33333333333333,82.33333333333333,84.0,86.0,85.0,83.0,79.0,77.0,76.0,78.0,79.0,82.0,87.0,90.0,90.0,84.0,79.0,73.0,73.0,73.0,73.0,73.0,73.0,73.0,67.33333333333333,61.0,58.0,55.0,57.0,68.0,79.66666666666667,96.33333333333333,102.66666666666667,109.66666666666667,112.0,110.33333333333333,109.0,111.0,112.66666666666667,114.33333333333333,114.0,114.33333333333333,114.0,115.0,115.33333333333333,115.33333333333333,115.33333333333333,109.33333333333333,110.33333333333333,111.0,113.0,113.33333333333333,114.33333333333333,114.33333333333333,113.33333333333333,116.0,114.33333333333333,114.33333333333333,112.66666666666667,112.0,113.0,113.0,114.0,114.33333333333333,114.33333333333333,115.33333333333333,117.33333333333333,119.33333333333333,120.33333333333333,122.0,123.0,120.66666666666667,119.33333333333333,118.33333333333333,118.33333333333333,120.66666666666667,124.0,129.0,132.0,136.33333333333334,139.66666666666666,142.33333333333334,143.66666666666666,141.66666666666666,138.33333333333334,137.33333333333334,137.33333333333334,138.66666666666666,138.0,138.0,138.0,138.0,138.0,137.33333333333334,137.33333333333334,133.33333333333334,132.66666666666666,132.66666666666666,131.66666666666666,130.66666666666666,126.66666666666667,121.66666666666667,117.66666666666667,105.66666666666667,102.66666666666667,106.33333333333333,118.33333333333333,128.66666666666666,131.66666666666666,131.33333333333334,131.66666666666666,128.0,123.33333333333333,118.33333333333333,114.0,108.66666666666667,102.0,95.66666666666667,90.33333333333333,92.0,93.33333333333333,94.33333333333333,96.0,101.33333333333333,104.33333333333333,100.0,91.0,94.33333333333333,91.33333333333333,89.33333333333333,88.33333333333333,87.33333333333333,86.33333333333333,84.0,82.0,83.33333333333333,84.33333333333333,81.33333333333333,74.33333333333333,70.33333333333333,73.33333333333333,76.33333333333333,76.33333333333333,77.33333333333333,77.33333333333333,77.33333333333333,81.33333333333333,85.33333333333333,87.33333333333333,86.33333333333333,84.0,86.33333333333333,85.0,84.0,84.0,83.0,81.0,78.0,75.0,77.0,79.0,83.0,87.0,89.0,88.0,83.0,80.0,77.0,76.0,75.0,74.0,73.0,74.0,77.66666666666667,74.33333333333333,71.66666666666667,66.66666666666667,57.666666666666664,51.0,55.0,64.0,80.33333333333333,89.33333333333333,99.66666666666667,105.66666666666667,107.0,106.33333333333333,109.33333333333333,112.0,110.33333333333333,110.33333333333333,112.0,111.33333333333333,113.0,114.0,114.0,113.33333333333333,108.33333333333333,109.33333333333333,110.33333333333333,111.0,112.33333333333333,112.33333333333333,112.33333333333333,112.33333333333333,115.0,114.0,112.33333333333333,112.33333333333333,111.33333333333333,111.0,112.0,113.0,113.33333333333333,114.33333333333333,115.33333333333333,117.0,119.33333333333333,121.0,122.33333333333333,122.66666666666667,120.66666666666667,120.33333333333333,119.33333333333333,120.0,123.0,125.33333333333333,130.0,131.66666666666666,136.66666666666666,138.33333333333334,139.66666666666666,139.66666666666666,136.33333333333334,133.33333333333334,132.33333333333334,132.33333333333334,137.66666666666666,139.0,142.0,145.0,146.0,145.33333333333334,143.33333333333334,142.33333333333334,127.66666666666667,128.66666666666666,129.66666666666666,131.66666666666666,133.66666666666666,132.66666666666666,128.66666666666666,124.66666666666667,102.66666666666667,98.66666666666667,102.66666666666667,114.66666666666667,127.33333333333333,132.33333333333334,132.66666666666666,133.66666666666666,127.0,123.66666666666667,119.0,114.66666666666667,110.0,103.66666666666667,97.0,91.66666666666667,93.66666666666667,95.0,96.0,98.0,103.33333333333333,106.0,99.0,90.0,95.33333333333333,92.33333333333333,90.33333333333333,89.33333333333333,88.33333333333333,86.33333333333333,84.0,82.0,85.33333333333333,87.33333333333333,84.33333333333333,76.33333333333333,72.33333333333333,74.33333333333333,78.33333333333333,79.33333333333333,76.33333333333333,76.33333333333333,77.33333333333333,81.33333333333333,86.33333333333333,89.33333333333333,87.33333333333333,85.0,89.33333333333333,86.0,83.0,82.0,83.0,82.0,78.0,74.0,74.0,77.0,83.0,87.0,88.0,87.0,85.0,83.0,80.0,79.0,76.0,74.0,73.0,74.0,83.33333333333333,76.33333333333333,70.33333333333333,67.33333333333333,62.0,57.0,56.0,58.666666666666664,66.0,73.33333333333333,85.33333333333333,94.66666666666667,99.33333333333333,102.33333333333333,105.33333333333333,108.33333333333333,110.0,109.0,108.33333333333333,107.0,109.0,111.0,114.33333333333333,116.0,112.0,113.33333333333333,114.33333333333333,113.33333333333333,111.0,111.0,111.0,113.0,116.0,116.0,114.33333333333333,114.33333333333333,114.33333333333333,115.33333333333333,116.33333333333333,117.33333333333333,116.33333333333333,116.33333333333333,116.33333333333333,117.0,118.33333333333333,120.0,121.33333333333333,122.66666666666667,119.33333333333333,120.66666666666667,122.0,124.66666666666667,128.33333333333334,130.66666666666666,134.66666666666666,136.0,141.66666666666666,138.66666666666666,134.66666666666666,131.66666666666666,129.33333333333334,129.33333333333334,131.0,131.66666666666666,131.0,142.0,149.0,151.0,159.0,166.0,160.0,146.0,128.0,117.0,117.0,131.0,139.66666666666666,133.66666666666666,124.66666666666667,123.66666666666667,107.0,102.0,101.66666666666667,109.66666666666667,123.33333333333333,131.33333333333334,128.66666666666666,124.33333333333333,125.0,120.33333333333333,115.33333333333333,108.66666666666667,103.33333333333333,98.0,94.66666666666667,92.33333333333333,90.66666666666667,94.66666666666667,99.66666666666667,102.66666666666667,101.0,97.33333333333333,92.33333333333333,90.33333333333333,95.33333333333333,94.33333333333333,93.33333333333333,89.33333333333333,85.33333333333333,83.33333333333333,84.33333333333333,86.33333333333333,82.33333333333333,80.33333333333333,79.33333333333333,79.33333333333333,81.33333333333333,81.33333333333333,80.33333333333333,78.33333333333333,75.33333333333333,76.33333333333333,79.33333333333333,83.33333333333333,88.33333333333333,92.33333333333333,93.33333333333333,93.0,88.33333333333333,86.0,83.0,83.0,83.0,82.0,80.0,78.0,73.0,76.0,79.0,82.0,83.0,82.0,80.0,78.0,80.0,80.0,79.0,78.0,78.0,77.0,88.66666666666667,81.66666666666667,75.33333333333333,72.33333333333333,65.33333333333333,58.0,54.0,56.0,62.0,70.0,79.66666666666667,87.66666666666667,93.33333333333333,97.33333333333333,102.0,105.0,108.0,107.0,106.66666666666667,106.33333333333333,106.33333333333333,108.0,110.33333333333333,111.33333333333333,112.33333333333333,113.0,114.0,112.33333333333333,110.33333333333333,110.0,112.0,113.0,114.0,114.0,114.0,113.33333333333333,113.0,113.33333333333333,114.33333333333333,115.33333333333333,114.33333333333333,114.66666666666667,115.0,115.33333333333333,117.0,118.0,119.33333333333333,121.33333333333333,122.33333333333333,123.0,124.66666666666667,126.66666666666667,129.66666666666666,133.0,135.66666666666666,137.66666666666666,135.33333333333334,133.66666666666666,130.66666666666666,128.66666666666666,127.33333333333333,127.33333333333333,128.0,128.66666666666666,131.0,138.0,143.0,150.0,166.0,182.0,179.0,167.0,139.0,126.0,121.0,129.66666666666666,134.66666666666666,128.66666666666666,122.66666666666667,122.66666666666667,113.66666666666667,108.33333333333333,105.33333333333333,110.66666666666667,120.66666666666667,126.66666666666667,123.66666666666667,119.33333333333333,123.0,119.66666666666667,114.33333333333333,107.66666666666667,102.33333333333333,97.66666666666667,94.66666666666667,92.66666666666667,90.33333333333333,93.66666666666667,97.66666666666667,100.66666666666667,100.33333333333333,97.33333333333333,94.33333333333333,92.33333333333333,93.33333333333333,93.33333333333333,93.33333333333333,90.33333333333333,87.33333333333333,85.33333333333333,86.33333333333333,87.33333333333333,83.33333333333333,81.33333333333333,79.33333333333333,79.33333333333333,80.33333333333333,80.33333333333333,78.33333333333333,77.33333333333333,75.33333333333333,76.33333333333333,79.33333333333333,83.33333333333333,88.33333333333333,93.33333333333333,95.33333333333333,96.0,90.33333333333333,88.0,86.0,85.0,84.0,83.0,80.0,78.0,72.0,74.0,77.0,80.0,81.0,80.0,78.0,77.0,77.0,77.0,77.0,78.0,78.0,78.0,94.33333333333333,88.33333333333333,83.33333333333333,79.33333333333333,71.33333333333333,60.0,54.333333333333336,53.666666666666664,60.0,64.66666666666667,71.0,78.0,83.33333333333333,89.33333333333333,93.66666666666667,97.66666666666667,102.66666666666667,102.66666666666667,103.33333333333333,103.66666666666667,105.66666666666667,106.0,108.33333333333333,109.0,112.33333333333333,113.0,112.0,110.33333333333333,108.33333333333333,109.33333333333333,111.0,114.0,112.0,112.0,111.0,110.33333333333333,111.0,111.0,111.33333333333333,112.33333333333333,112.66666666666667,112.66666666666667,114.0,115.33333333333333,117.0,117.33333333333333,118.66666666666667,119.0,121.66666666666667,123.33333333333333,123.66666666666667,124.66666666666667,128.0,130.33333333333334,132.66666666666666,134.66666666666666,128.33333333333334,127.0,126.0,125.0,124.66666666666667,124.66666666666667,124.66666666666667,124.0,128.0,130.66666666666666,133.66666666666666,144.66666666666666,168.0,191.0,196.0,189.0,156.33333333333334,142.33333333333334,132.33333333333334,133.33333333333334,133.33333333333334,127.33333333333333,124.33333333333333,126.33333333333333,124.0,117.0,111.0,114.66666666666667,121.66666666666667,126.66666666666667,124.66666666666667,121.0,121.0,116.66666666666667,111.33333333333333,104.66666666666667,99.33333333333333,95.66666666666667,93.0,90.66666666666667,91.0,91.66666666666667,95.33333333333333,98.33333333333333,99.66666666666667,98.66666666666667,95.66666666666667,93.66666666666667,90.0,91.0,92.33333333333333,91.33333333333333,89.33333333333333,87.33333333333333,88.33333333333333,89.33333333333333,85.0,83.0,80.0,78.0,78.0,78.0,76.0,74.0,75.0,77.0,80.0,84.0,88.0,93.0,97.0,100.0,95.33333333333333,93.0,90.0,89.0,87.0,85.0,81.0,78.0,72.0,73.0,76.0,78.0,79.0,78.0,77.0,75.0,75.0,75.0,76.0,77.0,77.0,78.0,98.33333333333333,93.33333333333333,88.66666666666667,86.33333333333333,77.33333333333333,64.33333333333333,56.666666666666664,54.333333333333336,58.666666666666664,61.0,63.666666666666664,68.66666666666667,72.0,77.0,81.66666666666667,84.66666666666667,89.66666666666667,91.33333333333333,94.66666666666667,98.33333333333333,102.33333333333333,105.66666666666667,109.66666666666667,111.33333333333333,111.66666666666667,111.33333333333333,111.0,109.0,107.33333333333333,108.33333333333333,111.0,114.0,111.33333333333333,110.33333333333333,110.0,109.0,108.0,109.0,109.33333333333333,109.33333333333333,111.66666666666667,112.66666666666667,114.0,114.33333333333333,116.0,116.33333333333333,116.66666666666667,117.66666666666667,117.0,117.33333333333333,117.66666666666667,119.33333333333333,120.66666666666667,123.0,124.0,125.66666666666667,122.0,122.0,122.0,122.66666666666667,122.66666666666667,122.0,122.0,121.66666666666667,122.66666666666667,123.66666666666667,126.66666666666667,135.66666666666666,156.0,179.0,192.0,192.0,164.33333333333334,153.33333333333334,143.33333333333334,139.33333333333334,136.33333333333334,130.33333333333334,128.33333333333334,129.33333333333334,126.0,119.0,114.0,115.0,121.66666666666667,126.66666666666667,126.66666666666667,124.0,120.33333333333333,116.33333333333333,110.0,102.66666666666667,97.33333333333333,93.66666666666667,91.0,90.0,91.0,90.33333333333333,92.33333333333333,94.33333333333333,96.66666666666667,97.66666666666667,95.66666666666667,94.66666666666667,87.0,88.0,90.33333333333333,90.33333333333333,89.33333333333333,89.33333333333333,90.33333333333333,92.33333333333333,87.0,84.0,80.0,78.0,77.0,76.0,74.0,73.0,75.0,77.0,80.0,83.0,87.0,93.0,99.0,102.33333333333333,99.33333333333333,97.0,94.0,92.0,90.0,86.0,81.0,78.0,72.0,74.0,76.0,77.0,78.0,77.0,76.0,75.0,75.0,76.0,76.0,76.0,77.0,77.0,99.66666666666667,95.66666666666667,92.66666666666667,91.33333333333333,83.66666666666667,69.33333333333333,60.666666666666664,58.333333333333336,58.666666666666664,59.666666666666664,60.666666666666664,62.0,65.0,67.0,68.0,68.33333333333333,71.0,72.66666666666667,78.0,84.66666666666667,92.33333333333333,99.66666666666667,105.66666666666667,109.33333333333333,108.33333333333333,109.0,109.0,109.0,106.33333333333333,107.33333333333333,109.66666666666667,112.0,110.33333333333333,110.33333333333333,109.0,109.0,107.0,108.0,108.0,109.0,108.66666666666667,109.66666666666667,111.0,111.33333333333333,112.0,111.33333333333333,110.66666666666667,111.66666666666667,111.0,111.0,111.66666666666667,111.33333333333333,112.66666666666667,114.0,115.0,116.0,115.66666666666667,115.33333333333333,116.33333333333333,116.0,116.0,116.33333333333333,116.33333333333333,116.33333333333333,115.66666666666667,119.33333333333333,122.33333333333333,125.33333333333333,134.66666666666666,151.66666666666666,167.66666666666666,175.66666666666666,159.0,154.0,149.0,146.0,140.33333333333334,134.33333333333334,130.33333333333334,130.33333333333334,125.33333333333333,120.33333333333333,115.0,115.0,119.33333333333333,123.33333333333333,123.33333333333333,121.0,121.33333333333333,117.33333333333333,111.0,103.66666666666667,98.33333333333333,95.0,93.66666666666667,92.33333333333333,92.33333333333333,90.0,89.0,90.0,93.33333333333333,95.33333333333333,93.66666666666667,91.66666666666667,84.0,86.0,88.33333333333333,89.33333333333333,88.33333333333333,89.33333333333333,91.66666666666667,93.66666666666667,90.0,86.0,81.0,78.0,76.0,75.0,74.0,72.0,74.0,76.0,79.0,81.0,84.0,90.0,98.0,102.33333333333333,101.33333333333333,99.0,96.0,94.0,92.0,87.0,81.0,77.0,74.0,75.0,76.0,77.0,78.0,77.0,76.0,76.0,78.0,78.0,78.0,77.0,77.0,76.0,101.66666666666667,98.66666666666667,95.66666666666667,94.33333333333333,86.33333333333333,74.0,64.33333333333333,61.666666666666664,58.333333333333336,57.666666666666664,59.0,60.666666666666664,62.666666666666664,61.666666666666664,57.666666666666664,54.666666666666664,55.333333333333336,57.0,61.0,69.0,77.66666666666667,87.33333333333333,96.33333333333333,100.66666666666667,105.33333333333333,107.0,109.33333333333333,109.0,107.33333333333333,107.33333333333333,107.66666666666667,110.33333333333333,112.33333333333333,111.33333333333333,110.0,109.0,108.0,108.0,109.0,109.0,105.66666666666667,105.66666666666667,107.33333333333333,107.33333333333333,107.33333333333333,105.33333333333333,102.66666666666667,102.66666666666667,105.0,104.0,105.33333333333333,103.66666666666667,104.33333333333333,104.66666666666667,106.0,106.0,105.33333333333333,105.33333333333333,104.0,103.66666666666667,103.33333333333333,104.33333333333333,105.33333333333333,104.66666666666667,107.33333333333333,111.33333333333333,114.33333333333333,113.33333333333333,114.66666666666667,122.66666666666667,135.66666666666666,146.66666666666666,149.0,150.0,150.0,148.0,142.33333333333334,136.33333333333334,131.33333333333334,129.66666666666666,127.0,123.0,117.33333333333333,117.0,119.0,120.0,119.0,116.33333333333333,117.66666666666667,113.66666666666667,108.0,103.66666666666667,99.0,98.0,99.66666666666667,99.33333333333333,94.33333333333333,90.0,86.0,86.0,88.33333333333333,90.33333333333333,88.66666666666667,86.66666666666667,83.0,84.0,85.33333333333333,85.33333333333333,86.33333333333333,88.33333333333333,91.66666666666667,94.66666666666667,91.0,87.0,82.0,78.0,77.0,76.0,75.0,74.0,73.0,75.0,77.0,78.0,80.0,86.0,95.0,101.33333333333333,100.33333333333333,98.0,96.0,95.0,92.0,87.0,81.0,76.0,75.0,76.0,76.0,77.0,77.0,76.0,76.0,76.0,80.0,80.0,79.0,79.0,78.0,77.0,106.66666666666667,101.66666666666667,98.66666666666667,96.33333333333333,87.33333333333333,75.0,65.0,62.666666666666664,54.333333333333336,56.333333333333336,58.333333333333336,61.666666666666664,63.333333333333336,59.666666666666664,53.0,46.333333333333336,52.0,51.333333333333336,54.0,58.0,66.66666666666667,76.33333333333333,85.33333333333333,90.66666666666667,102.33333333333333,105.0,108.33333333333333,110.0,108.33333333333333,107.33333333333333,107.33333333333333,108.33333333333333,113.33333333333333,113.33333333333333,112.33333333333333,111.0,109.0,109.0,109.0,110.0,106.66666666666667,106.66666666666667,107.33333333333333,107.33333333333333,106.33333333333333,102.33333333333333,99.66666666666667,98.66666666666667,97.0,95.66666666666667,95.66666666666667,94.66666666666667,94.33333333333333,94.66666666666667,95.0,96.0,92.0,91.0,88.66666666666667,86.66666666666667,86.33333333333333,86.66666666666667,88.66666666666667,89.33333333333333,93.66666666666667,95.66666666666667,98.33333333333333,98.33333333333333,97.33333333333333,100.33333333333333,108.33333333333333,116.33333333333333,126.33333333333333,130.33333333333334,134.66666666666666,131.66666666666666,125.66666666666667,120.66666666666667,117.0,116.0,113.0,110.0,107.0,107.66666666666667,109.0,110.0,108.0,105.33333333333333,104.0,100.66666666666667,97.0,94.66666666666667,94.0,96.0,99.66666666666667,101.33333333333333,97.33333333333333,91.33333333333333,84.0,82.0,84.33333333333333,86.33333333333333,84.33333333333333,82.33333333333333,83.0,83.0,83.33333333333333,82.33333333333333,82.33333333333333,86.33333333333333,90.66666666666667,95.66666666666667,92.0,88.0,83.0,79.0,78.0,78.0,77.0,76.0,72.0,74.0,76.0,75.0,75.0,81.0,91.0,98.33333333333333,98.33333333333333,97.0,95.0,94.0,91.0,87.0,80.0,75.0,74.0,74.0,75.0,75.0,75.0,74.0,74.0,74.0,80.0,80.0,80.0,79.0,79.0,79.0,109.66666666666667,104.66666666666667,100.66666666666667,97.33333333333333,87.33333333333333,73.66666666666667,65.0,62.333333333333336,51.0,53.0,58.0,63.333333333333336,65.33333333333333,60.333333333333336,51.0,43.333333333333336,56.0,54.333333333333336,53.333333333333336,56.333333333333336,62.0,71.0,79.66666666666667,85.33333333333333,101.33333333333333,104.33333333333333,108.33333333333333,110.0,110.0,107.33333333333333,106.33333333333333,106.33333333333333,114.33333333333333,114.33333333333333,113.33333333333333,112.0,110.33333333333333,110.0,110.0,111.0,110.0,110.66666666666667,111.33333333333333,110.33333333333333,108.0,104.0,101.33333333333333,99.33333333333333,90.0,89.66666666666667,87.66666666666667,87.33333333333333,86.33333333333333,86.66666666666667,87.0,87.0,83.0,81.0,77.0,74.66666666666667,74.33333333333333,74.66666666666667,77.66666666666667,79.33333333333333,82.33333333333333,80.66666666666667,82.66666666666667,85.33333333333333,88.66666666666667,89.33333333333333,93.0,96.33333333333333,101.0,106.33333333333333,111.33333333333333,107.66666666666667,101.33333333333333,96.66666666666667,94.33333333333333,93.0,88.0,87.0,86.0,88.66666666666667,91.66666666666667,92.66666666666667,91.66666666666667,90.0,88.0,86.0,85.0,83.66666666666667,86.66666666666667,91.66666666666667,96.66666666666667,99.33333333333333,99.0,92.0,82.33333333333333,79.33333333333333,80.66666666666667,82.66666666666667,80.66666666666667,77.66666666666667,83.0,83.0,81.33333333333333,80.33333333333333,80.33333333333333,84.33333333333333,90.66666666666667,95.66666666666667,93.0,89.0,83.0,79.0,78.0,79.33333333333333,78.33333333333333,78.33333333333333,71.33333333333333,73.0,74.0,73.0,73.0,77.33333333333333,88.33333333333333,96.33333333333333,96.0,94.66666666666667,93.66666666666667,92.66666666666667,91.0,86.0,80.0,75.0,73.0,73.0,73.0,73.33333333333333,73.33333333333333,73.33333333333333,73.33333333333333,72.33333333333333,78.0,79.0,79.0,80.0,81.0,81.0,103.33333333333333,106.33333333333333,103.66666666666667,93.66666666666667,82.33333333333333,75.66666666666667,68.66666666666667,63.0,50.333333333333336,48.666666666666664,48.333333333333336,51.333333333333336,54.333333333333336,56.333333333333336,54.333333333333336,52.333333333333336,58.666666666666664,57.0,55.0,55.0,59.0,65.0,70.66666666666667,74.0,92.0,101.33333333333333,110.33333333333333,113.66666666666667,115.0,114.33333333333333,110.33333333333333,105.33333333333333,110.33333333333333,111.33333333333333,111.0,112.0,111.33333333333333,110.33333333333333,110.33333333333333,109.0,112.0,111.66666666666667,111.33333333333333,110.33333333333333,108.0,104.66666666666667,102.66666666666667,102.0,87.66666666666667,89.66666666666667,89.66666666666667,90.66666666666667,91.66666666666667,92.0,93.0,93.0,88.0,88.0,88.0,88.0,88.0,86.66666666666667,86.66666666666667,86.66666666666667,88.0,87.33333333333333,88.33333333333333,86.66666666666667,86.33333333333333,83.66666666666667,83.33333333333333,82.0,87.33333333333333,92.0,96.0,94.33333333333333,90.0,82.33333333333333,79.0,76.33333333333333,76.66666666666667,78.66666666666667,81.0,81.0,81.0,81.0,81.66666666666667,83.33333333333333,85.66666666666667,82.33333333333333,78.33333333333333,78.0,80.66666666666667,88.0,96.0,100.33333333333333,94.66666666666667,90.66666666666667,84.66666666666667,80.66666666666667,79.33333333333333,77.33333333333333,76.33333333333333,74.33333333333333,80.33333333333333,78.33333333333333,78.33333333333333,79.33333333333333,82.33333333333333,85.33333333333333,87.33333333333333,87.33333333333333,90.0,87.0,82.33333333333333,78.33333333333333,76.33333333333333,78.0,80.0,82.0,82.0,78.33333333333333,74.0,70.0,69.33333333333333,75.0,84.0,89.66666666666667,90.0,89.0,88.0,87.0,85.66666666666667,80.66666666666667,76.0,72.0,73.33333333333333,70.33333333333333,70.33333333333333,74.0,75.0,73.0,74.0,78.0,81.33333333333333,82.33333333333333,82.33333333333333,83.33333333333333,84.33333333333333,85.33333333333333,99.66666666666667,102.66666666666667,99.66666666666667,89.66666666666667,80.33333333333333,74.33333333333333,68.66666666666667,63.0,53.333333333333336,51.333333333333336,50.333333333333336,52.333333333333336,55.333333333333336,56.333333333333336,55.333333333333336,54.333333333333336,58.666666666666664,57.666666666666664,56.666666666666664,56.666666666666664,59.666666666666664,64.66666666666667,69.33333333333333,71.66666666666667,87.66666666666667,97.0,106.66666666666667,110.66666666666667,114.33333333333333,116.33333333333333,113.33333333333333,108.0,111.33333333333333,111.33333333333333,112.0,113.0,112.33333333333333,111.33333333333333,110.33333333333333,110.33333333333333,111.0,111.33333333333333,111.33333333333333,110.66666666666667,107.66666666666667,103.66666666666667,101.33333333333333,100.33333333333333,94.66666666666667,96.0,97.0,97.0,98.0,98.0,98.0,99.0,102.0,102.0,102.0,102.0,102.0,102.0,103.0,103.0,100.0,99.0,99.0,98.33333333333333,97.33333333333333,97.33333333333333,96.33333333333333,96.33333333333333,97.33333333333333,101.33333333333333,106.0,106.0,101.0,95.0,90.0,88.0,84.33333333333333,87.66666666666667,89.66666666666667,91.0,90.0,88.33333333333333,88.66666666666667,89.0,91.0,88.33333333333333,84.66666666666667,82.66666666666667,84.66666666666667,88.33333333333333,93.66666666666667,96.66666666666667,94.33333333333333,89.0,84.66666666666667,79.66666666666667,78.0,76.0,74.33333333333333,72.33333333333333,77.33333333333333,77.33333333333333,78.33333333333333,80.33333333333333,83.33333333333333,85.33333333333333,85.33333333333333,84.33333333333333,83.0,81.0,79.33333333333333,76.33333333333333,77.0,78.0,80.33333333333333,82.33333333333333,82.0,79.33333333333333,76.33333333333333,71.33333333333333,70.33333333333333,74.0,80.66666666666667,86.0,89.0,87.33333333333333,86.0,85.0,83.0,79.0,76.66666666666667,74.0,74.33333333333333,71.33333333333333,71.0,74.0,75.33333333333333,73.33333333333333,74.33333333333333,78.0,80.33333333333333,81.0,82.33333333333333,83.0,84.33333333333333,85.0,92.66666666666667,95.66666666666667,92.33333333333333,83.33333333333333,76.66666666666667,72.66666666666667,68.33333333333333,64.33333333333333,58.333333333333336,56.333333333333336,54.333333333333336,54.333333333333336,55.333333333333336,57.333333333333336,57.333333333333336,56.333333333333336,58.666666666666664,58.666666666666664,58.666666666666664,59.666666666666664,61.666666666666664,64.66666666666667,67.33333333333333,67.66666666666667,81.66666666666667,90.0,99.66666666666667,105.66666666666667,112.33333333333333,116.33333333333333,115.33333333333333,111.0,112.33333333333333,112.33333333333333,113.0,114.0,113.33333333333333,112.33333333333333,111.33333333333333,111.33333333333333,110.33333333333333,110.33333333333333,111.0,110.0,107.66666666666667,103.66666666666667,98.66666666666667,98.0,100.33333333333333,101.0,102.0,102.0,102.0,102.0,103.0,103.0,107.0,108.0,108.0,109.0,109.0,110.0,110.0,111.0,109.66666666666667,108.66666666666667,107.66666666666667,107.0,107.0,108.0,109.33333333333333,110.33333333333333,107.33333333333333,111.33333333333333,116.33333333333333,117.33333333333333,114.33333333333333,107.33333333333333,101.33333333333333,99.0,95.0,98.0,101.0,102.0,100.66666666666667,98.0,96.33333333333333,96.33333333333333,98.0,95.33333333333333,91.66666666666667,89.33333333333333,88.33333333333333,89.33333333333333,91.33333333333333,93.0,92.33333333333333,88.0,83.66666666666667,78.66666666666667,77.0,74.0,72.33333333333333,69.33333333333333,74.33333333333333,74.33333333333333,77.33333333333333,81.33333333333333,84.33333333333333,85.33333333333333,83.33333333333333,81.33333333333333,76.0,75.0,75.33333333333333,75.33333333333333,77.0,78.0,79.0,80.0,82.0,80.33333333333333,78.33333333333333,75.33333333333333,73.33333333333333,74.0,77.66666666666667,81.0,86.0,85.33333333333333,83.33333333333333,81.33333333333333,80.0,78.0,77.66666666666667,77.0,75.33333333333333,72.33333333333333,72.0,74.0,74.33333333333333,72.33333333333333,74.33333333333333,78.0,80.0,80.66666666666667,82.0,83.66666666666667,85.0,85.66666666666667,84.66666666666667,87.66666666666667,85.33333333333333,78.33333333333333,72.66666666666667,70.66666666666667,68.33333333333333,65.33333333333333,63.333333333333336,61.333333333333336,58.333333333333336,56.333333333333336,56.333333333333336,58.333333333333336,59.333333333333336,60.666666666666664,61.666666666666664,61.666666666666664,62.666666666666664,63.666666666666664,64.66666666666667,65.66666666666667,66.33333333333333,66.66666666666667,76.66666666666667,84.0,93.66666666666667,99.66666666666667,108.33333333333333,115.0,114.33333333333333,110.33333333333333,112.0,113.33333333333333,113.0,114.0,113.33333333333333,112.33333333333333,112.33333333333333,111.33333333333333,110.0,110.0,110.0,108.33333333333333,106.33333333333333,101.0,97.33333333333333,96.33333333333333,102.33333333333333,103.0,103.0,102.0,102.0,102.0,102.0,102.0,104.0,105.0,105.0,106.0,107.0,108.0,109.0,110.0,109.66666666666667,108.66666666666667,106.66666666666667,105.66666666666667,105.66666666666667,108.0,111.0,112.0,109.33333333333333,113.33333333333333,118.33333333333333,121.33333333333333,119.33333333333333,113.33333333333333,106.33333333333333,102.33333333333333,100.0,103.0,107.0,107.0,105.0,101.33333333333333,99.0,98.0,99.66666666666667,97.66666666666667,95.66666666666667,93.66666666666667,92.0,90.33333333333333,91.0,90.33333333333333,91.66666666666667,87.0,82.66666666666667,78.66666666666667,76.0,73.0,70.33333333333333,67.33333333333333,71.33333333333333,72.33333333333333,77.33333333333333,82.33333333333333,85.33333333333333,85.33333333333333,81.33333333333333,78.33333333333333,73.0,74.0,75.33333333333333,76.33333333333333,78.0,78.0,78.0,78.0,82.0,81.33333333333333,81.0,78.33333333333333,76.33333333333333,75.0,75.66666666666667,77.0,83.33333333333333,83.33333333333333,82.33333333333333,80.33333333333333,79.0,78.0,79.66666666666667,80.66666666666667,77.0,73.33333333333333,72.0,73.0,73.33333333333333,71.33333333333333,73.33333333333333,77.0,80.0,80.66666666666667,83.66666666666667,85.66666666666667,86.66666666666667,87.66666666666667,76.33333333333333,80.33333333333333,80.33333333333333,75.33333333333333,71.66666666666667,70.66666666666667,68.33333333333333,65.33333333333333,65.0,64.0,62.333333333333336,59.333333333333336,58.0,59.0,61.666666666666664,62.666666666666664,64.66666666666667,65.0,66.0,67.0,67.66666666666667,68.66666666666667,68.33333333333333,67.66666666666667,73.66666666666667,80.0,86.66666666666667,93.66666666666667,102.33333333333333,111.0,110.33333333333333,106.33333333333333,111.0,111.0,112.0,112.0,112.0,112.0,111.0,111.0,108.66666666666667,108.33333333333333,108.33333333333333,106.33333333333333,104.0,100.0,97.66666666666667,95.66666666666667,104.0,104.0,103.0,103.0,102.0,101.0,101.0,101.0,102.0,102.0,103.0,104.0,105.0,106.0,107.0,107.0,103.66666666666667,102.66666666666667,100.66666666666667,99.66666666666667,100.66666666666667,102.66666666666667,105.66666666666667,107.66666666666667,104.0,107.0,111.0,114.33333333333333,114.33333333333333,109.33333333333333,103.33333333333333,99.33333333333333,97.66666666666667,100.66666666666667,104.0,105.0,103.0,99.33333333333333,96.0,94.66666666666667,96.33333333333333,95.66666666666667,95.0,94.33333333333333,93.33333333333333,91.33333333333333,90.33333333333333,88.66666666666667,89.66666666666667,85.0,81.66666666666667,77.66666666666667,76.0,73.0,69.33333333333333,66.33333333333333,69.33333333333333,72.33333333333333,77.33333333333333,83.33333333333333,86.33333333333333,85.33333333333333,80.33333333333333,76.33333333333333,75.33333333333333,75.33333333333333,77.0,77.0,77.33333333333333,76.33333333333333,76.0,75.0,79.33333333333333,81.33333333333333,82.0,80.33333333333333,78.33333333333333,76.0,75.66666666666667,75.0,83.33333333333333,84.0,84.33333333333333,82.33333333333333,80.0,79.0,81.66666666666667,83.66666666666667,79.0,74.0,71.33333333333333,72.33333333333333,72.0,70.0,72.33333333333333,77.0,80.66666666666667,81.0,84.0,87.0,89.0,89.0,71.33333333333333,76.33333333333333,78.33333333333333,75.33333333333333,72.66666666666667,71.33333333333333,69.33333333333333,65.33333333333333,65.0,65.33333333333333,65.33333333333333,63.333333333333336,60.0,60.0,62.666666666666664,64.66666666666667,67.0,67.0,67.0,68.0,69.66666666666667,70.66666666666667,70.33333333333333,69.66666666666667,69.66666666666667,74.0,79.66666666666667,86.33333333333333,97.66666666666667,106.33333333333333,107.0,102.33333333333333,108.0,109.0,110.0,110.0,110.0,110.0,109.33333333333333,108.66666666666667,107.66666666666667,106.66666666666667,104.66666666666667,101.33333333333333,100.66666666666667,98.66666666666667,98.33333333333333,98.33333333333333,106.0,105.0,105.0,104.0,103.0,102.0,101.0,100.0,97.0,98.0,98.0,99.0,99.0,100.0,100.0,101.0,98.66666666666667,97.66666666666667,96.66666666666667,96.66666666666667,96.66666666666667,98.66666666666667,99.66666666666667,101.66666666666667,97.66666666666667,98.66666666666667,102.0,105.0,106.0,103.33333333333333,98.33333333333333,94.66666666666667,95.0,97.0,100.33333333333333,99.66666666666667,97.33333333333333,94.0,92.33333333333333,91.33333333333333,94.33333333333333,93.66666666666667,93.0,93.33333333333333,92.0,91.33333333333333,90.0,88.66666666666667,87.66666666666667,84.0,80.66666666666667,77.66666666666667,76.0,74.0,70.33333333333333,67.33333333333333,69.33333333333333,72.33333333333333,78.33333333333333,83.33333333333333,86.33333333333333,85.33333333333333,80.33333333333333,76.33333333333333,77.33333333333333,77.33333333333333,78.0,78.0,77.33333333333333,75.33333333333333,75.0,74.0,77.33333333333333,79.33333333333333,82.0,81.33333333333333,80.0,77.66666666666667,76.0,76.33333333333333,83.33333333333333,86.0,88.33333333333333,86.33333333333333,83.0,81.0,83.66666666666667,85.66666666666667,81.0,75.0,72.33333333333333,72.33333333333333,72.0,70.0,72.33333333333333,75.33333333333333,79.66666666666667,81.0,85.0,88.0,90.0,90.0,67.33333333333333,74.33333333333333,78.33333333333333,76.33333333333333,73.33333333333333,72.33333333333333,69.33333333333333,64.0,63.333333333333336,65.33333333333333,66.0,65.0,62.666666666666664,61.666666666666664,63.666666666666664,65.66666666666667,67.0,66.66666666666667,67.0,67.0,68.0,70.0,71.33333333333333,71.66666666666667,63.666666666666664,68.0,72.66666666666667,80.33333333333333,92.66666666666667,104.33333333333333,105.0,100.33333333333333,105.33333333333333,105.0,106.0,106.0,107.0,107.0,106.0,106.66666666666667,106.66666666666667,105.33333333333333,102.0,98.0,97.0,98.33333333333333,100.0,102.0,106.0,105.0,104.0,103.0,101.0,100.0,99.0,99.0,94.0,94.0,94.0,94.0,94.0,95.0,95.0,95.0,94.33333333333333,94.33333333333333,94.33333333333333,95.33333333333333,95.33333333333333,95.33333333333333,95.66666666666667,96.66666666666667,94.66666666666667,94.66666666666667,95.66666666666667,98.66666666666667,100.66666666666667,101.0,97.0,93.0,92.66666666666667,94.66666666666667,97.0,96.66666666666667,94.33333333333333,92.33333333333333,91.33333333333333,91.33333333333333,93.33333333333333,93.0,93.0,92.0,91.0,90.33333333333333,89.66666666666667,88.33333333333333,85.66666666666667,83.0,80.66666666666667,78.66666666666667,78.0,75.0,71.33333333333333,69.33333333333333,70.33333333333333,73.33333333333333,78.33333333333333,83.33333333333333,86.33333333333333,86.33333333333333,81.33333333333333,77.33333333333333,77.33333333333333,77.33333333333333,77.0,76.0,75.33333333333333,75.33333333333333,74.33333333333333,74.33333333333333,75.33333333333333,77.33333333333333,81.0,81.33333333333333,80.0,79.66666666666667,79.0,79.33333333333333,85.33333333333333,89.0,92.0,91.0,86.33333333333333,82.33333333333333,84.0,87.66666666666667,82.0,76.0,72.33333333333333,71.33333333333333,71.0,69.0,71.0,75.33333333333333,76.66666666666667,78.33333333333333,82.33333333333333,86.33333333333333,88.33333333333333,88.33333333333333,65.33333333333333,73.33333333333333,78.33333333333333,77.33333333333333,75.33333333333333,73.33333333333333,69.0,64.0,61.333333333333336,64.33333333333333,67.0,66.0,64.66666666666667,62.666666666666664,63.666666666666664,65.0,66.66666666666667,65.66666666666667,66.0,66.0,67.0,69.0,71.33333333333333,73.33333333333333,59.666666666666664,63.0,69.33333333333333,76.33333333333333,90.66666666666667,103.33333333333333,105.66666666666667,101.0,103.33333333333333,103.0,104.0,104.0,105.0,105.0,104.0,104.33333333333333,106.66666666666667,104.33333333333333,100.0,96.66666666666667,95.0,97.33333333333333,101.33333333333333,103.0,104.0,103.0,102.0,100.0,99.0,97.0,96.0,96.0,97.0,97.0,97.0,96.0,96.0,96.0,96.0,96.0,92.33333333333333,93.33333333333333,93.33333333333333,94.33333333333333,94.33333333333333,93.33333333333333,93.66666666666667,92.66666666666667,95.66666666666667,94.66666666666667,94.66666666666667,96.66666666666667,99.66666666666667,100.66666666666667,98.0,95.0,93.66666666666667,96.33333333333333,96.66666666666667,95.0,93.66666666666667,91.66666666666667,92.0,92.66666666666667,95.33333333333333,94.0,93.0,92.0,90.0,89.33333333333333,88.66666666666667,88.0,84.66666666666667,82.0,80.66666666666667,78.66666666666667,78.0,76.0,73.33333333333333,70.33333333333333,71.33333333333333,73.33333333333333,78.33333333333333,83.33333333333333,86.33333333333333,86.33333333333333,82.33333333333333,78.33333333333333,76.33333333333333,75.33333333333333,75.0,74.0,74.33333333333333,74.33333333333333,75.33333333333333,75.33333333333333,73.33333333333333,76.0,79.33333333333333,80.0,80.66666666666667,80.0,81.0,81.33333333333333,86.0,91.0,95.0,94.0,88.33333333333333,84.33333333333333,85.0,87.0,81.66666666666667,77.0,72.33333333333333,71.33333333333333,71.0,69.0,71.0,75.33333333333333,74.0,76.33333333333333,80.33333333333333,84.33333333333333,86.33333333333333,86.33333333333333,72.33333333333333,75.33333333333333,79.33333333333333,80.33333333333333,75.66666666666667,69.66666666666667,64.0,61.0,61.0,61.0,62.666666666666664,63.666666666666664,64.0,64.0,65.0,65.0,67.66666666666667,66.0,65.66666666666667,64.66666666666667,66.0,67.0,69.33333333333333,70.33333333333333,66.66666666666667,66.0,65.33333333333333,67.66666666666667,83.33333333333333,101.33333333333333,108.66666666666667,106.0,104.33333333333333,106.66666666666667,108.0,105.0,105.33333333333333,106.33333333333333,105.0,101.33333333333333,99.66666666666667,98.33333333333333,97.0,96.66666666666667,99.0,101.33333333333333,103.33333333333333,101.66666666666667,104.0,103.0,102.0,100.0,97.0,95.0,93.0,92.0,94.0,95.0,96.0,96.0,96.0,94.0,92.0,91.0,92.33333333333333,93.33333333333333,94.33333333333333,95.33333333333333,94.33333333333333,92.33333333333333,90.66666666666667,88.66666666666667,90.66666666666667,92.66666666666667,93.66666666666667,92.66666666666667,89.66666666666667,87.66666666666667,90.0,92.0,94.66666666666667,94.33333333333333,92.66666666666667,92.0,91.66666666666667,92.66666666666667,95.0,94.33333333333333,89.0,86.33333333333333,86.33333333333333,86.0,87.0,88.0,87.66666666666667,86.0,85.66666666666667,83.0,82.66666666666667,83.66666666666667,85.0,83.0,77.33333333333333,73.33333333333333,68.33333333333333,70.33333333333333,75.33333333333333,80.33333333333333,83.33333333333333,83.33333333333333,80.33333333333333,77.33333333333333,81.33333333333333,82.0,81.33333333333333,79.33333333333333,76.0,74.0,73.33333333333333,74.33333333333333,79.0,76.0,72.33333333333333,73.0,76.66666666666667,80.0,82.0,80.33333333333333,89.0,92.66666666666667,96.0,93.0,87.33333333333333,83.33333333333333,85.0,87.0,83.66666666666667,81.66666666666667,77.0,71.0,67.33333333333333,67.33333333333333,70.33333333333333,74.0,74.0,74.33333333333333,76.33333333333333,78.33333333333333,80.33333333333333,81.33333333333333,71.33333333333333,74.33333333333333,77.33333333333333,78.33333333333333,73.66666666666667,69.66666666666667,66.0,64.33333333333333,61.0,61.0,61.666666666666664,62.666666666666664,63.0,64.0,64.0,64.66666666666667,67.0,66.0,66.66666666666667,66.66666666666667,66.0,67.0,67.33333333333333,67.33333333333333,65.66666666666667,65.0,63.666666666666664,63.666666666666664,76.33333333333333,93.66666666666667,104.66666666666667,107.0,104.33333333333333,106.66666666666667,108.0,105.0,104.33333333333333,106.33333333333333,105.0,101.33333333333333,98.33333333333333,98.33333333333333,97.0,97.0,98.66666666666667,100.33333333333333,99.33333333333333,97.66666666666667,99.0,100.0,101.0,100.0,98.0,95.0,91.0,89.0,91.0,92.0,93.0,93.0,93.0,92.0,90.0,89.0,87.33333333333333,88.33333333333333,90.33333333333333,92.33333333333333,92.33333333333333,91.33333333333333,89.66666666666667,88.66666666666667,88.66666666666667,90.66666666666667,91.66666666666667,90.66666666666667,87.66666666666667,86.0,88.0,90.0,91.66666666666667,91.66666666666667,90.0,89.33333333333333,89.66666666666667,90.33333333333333,91.66666666666667,92.0,89.0,87.0,85.0,85.66666666666667,85.0,84.33333333333333,84.66666666666667,83.0,85.66666666666667,83.0,83.66666666666667,84.66666666666667,86.0,84.0,80.33333333333333,76.33333333333333,68.33333333333333,68.33333333333333,71.33333333333333,75.33333333333333,78.33333333333333,80.33333333333333,78.33333333333333,76.66666666666667,81.33333333333333,82.0,81.33333333333333,79.33333333333333,77.0,74.0,74.33333333333333,75.33333333333333,80.0,76.33333333333333,74.33333333333333,75.66666666666667,80.66666666666667,83.0,84.33333333333333,83.0,87.66666666666667,91.66666666666667,96.0,94.0,88.33333333333333,84.33333333333333,85.0,86.0,81.66666666666667,80.66666666666667,77.0,73.0,69.33333333333333,68.33333333333333,71.33333333333333,73.0,74.0,74.33333333333333,76.33333333333333,78.33333333333333,79.33333333333333,80.33333333333333,70.66666666666667,72.66666666666667,74.66666666666667,73.66666666666667,71.0,68.0,67.0,67.0,60.0,60.0,61.0,62.0,62.0,63.0,63.666666666666664,63.666666666666664,66.0,66.66666666666667,67.0,67.0,67.66666666666667,65.66666666666667,64.33333333333333,63.333333333333336,63.666666666666664,63.0,60.666666666666664,57.666666666666664,65.33333333333333,81.66666666666667,98.66666666666667,106.66666666666667,105.0,108.33333333333333,108.33333333333333,104.33333333333333,104.33333333333333,105.33333333333333,105.0,101.33333333333333,97.33333333333333,96.66666666666667,96.33333333333333,97.0,99.0,98.33333333333333,95.66666666666667,94.33333333333333,93.0,95.0,98.0,99.0,98.0,94.0,90.0,87.0,86.0,87.0,89.0,90.0,90.0,89.0,88.0,87.0,82.66666666666667,84.66666666666667,86.66666666666667,88.66666666666667,88.66666666666667,88.66666666666667,87.66666666666667,87.66666666666667,85.66666666666667,87.66666666666667,89.0,88.0,86.0,85.33333333333333,86.33333333333333,87.66666666666667,87.66666666666667,87.66666666666667,87.0,85.66666666666667,87.66666666666667,88.33333333333333,89.33333333333333,90.33333333333333,91.33333333333333,89.0,88.0,85.33333333333333,84.33333333333333,82.66666666666667,81.66666666666667,79.66666666666667,84.66666666666667,83.0,83.66666666666667,85.66666666666667,87.0,86.0,83.33333333333333,81.33333333333333,71.33333333333333,69.33333333333333,69.33333333333333,71.33333333333333,75.33333333333333,78.33333333333333,79.33333333333333,79.66666666666667,82.33333333333333,83.0,82.33333333333333,80.33333333333333,77.0,75.0,74.0,75.0,78.0,77.33333333333333,77.33333333333333,79.66666666666667,83.66666666666667,87.0,88.33333333333333,88.0,85.66666666666667,89.66666666666667,93.66666666666667,92.66666666666667,88.0,84.0,82.33333333333333,83.33333333333333,79.0,79.66666666666667,79.0,76.0,72.0,70.0,71.33333333333333,73.0,73.66666666666667,74.0,76.0,78.0,80.0,81.0,71.66666666666667,71.66666666666667,71.66666666666667,69.66666666666667,67.0,65.0,65.0,66.0,60.0,60.0,60.0,61.0,62.0,63.0,62.666666666666664,63.0,65.66666666666667,66.66666666666667,68.0,69.0,68.66666666666667,65.66666666666667,62.333333333333336,60.333333333333336,61.666666666666664,61.666666666666664,57.666666666666664,53.333333333333336,54.666666666666664,69.33333333333333,89.66666666666667,105.66666666666667,106.0,108.33333333333333,107.33333333333333,104.33333333333333,102.33333333333333,104.33333333333333,103.33333333333333,100.33333333333333,95.0,95.0,96.66666666666667,98.66666666666667,101.33333333333333,100.33333333333333,97.0,94.33333333333333,90.0,92.0,93.0,94.0,93.0,91.0,89.0,87.0,83.0,84.0,86.0,88.0,88.0,88.0,87.0,86.0,82.66666666666667,83.66666666666667,84.66666666666667,85.66666666666667,86.66666666666667,85.66666666666667,85.66666666666667,84.66666666666667,85.0,86.0,86.0,86.33333333333333,85.33333333333333,85.33333333333333,85.33333333333333,85.33333333333333,85.66666666666667,85.0,84.33333333333333,84.66666666666667,86.0,87.66666666666667,89.33333333333333,90.33333333333333,93.0,93.0,92.33333333333333,88.66666666666667,85.66666666666667,81.0,80.0,78.66666666666667,83.66666666666667,83.0,84.66666666666667,85.66666666666667,87.0,87.0,86.33333333333333,85.33333333333333,76.33333333333333,73.33333333333333,71.33333333333333,71.33333333333333,74.33333333333333,79.33333333333333,82.33333333333333,83.66666666666667,85.0,85.0,84.33333333333333,81.33333333333333,77.0,74.0,73.0,73.0,76.0,75.33333333333333,77.0,80.66666666666667,84.0,87.33333333333333,89.0,91.0,84.66666666666667,88.66666666666667,91.66666666666667,92.66666666666667,89.0,85.0,82.33333333333333,82.33333333333333,78.0,79.0,80.66666666666667,79.0,76.0,73.0,72.33333333333333,72.0,72.66666666666667,74.0,75.0,77.0,79.0,80.0,70.66666666666667,70.66666666666667,68.66666666666667,65.66666666666667,61.666666666666664,60.666666666666664,61.0,63.0,59.666666666666664,60.0,61.0,62.0,61.666666666666664,62.666666666666664,63.666666666666664,63.0,64.66666666666667,66.33333333333333,68.66666666666667,69.0,68.66666666666667,64.66666666666667,60.666666666666664,57.666666666666664,59.666666666666664,58.666666666666664,54.666666666666664,49.333333333333336,47.666666666666664,59.333333333333336,81.66666666666667,101.66666666666667,107.0,108.33333333333333,107.33333333333333,103.33333333333333,100.66666666666667,102.66666666666667,102.66666666666667,99.0,93.33333333333333,94.66666666666667,96.66666666666667,100.66666666666667,103.66666666666667,102.33333333333333,99.0,96.33333333333333,90.33333333333333,90.0,89.0,88.0,87.0,88.0,88.0,88.0,82.0,83.0,85.0,87.0,87.0,87.0,86.0,85.0,84.66666666666667,84.66666666666667,84.66666666666667,84.66666666666667,84.66666666666667,84.0,83.0,83.0,85.33333333333333,84.33333333333333,84.33333333333333,84.33333333333333,85.33333333333333,85.33333333333333,85.33333333333333,85.33333333333333,84.33333333333333,84.33333333333333,83.33333333333333,84.33333333333333,86.33333333333333,88.0,90.33333333333333,92.0,96.0,97.33333333333333,97.66666666666667,94.66666666666667,89.66666666666667,83.66666666666667,81.66666666666667,80.33333333333333,81.0,82.0,84.66666666666667,84.66666666666667,86.0,86.0,87.33333333333333,87.33333333333333,79.33333333333333,76.33333333333333,73.33333333333333,72.33333333333333,74.33333333333333,79.33333333333333,82.33333333333333,83.66666666666667,86.0,85.66666666666667,85.0,81.0,75.33333333333333,71.33333333333333,71.0,71.0,72.33333333333333,73.33333333333333,76.0,78.66666666666667,81.0,84.33333333333333,89.0,91.0,89.66666666666667,91.0,93.66666666666667,94.66666666666667,93.0,89.0,87.33333333333333,86.33333333333333,80.0,82.0,83.66666666666667,82.66666666666667,80.0,76.0,74.0,73.0,72.66666666666667,73.66666666666667,75.66666666666667,77.66666666666667,78.66666666666667,79.66666666666667,66.66666666666667,66.66666666666667,64.66666666666667,61.666666666666664,58.666666666666664,57.666666666666664,59.0,61.0,61.0,61.0,62.0,63.0,63.666666666666664,63.666666666666664,64.66666666666667,64.0,64.66666666666667,65.33333333333333,67.66666666666667,67.66666666666667,67.0,64.66666666666667,60.666666666666664,58.666666666666664,58.666666666666664,56.666666666666664,52.666666666666664,48.333333333333336,46.333333333333336,53.666666666666664,75.33333333333333,95.66666666666667,108.33333333333333,109.33333333333333,107.33333333333333,102.33333333333333,99.66666666666667,101.66666666666667,101.66666666666667,98.33333333333333,94.66666666666667,95.33333333333333,97.33333333333333,100.0,103.0,102.0,99.0,96.0,90.33333333333333,89.0,87.0,85.0,84.0,85.0,87.0,88.0,82.0,84.0,85.0,86.0,87.0,86.0,85.0,84.0,85.66666666666667,85.66666666666667,84.66666666666667,84.0,83.0,83.0,82.33333333333333,82.33333333333333,84.33333333333333,82.33333333333333,81.33333333333333,82.33333333333333,84.33333333333333,85.33333333333333,84.33333333333333,83.33333333333333,82.33333333333333,82.66666666666667,83.33333333333333,84.0,87.0,89.66666666666667,92.66666666666667,93.0,94.33333333333333,98.66666666666667,101.66666666666667,101.33333333333333,95.33333333333333,88.33333333333333,84.33333333333333,82.33333333333333,79.0,81.0,82.66666666666667,83.66666666666667,83.0,83.0,85.33333333333333,87.33333333333333,80.33333333333333,76.33333333333333,74.33333333333333,73.33333333333333,74.33333333333333,77.33333333333333,78.33333333333333,78.66666666666667,84.0,83.66666666666667,83.0,79.0,75.33333333333333,71.33333333333333,71.0,71.0,70.33333333333333,72.0,73.0,74.0,77.0,81.33333333333333,87.0,91.66666666666667,95.66666666666667,95.0,96.66666666666667,96.66666666666667,96.0,94.0,92.33333333333333,91.33333333333333,84.0,86.0,87.66666666666667,86.66666666666667,82.0,78.0,75.0,74.0,72.0,72.66666666666667,75.0,76.66666666666667,78.0,79.66666666666667,59.666666666666664,59.666666666666664,60.0,59.0,56.666666666666664,56.666666666666664,58.666666666666664,60.666666666666664,62.0,63.0,62.666666666666664,63.666666666666664,64.66666666666667,65.66666666666667,65.66666666666667,65.0,63.666666666666664,64.33333333333333,66.66666666666667,66.66666666666667,66.0,64.0,61.666666666666664,59.666666666666664,58.666666666666664,54.666666666666664,51.666666666666664,49.333333333333336,47.333333333333336,52.666666666666664,71.33333333333333,89.66666666666667,108.33333333333333,109.33333333333333,107.33333333333333,101.33333333333333,98.66666666666667,101.66666666666667,101.33333333333333,98.33333333333333,97.33333333333333,97.66666666666667,98.0,99.0,100.0,98.0,94.66666666666667,92.33333333333333,88.66666666666667,89.0,87.0,86.0,85.0,84.0,84.0,85.0,82.0,83.0,84.0,85.0,85.0,84.0,82.0,81.0,83.0,83.0,82.0,82.33333333333333,82.33333333333333,82.33333333333333,82.33333333333333,82.33333333333333,81.33333333333333,79.33333333333333,79.0,80.0,83.0,85.0,83.0,81.0,81.0,80.33333333333333,81.66666666666667,83.0,85.66666666666667,89.33333333333333,92.0,92.33333333333333,90.33333333333333,97.33333333333333,104.66666666666667,105.66666666666667,99.66666666666667,91.0,86.0,84.0,77.0,79.0,81.66666666666667,80.66666666666667,80.0,80.0,82.33333333333333,85.33333333333333,81.33333333333333,79.33333333333333,78.33333333333333,77.33333333333333,78.33333333333333,78.33333333333333,77.33333333333333,74.66666666666667,78.0,78.66666666666667,79.0,77.0,74.33333333333333,73.33333333333333,74.0,75.0,71.33333333333333,72.0,72.0,72.0,73.0,78.33333333333333,86.0,91.66666666666667,95.66666666666667,94.0,93.0,92.0,92.66666666666667,92.66666666666667,92.0,91.33333333333333,89.0,90.0,91.66666666666667,88.66666666666667,84.0,80.0,77.0,76.0,71.0,72.0,74.33333333333333,76.0,78.33333333333333,79.0,53.666666666666664,54.666666666666664,57.0,56.666666666666664,56.666666666666664,58.0,59.666666666666664,63.0,63.0,63.0,63.666666666666664,64.66666666666667,65.66666666666667,66.0,67.0,66.66666666666667,63.666666666666664,64.66666666666667,65.66666666666667,66.0,65.0,63.666666666666664,62.666666666666664,61.666666666666664,59.333333333333336,54.666666666666664,51.666666666666664,50.0,48.333333333333336,52.666666666666664,68.66666666666667,87.33333333333333,109.66666666666667,110.0,107.0,101.33333333333333,99.0,100.33333333333333,100.33333333333333,97.66666666666667,100.66666666666667,98.66666666666667,98.33333333333333,96.66666666666667,96.66666666666667,94.66666666666667,91.0,88.33333333333333,86.33333333333333,88.0,88.0,87.66666666666667,87.0,85.0,83.0,81.0,82.0,83.0,83.0,84.0,83.0,82.0,79.66666666666667,78.66666666666667,80.0,80.0,80.66666666666667,80.66666666666667,80.66666666666667,82.66666666666667,83.66666666666667,84.66666666666667,79.66666666666667,77.66666666666667,76.66666666666667,77.66666666666667,80.66666666666667,82.33333333333333,81.0,79.0,79.0,79.33333333333333,79.66666666666667,81.33333333333333,85.66666666666667,88.33333333333333,92.0,92.33333333333333,86.66666666666667,94.66666666666667,104.33333333333333,107.0,101.0,91.33333333333333,85.33333333333333,83.33333333333333,76.0,78.0,80.0,79.66666666666667,78.0,78.0,81.0,84.33333333333333,84.33333333333333,83.33333333333333,83.0,82.0,82.33333333333333,81.0,78.33333333333333,74.33333333333333,72.0,74.0,75.33333333333333,75.33333333333333,74.33333333333333,74.33333333333333,77.0,77.33333333333333,72.33333333333333,72.0,71.66666666666667,70.0,71.0,76.33333333333333,86.33333333333333,93.0,92.66666666666667,90.0,87.0,86.0,86.66666666666667,87.66666666666667,88.0,88.0,91.33333333333333,93.0,93.0,89.66666666666667,84.66666666666667,79.66666666666667,78.0,77.0,71.0,72.0,74.33333333333333,76.0,78.33333333333333,79.0,54.666666666666664,54.0,54.666666666666664,55.0,56.666666666666664,57.666666666666664,58.666666666666664,60.0,61.0,62.333333333333336,63.333333333333336,64.66666666666667,66.66666666666667,67.66666666666667,68.66666666666667,69.0,64.0,64.0,65.0,65.66666666666667,65.66666666666667,65.0,64.0,63.0,61.666666666666664,55.0,53.0,54.666666666666664,52.666666666666664,53.0,65.0,82.0,102.66666666666667,112.33333333333333,109.33333333333333,104.0,102.66666666666667,96.33333333333333,94.66666666666667,103.0,101.0,99.0,94.66666666666667,92.66666666666667,92.66666666666667,89.66666666666667,87.66666666666667,86.0,85.0,84.33333333333333,82.66666666666667,83.33333333333333,86.33333333333333,86.0,83.0,80.66666666666667,79.66666666666667,76.66666666666667,74.0,75.0,78.66666666666667,82.33333333333333,81.66666666666667,81.33333333333333,83.0,83.66666666666667,82.66666666666667,81.66666666666667,81.66666666666667,80.66666666666667,81.33333333333333,81.33333333333333,84.0,82.0,80.0,81.0,84.0,85.66666666666667,83.66666666666667,80.33333333333333,83.0,81.66666666666667,80.33333333333333,82.0,86.66666666666667,91.33333333333333,95.0,95.33333333333333,93.66666666666667,90.66666666666667,93.0,100.33333333333333,103.66666666666667,98.66666666666667,91.33333333333333,88.66666666666667,82.33333333333333,84.0,84.0,83.33333333333333,79.33333333333333,77.33333333333333,77.33333333333333,79.0,74.0,76.0,80.33333333333333,84.33333333333333,86.33333333333333,84.33333333333333,80.33333333333333,75.33333333333333,73.66666666666667,71.66666666666667,69.66666666666667,70.66666666666667,74.66666666666667,78.66666666666667,82.33333333333333,83.33333333333333,71.33333333333333,71.0,69.33333333333333,69.0,72.0,77.33333333333333,86.33333333333333,91.66666666666667,91.66666666666667,91.66666666666667,89.66666666666667,86.66666666666667,82.66666666666667,80.66666666666667,80.66666666666667,81.66666666666667,88.33333333333333,89.33333333333333,89.33333333333333,88.0,84.0,80.0,77.33333333333333,77.33333333333333,77.66666666666667,73.66666666666667,72.0,72.66666666666667,77.0,79.66666666666667,54.0,54.0,55.0,55.666666666666664,57.666666666666664,58.666666666666664,60.0,61.0,62.333333333333336,62.333333333333336,63.666666666666664,64.66666666666667,66.66666666666667,68.33333333333333,69.33333333333333,68.33333333333333,64.66666666666667,65.0,65.66666666666667,65.66666666666667,66.0,65.0,64.66666666666667,64.66666666666667,62.666666666666664,56.666666666666664,54.0,55.0,52.666666666666664,51.666666666666664,64.0,81.0,103.33333333333333,113.66666666666667,110.66666666666667,103.0,98.33333333333333,89.66666666666667,86.66666666666667,96.0,97.0,93.33333333333333,90.33333333333333,88.66666666666667,89.33333333333333,87.66666666666667,86.33333333333333,85.66666666666667,87.0,84.66666666666667,82.66666666666667,82.33333333333333,83.66666666666667,83.33333333333333,80.0,77.66666666666667,78.66666666666667,75.66666666666667,74.0,75.0,78.66666666666667,80.33333333333333,79.66666666666667,78.66666666666667,81.0,81.66666666666667,82.66666666666667,82.66666666666667,82.33333333333333,81.33333333333333,80.33333333333333,79.33333333333333,83.66666666666667,82.66666666666667,81.66666666666667,82.0,84.0,85.0,84.0,82.66666666666667,85.33333333333333,84.33333333333333,82.66666666666667,84.0,87.66666666666667,93.0,99.0,101.33333333333333,94.0,89.33333333333333,89.0,93.66666666666667,97.66666666666667,95.33333333333333,92.0,91.33333333333333,84.0,85.0,85.0,82.0,79.33333333333333,77.33333333333333,78.33333333333333,79.33333333333333,77.0,78.0,81.33333333333333,84.33333333333333,87.33333333333333,86.33333333333333,82.33333333333333,79.33333333333333,75.33333333333333,73.33333333333333,71.33333333333333,71.33333333333333,74.66666666666667,79.66666666666667,81.33333333333333,83.33333333333333,73.0,71.33333333333333,70.0,70.0,71.0,77.0,84.33333333333333,89.66666666666667,92.66666666666667,92.66666666666667,90.66666666666667,87.66666666666667,82.66666666666667,79.66666666666667,79.66666666666667,80.66666666666667,84.33333333333333,85.33333333333333,87.33333333333333,85.33333333333333,83.0,79.0,78.0,77.0,77.66666666666667,74.66666666666667,71.66666666666667,73.66666666666667,78.66666666666667,82.66666666666667,54.0,55.0,56.666666666666664,57.666666666666664,58.666666666666664,59.666666666666664,61.0,62.0,62.333333333333336,63.333333333333336,63.666666666666664,64.66666666666667,66.66666666666667,67.66666666666667,68.33333333333333,68.33333333333333,66.66666666666667,66.0,66.66666666666667,66.66666666666667,67.0,66.0,65.66666666666667,64.66666666666667,64.66666666666667,57.666666666666664,54.0,55.0,51.666666666666664,50.666666666666664,62.0,78.0,101.33333333333333,112.66666666666667,110.66666666666667,100.33333333333333,92.0,78.66666666666667,76.33333333333333,87.33333333333333,92.0,89.0,85.66666666666667,84.33333333333333,84.33333333333333,84.66666666666667,85.33333333333333,84.0,87.33333333333333,85.33333333333333,82.33333333333333,80.66666666666667,80.66666666666667,79.33333333333333,76.0,74.0,76.66666666666667,75.66666666666667,74.33333333333333,76.0,78.0,78.33333333333333,77.33333333333333,76.66666666666667,79.0,80.0,81.0,80.66666666666667,81.0,79.66666666666667,78.66666666666667,78.66666666666667,82.33333333333333,84.33333333333333,85.66666666666667,85.66666666666667,84.66666666666667,84.33333333333333,84.33333333333333,84.66666666666667,86.33333333333333,84.33333333333333,82.0,81.66666666666667,84.33333333333333,91.0,99.0,103.33333333333333,93.66666666666667,86.33333333333333,83.0,85.66666666666667,90.66666666666667,91.33333333333333,92.33333333333333,94.33333333333333,86.0,87.0,85.0,82.0,79.33333333333333,78.33333333333333,79.33333333333333,80.33333333333333,80.0,80.0,81.33333333333333,84.33333333333333,86.33333333333333,87.33333333333333,85.33333333333333,82.33333333333333,76.33333333333333,73.33333333333333,72.33333333333333,73.33333333333333,75.66666666666667,79.66666666666667,81.33333333333333,82.33333333333333,75.0,73.33333333333333,72.0,71.0,71.33333333333333,75.33333333333333,82.33333333333333,86.66666666666667,94.66666666666667,94.66666666666667,92.66666666666667,87.66666666666667,82.66666666666667,78.66666666666667,77.66666666666667,78.66666666666667,78.33333333333333,80.33333333333333,82.33333333333333,82.33333333333333,81.0,79.0,78.0,78.0,78.66666666666667,75.66666666666667,74.66666666666667,77.66666666666667,83.66666666666667,88.66666666666667,54.0,55.0,56.666666666666664,58.666666666666664,59.666666666666664,61.666666666666664,62.0,63.0,63.333333333333336,63.333333333333336,64.66666666666667,65.66666666666667,65.66666666666667,66.66666666666667,68.33333333333333,67.33333333333333,66.66666666666667,67.0,67.66666666666667,67.66666666666667,67.0,66.0,64.66666666666667,64.66666666666667,65.66666666666667,59.666666666666664,56.0,56.0,51.666666666666664,49.666666666666664,60.0,75.0,96.33333333333333,110.33333333333333,109.33333333333333,96.66666666666667,85.0,71.33333333333333,68.66666666666667,80.33333333333333,90.66666666666667,86.66666666666667,83.66666666666667,81.33333333333333,82.66666666666667,82.66666666666667,83.33333333333333,83.0,85.66666666666667,84.33333333333333,82.0,79.33333333333333,78.33333333333333,75.66666666666667,74.0,73.0,76.66666666666667,76.66666666666667,76.66666666666667,76.33333333333333,77.33333333333333,77.0,77.0,76.0,78.66666666666667,78.66666666666667,77.66666666666667,77.33333333333333,78.33333333333333,79.33333333333333,79.66666666666667,79.33333333333333,83.33333333333333,85.66666666666667,89.66666666666667,88.0,85.0,84.0,84.33333333333333,86.33333333333333,87.0,84.33333333333333,80.66666666666667,78.33333333333333,79.66666666666667,85.66666666666667,93.33333333333333,99.0,91.66666666666667,83.0,79.33333333333333,81.66666666666667,86.66666666666667,88.33333333333333,89.33333333333333,92.66666666666667,87.33333333333333,88.0,86.0,82.0,79.33333333333333,77.33333333333333,79.33333333333333,81.33333333333333,80.0,79.0,79.33333333333333,81.33333333333333,84.33333333333333,85.33333333333333,85.33333333333333,83.33333333333333,76.33333333333333,74.33333333333333,72.33333333333333,73.66666666666667,76.66666666666667,80.33333333333333,82.33333333333333,82.0,77.33333333333333,76.33333333333333,75.0,73.0,72.33333333333333,75.33333333333333,80.33333333333333,84.66666666666667,96.66666666666667,95.66666666666667,92.66666666666667,87.66666666666667,81.66666666666667,77.66666666666667,75.66666666666667,75.66666666666667,73.33333333333333,75.33333333333333,78.33333333333333,79.33333333333333,79.0,78.0,78.0,79.0,80.66666666666667,78.66666666666667,77.66666666666667,81.66666666666667,89.66666666666667,95.66666666666667,53.666666666666664,54.666666666666664,56.666666666666664,58.666666666666664,60.666666666666664,61.666666666666664,62.0,62.0,63.333333333333336,63.333333333333336,64.66666666666667,65.66666666666667,65.66666666666667,66.66666666666667,67.66666666666667,67.0,67.66666666666667,67.0,67.66666666666667,66.66666666666667,66.0,65.0,64.66666666666667,63.666666666666664,65.66666666666667,60.666666666666664,58.0,59.0,54.666666666666664,50.666666666666664,59.0,73.0,89.66666666666667,104.33333333333333,105.33333333333333,93.33333333333333,81.66666666666667,67.0,65.0,76.33333333333333,87.66666666666667,85.33333333333333,82.33333333333333,81.33333333333333,82.66666666666667,83.66666666666667,83.33333333333333,82.66666666666667,84.66666666666667,83.33333333333333,81.0,77.33333333333333,74.0,72.66666666666667,72.66666666666667,73.0,75.0,76.66666666666667,77.33333333333333,77.0,77.0,76.66666666666667,76.66666666666667,77.66666666666667,80.0,78.66666666666667,77.33333333333333,77.0,78.0,80.33333333333333,83.66666666666667,85.33333333333333,86.0,88.33333333333333,92.0,90.33333333333333,87.0,84.0,84.0,84.66666666666667,87.0,86.66666666666667,83.0,80.66666666666667,79.66666666666667,82.66666666666667,89.66666666666667,95.66666666666667,89.33333333333333,83.0,79.33333333333333,82.66666666666667,86.66666666666667,86.66666666666667,86.66666666666667,87.66666666666667,87.33333333333333,87.0,86.0,82.0,79.33333333333333,77.33333333333333,78.33333333333333,79.33333333333333,77.0,76.0,75.33333333333333,77.33333333333333,80.33333333333333,82.33333333333333,82.33333333333333,81.33333333333333,75.33333333333333,73.33333333333333,72.66666666666667,74.66666666666667,78.66666666666667,82.33333333333333,84.33333333333333,84.0,80.33333333333333,79.33333333333333,78.0,75.0,73.33333333333333,76.33333333333333,79.66666666666667,83.66666666666667,96.66666666666667,95.66666666666667,92.66666666666667,86.66666666666667,79.66666666666667,75.66666666666667,73.66666666666667,73.66666666666667,71.33333333333333,74.33333333333333,77.33333333333333,78.33333333333333,79.0,78.0,79.0,80.0,82.66666666666667,80.66666666666667,80.66666666666667,85.66666666666667,93.66666666666667,99.66666666666667,51.666666666666664,53.666666666666664,55.666666666666664,58.666666666666664,60.666666666666664,61.666666666666664,62.0,62.0,64.0,64.33333333333333,64.66666666666667,65.66666666666667,65.66666666666667,66.66666666666667,66.66666666666667,66.0,66.66666666666667,66.0,66.66666666666667,65.66666666666667,65.0,64.0,62.666666666666664,61.666666666666664,64.66666666666667,60.666666666666664,61.0,63.0,58.666666666666664,52.666666666666664,59.0,72.0,86.66666666666667,99.66666666666667,99.66666666666667,90.33333333333333,80.66666666666667,67.66666666666667,63.333333333333336,73.0,81.33333333333333,79.66666666666667,79.66666666666667,81.33333333333333,84.66666666666667,86.66666666666667,85.33333333333333,84.66666666666667,86.33333333333333,84.66666666666667,82.0,78.0,72.33333333333333,69.0,69.66666666666667,71.66666666666667,74.66666666666667,74.66666666666667,74.66666666666667,74.33333333333333,73.33333333333333,74.0,77.33333333333333,79.66666666666667,79.66666666666667,80.33333333333333,82.0,83.33333333333333,85.66666666666667,88.33333333333333,91.0,91.0,89.33333333333333,92.0,92.66666666666667,92.0,88.33333333333333,85.33333333333333,83.33333333333333,82.66666666666667,88.66666666666667,89.33333333333333,89.66666666666667,88.0,85.66666666666667,86.66666666666667,91.66666666666667,96.33333333333333,91.0,84.33333333333333,80.66666666666667,83.66666666666667,86.66666666666667,84.66666666666667,82.66666666666667,84.33333333333333,86.0,86.0,86.0,83.0,79.33333333333333,76.33333333333333,75.33333333333333,76.33333333333333,72.0,71.0,71.33333333333333,73.33333333333333,76.33333333333333,78.33333333333333,78.33333333333333,78.33333333333333,72.66666666666667,72.33333333333333,72.66666666666667,75.66666666666667,80.33333333333333,84.33333333333333,86.0,86.0,82.33333333333333,82.0,80.0,77.33333333333333,76.33333333333333,78.33333333333333,81.66666666666667,84.66666666666667,94.66666666666667,93.66666666666667,90.66666666666667,84.66666666666667,78.66666666666667,73.66666666666667,71.66666666666667,71.66666666666667,72.33333333333333,75.33333333333333,78.33333333333333,79.33333333333333,79.0,78.0,79.0,79.0,83.66666666666667,81.66666666666667,80.66666666666667,85.66666666666667,92.66666666666667,99.66666666666667,49.666666666666664,51.666666666666664,54.666666666666664,58.666666666666664,61.0,61.0,61.0,61.0,64.0,64.0,65.33333333333333,65.33333333333333,65.66666666666667,65.66666666666667,66.66666666666667,66.0,65.66666666666667,65.0,65.66666666666667,64.66666666666667,64.0,62.0,61.666666666666664,60.666666666666664,62.666666666666664,60.666666666666664,63.0,67.0,62.666666666666664,55.666666666666664,60.0,71.0,87.0,97.66666666666667,96.66666666666667,88.33333333333333,81.33333333333333,68.66666666666667,62.333333333333336,69.66666666666667,71.0,71.33333333333333,75.33333333333333,81.0,85.33333333333333,89.33333333333333,88.66666666666667,88.33333333333333,90.66666666666667,88.33333333333333,85.0,77.66666666666667,69.33333333333333,65.33333333333333,65.33333333333333,67.33333333333333,70.33333333333333,71.66666666666667,71.0,69.0,68.66666666666667,70.33333333333333,76.66666666666667,80.0,78.66666666666667,84.0,90.33333333333333,96.33333333333333,100.66666666666667,101.0,97.66666666666667,96.66666666666667,95.33333333333333,94.0,93.0,92.66666666666667,91.66666666666667,87.0,82.0,78.0,84.0,88.66666666666667,94.66666666666667,94.66666666666667,92.33333333333333,92.66666666666667,95.0,98.33333333333333,97.33333333333333,88.66666666666667,82.66666666666667,83.66666666666667,85.33333333333333,83.33333333333333,81.33333333333333,82.33333333333333,83.0,85.0,86.0,84.0,80.33333333333333,75.33333333333333,73.33333333333333,72.33333333333333,68.0,68.0,69.33333333333333,72.33333333333333,75.33333333333333,77.33333333333333,76.33333333333333,75.33333333333333,70.66666666666667,70.66666666666667,71.66666666666667,76.66666666666667,81.33333333333333,86.33333333333333,88.0,88.0,83.33333333333333,83.0,83.0,80.33333333333333,79.33333333333333,79.66666666666667,83.66666666666667,86.66666666666667,92.66666666666667,91.66666666666667,88.66666666666667,82.66666666666667,76.66666666666667,71.66666666666667,70.66666666666667,70.66666666666667,75.33333333333333,78.33333333333333,80.33333333333333,81.33333333333333,80.0,79.0,78.0,79.0,81.66666666666667,79.66666666666667,78.66666666666667,82.66666666666667,89.66666666666667,94.66666666666667,48.666666666666664,50.666666666666664,54.666666666666664,57.666666666666664,60.0,61.0,61.0,60.0,64.0,64.0,65.33333333333333,65.33333333333333,65.66666666666667,65.66666666666667,66.66666666666667,65.66666666666667,65.66666666666667,64.0,64.66666666666667,63.666666666666664,63.0,61.0,59.666666666666664,58.666666666666664,61.666666666666664,60.666666666666664,65.0,70.0,65.66666666666667,57.666666666666664,61.0,71.0,89.0,98.0,94.66666666666667,87.66666666666667,82.66666666666667,70.33333333333333,62.333333333333336,67.33333333333333,63.666666666666664,66.0,71.33333333333333,79.33333333333333,86.33333333333333,91.33333333333333,90.66666666666667,90.66666666666667,93.66666666666667,91.0,86.66666666666667,77.33333333333333,67.66666666666667,61.333333333333336,61.333333333333336,63.333333333333336,67.33333333333333,68.33333333333333,67.66666666666667,64.66666666666667,64.33333333333333,67.0,74.33333333333333,80.33333333333333,78.0,85.33333333333333,96.66666666666667,106.66666666666667,111.33333333333333,108.66666666666667,103.0,98.0,97.66666666666667,94.66666666666667,92.0,92.33333333333333,91.33333333333333,88.33333333333333,81.33333333333333,74.66666666666667,78.66666666666667,85.66666666666667,94.66666666666667,97.33333333333333,95.33333333333333,95.0,97.33333333333333,99.66666666666667,101.66666666666667,91.66666666666667,83.66666666666667,82.66666666666667,83.33333333333333,81.33333333333333,82.0,83.0,81.0,83.0,85.0,84.0,80.33333333333333,75.33333333333333,72.33333333333333,70.33333333333333,66.0,67.0,68.33333333333333,72.33333333333333,75.33333333333333,76.33333333333333,75.33333333333333,73.33333333333333,69.66666666666667,69.66666666666667,71.66666666666667,76.33333333333333,82.33333333333333,87.0,89.0,89.33333333333333,84.0,84.0,83.33333333333333,81.33333333333333,79.66666666666667,81.66666666666667,84.66666666666667,87.66666666666667,90.66666666666667,89.66666666666667,86.66666666666667,81.66666666666667,75.66666666666667,70.66666666666667,69.66666666666667,69.66666666666667,78.33333333333333,80.33333333333333,82.33333333333333,82.33333333333333,81.0,79.0,78.0,78.0,80.66666666666667,77.66666666666667,76.66666666666667,79.66666666666667,85.66666666666667,90.66666666666667,49.0,51.0,56.0,60.0,62.0,63.0,62.0,61.0,64.0,65.0,66.33333333333333,66.33333333333333,64.33333333333333,64.33333333333333,65.33333333333333,65.66666666666667,64.66666666666667,63.0,62.666666666666664,63.666666666666664,64.0,62.0,59.666666666666664,56.666666666666664,60.666666666666664,59.666666666666664,62.0,69.0,70.66666666666667,68.66666666666667,69.0,72.0,87.0,94.0,92.33333333333333,77.66666666666667,70.0,72.0,74.33333333333333,72.66666666666667,63.333333333333336,68.66666666666667,77.33333333333333,85.33333333333333,89.33333333333333,90.66666666666667,90.33333333333333,89.66666666666667,93.33333333333333,98.0,96.66666666666667,83.0,69.0,62.0,59.666666666666664,60.0,62.666666666666664,61.666666666666664,62.333333333333336,64.33333333333333,66.0,64.66666666666667,69.0,75.0,76.0,84.33333333333333,100.33333333333333,117.66666666666667,126.0,120.66666666666667,106.66666666666667,93.66666666666667,97.66666666666667,93.66666666666667,90.33333333333333,86.66666666666667,85.66666666666667,82.66666666666667,79.66666666666667,76.33333333333333,72.33333333333333,74.66666666666667,81.66666666666667,87.66666666666667,87.0,85.33333333333333,90.0,96.33333333333333,90.33333333333333,88.33333333333333,85.0,82.0,80.33333333333333,80.0,81.66666666666667,81.0,79.0,83.0,86.0,85.0,80.33333333333333,73.33333333333333,67.33333333333333,63.333333333333336,68.0,68.0,69.33333333333333,72.33333333333333,75.33333333333333,76.33333333333333,74.33333333333333,72.33333333333333,69.33333333333333,70.33333333333333,72.33333333333333,75.33333333333333,80.33333333333333,85.0,90.0,91.33333333333333,83.0,82.0,80.33333333333333,80.33333333333333,80.66666666666667,81.66666666666667,81.66666666666667,81.66666666666667,88.66666666666667,87.66666666666667,83.66666666666667,78.66666666666667,74.66666666666667,73.66666666666667,74.66666666666667,76.66666666666667,78.33333333333333,79.33333333333333,80.33333333333333,79.33333333333333,78.0,76.0,75.0,76.0,77.66666666666667,76.66666666666667,75.66666666666667,77.66666666666667,80.66666666666667,82.66666666666667,50.0,52.0,56.0,60.0,62.0,63.0,62.0,61.0,64.0,65.0,66.33333333333333,66.33333333333333,64.33333333333333,63.333333333333336,65.33333333333333,65.66666666666667,65.66666666666667,63.0,62.666666666666664,62.666666666666664,63.0,62.0,59.666666666666664,57.666666666666664,60.666666666666664,59.666666666666664,62.0,69.0,70.66666666666667,68.66666666666667,69.0,71.0,89.0,95.0,92.33333333333333,78.66666666666667,69.0,72.0,76.0,74.0,64.0,69.0,76.0,83.0,87.33333333333333,89.33333333333333,91.0,90.33333333333333,93.66666666666667,97.66666666666667,98.0,87.0,75.0,67.0,61.0,55.666666666666664,60.0,59.666666666666664,62.333333333333336,66.66666666666667,67.33333333333333,64.33333333333333,65.33333333333333,68.33333333333333,72.33333333333333,77.0,91.33333333333333,112.66666666666667,130.33333333333334,132.0,117.0,102.33333333333333,94.0,90.33333333333333,86.66666666666667,85.66666666666667,83.33333333333333,81.33333333333333,78.33333333333333,75.33333333333333,70.66666666666667,72.66666666666667,76.66666666666667,82.0,82.33333333333333,82.0,87.0,94.33333333333333,89.33333333333333,87.33333333333333,86.0,84.0,83.0,82.0,81.66666666666667,81.0,79.33333333333333,81.0,84.0,83.0,79.33333333333333,73.33333333333333,69.33333333333333,67.33333333333333,69.0,68.0,69.33333333333333,71.33333333333333,74.33333333333333,76.33333333333333,75.33333333333333,74.33333333333333,71.33333333333333,71.33333333333333,72.33333333333333,74.33333333333333,78.0,83.0,87.33333333333333,90.0,84.0,81.33333333333333,80.33333333333333,78.66666666666667,78.66666666666667,78.66666666666667,78.66666666666667,77.66666666666667,81.66666666666667,81.66666666666667,81.66666666666667,80.66666666666667,79.66666666666667,78.66666666666667,77.66666666666667,76.66666666666667,78.33333333333333,79.33333333333333,80.33333333333333,78.33333333333333,77.0,75.0,74.0,75.0,77.66666666666667,75.66666666666667,74.66666666666667,75.66666666666667,77.66666666666667,78.66666666666667,52.0,54.0,57.0,60.0,62.0,63.0,62.0,61.0,63.0,65.0,66.0,65.0,64.0,63.0,64.0,65.66666666666667,66.66666666666667,64.0,61.666666666666664,61.666666666666664,62.0,62.0,61.666666666666664,59.666666666666664,60.666666666666664,60.666666666666664,63.0,70.0,72.66666666666667,70.66666666666667,69.0,72.0,90.66666666666667,95.66666666666667,91.66666666666667,77.0,68.0,71.0,76.0,76.0,67.0,69.0,74.0,80.33333333333333,85.66666666666667,89.0,91.33333333333333,91.33333333333333,93.66666666666667,97.33333333333333,97.0,90.66666666666667,83.0,75.0,65.0,56.0,57.0,57.0,60.666666666666664,65.66666666666667,66.0,62.0,59.0,60.333333333333336,66.66666666666667,66.66666666666667,74.33333333333333,96.66666666666667,120.0,128.33333333333334,116.0,99.66666666666667,87.66666666666667,86.33333333333333,84.0,83.0,82.0,81.0,77.0,75.0,69.33333333333333,68.66666666666667,71.66666666666667,76.0,78.33333333333333,79.0,84.0,89.33333333333333,86.33333333333333,86.33333333333333,86.0,85.0,85.0,83.0,82.66666666666667,81.0,77.33333333333333,79.0,81.0,80.0,77.33333333333333,74.33333333333333,73.33333333333333,73.33333333333333,70.0,68.0,68.33333333333333,70.33333333333333,73.33333333333333,76.33333333333333,76.33333333333333,76.33333333333333,74.33333333333333,73.33333333333333,71.0,72.0,74.0,79.0,83.33333333333333,87.0,84.0,82.33333333333333,81.33333333333333,78.66666666666667,76.66666666666667,74.66666666666667,73.66666666666667,73.66666666666667,74.66666666666667,74.66666666666667,76.66666666666667,80.66666666666667,84.66666666666667,84.66666666666667,80.66666666666667,75.66666666666667,77.33333333333333,78.33333333333333,78.33333333333333,76.33333333333333,75.0,73.0,73.0,74.0,72.66666666666667,71.66666666666667,71.66666666666667,73.66666666666667,76.66666666666667,78.66666666666667,54.0,56.0,58.0,61.0,62.0,62.0,62.0,61.0,63.0,64.0,66.0,65.0,63.0,63.0,64.0,64.66666666666667,67.66666666666667,64.0,61.666666666666664,60.666666666666664,61.0,62.0,62.666666666666664,61.666666666666664,62.666666666666664,62.666666666666664,66.0,73.0,75.66666666666667,72.66666666666667,71.0,74.0,90.66666666666667,95.66666666666667,92.0,76.0,67.33333333333333,71.33333333333333,76.0,75.33333333333333,70.66666666666667,71.33333333333333,73.0,77.66666666666667,84.66666666666667,89.33333333333333,92.66666666666667,92.33333333333333,93.0,95.0,93.33333333333333,90.0,87.33333333333333,83.0,73.33333333333333,63.0,55.0,52.666666666666664,55.0,59.666666666666664,61.666666666666664,58.0,56.666666666666664,58.0,60.333333333333336,56.666666666666664,57.333333333333336,72.66666666666667,92.0,101.33333333333333,95.0,83.33333333333333,82.66666666666667,81.33333333333333,80.33333333333333,80.33333333333333,81.33333333333333,80.33333333333333,77.66666666666667,74.33333333333333,66.33333333333333,64.66666666666667,67.66666666666667,75.0,80.0,79.33333333333333,81.0,83.33333333333333,81.33333333333333,82.33333333333333,84.0,85.0,85.0,83.0,81.66666666666667,79.0,77.33333333333333,78.0,79.0,78.0,76.33333333333333,75.33333333333333,76.33333333333333,78.33333333333333,72.0,70.0,69.33333333333333,70.33333333333333,73.33333333333333,76.33333333333333,78.33333333333333,78.33333333333333,76.33333333333333,74.33333333333333,71.0,69.0,71.0,74.33333333333333,79.0,83.0,81.33333333333333,81.33333333333333,80.66666666666667,78.66666666666667,75.66666666666667,72.66666666666667,71.66666666666667,70.66666666666667,72.66666666666667,70.66666666666667,72.66666666666667,77.66666666666667,83.66666666666667,85.66666666666667,79.66666666666667,73.66666666666667,76.33333333333333,77.33333333333333,76.33333333333333,74.33333333333333,72.0,70.0,71.0,72.0,67.66666666666667,67.66666666666667,69.66666666666667,74.66666666666667,79.66666666666667,82.66666666666667,57.333333333333336,58.333333333333336,59.333333333333336,61.333333333333336,62.0,62.0,62.0,62.0,63.0,64.0,65.0,65.0,63.0,62.0,64.0,64.33333333333333,67.66666666666667,64.0,61.666666666666664,60.666666666666664,62.0,63.0,63.666666666666664,62.666666666666664,64.66666666666667,64.66666666666667,69.0,76.0,78.66666666666667,75.66666666666667,74.0,76.0,89.33333333333333,95.33333333333333,93.0,78.0,69.0,71.33333333333333,75.0,73.33333333333333,74.0,72.0,72.33333333333333,76.33333333333333,83.0,88.33333333333333,92.0,92.0,89.33333333333333,88.66666666666667,88.0,85.33333333333333,86.33333333333333,88.33333333333333,82.0,74.33333333333333,58.0,52.666666666666664,50.666666666666664,52.666666666666664,54.666666666666664,53.666666666666664,54.333333333333336,57.0,56.333333333333336,53.0,51.333333333333336,55.0,64.33333333333333,72.66666666666667,75.33333333333333,74.33333333333333,78.66666666666667,78.0,78.0,80.0,82.0,82.66666666666667,80.33333333333333,76.66666666666667,66.33333333333333,63.333333333333336,67.33333333333333,78.0,83.33333333333333,83.0,80.33333333333333,80.33333333333333,77.33333333333333,79.33333333333333,81.33333333333333,83.33333333333333,84.33333333333333,82.33333333333333,80.0,78.33333333333333,77.33333333333333,77.0,77.0,76.0,75.33333333333333,75.33333333333333,78.33333333333333,80.33333333333333,75.0,73.0,71.33333333333333,72.33333333333333,74.33333333333333,77.33333333333333,78.33333333333333,78.33333333333333,77.0,74.0,70.0,68.0,67.33333333333333,71.33333333333333,75.0,78.0,78.33333333333333,80.33333333333333,80.66666666666667,79.66666666666667,75.66666666666667,72.66666666666667,72.0,72.0,76.66666666666667,73.66666666666667,71.66666666666667,74.66666666666667,79.66666666666667,80.66666666666667,76.66666666666667,72.66666666666667,75.33333333333333,76.33333333333333,74.33333333333333,71.33333333333333,69.0,68.0,68.0,70.0,68.66666666666667,69.66666666666667,72.66666666666667,77.66666666666667,82.66666666666667,86.66666666666667,59.333333333333336,60.333333333333336,61.333333333333336,62.333333333333336,62.0,62.0,62.0,62.0,62.0,64.0,65.0,64.0,63.0,62.0,63.0,64.33333333333333,66.66666666666667,64.0,62.666666666666664,61.666666666666664,63.0,64.0,63.666666666666664,62.666666666666664,65.66666666666667,65.66666666666667,70.0,78.0,79.66666666666667,76.66666666666667,75.0,75.66666666666667,87.66666666666667,97.0,97.0,85.0,75.33333333333333,75.0,75.33333333333333,72.0,75.33333333333333,72.0,70.33333333333333,74.0,80.33333333333333,86.0,87.33333333333333,86.33333333333333,83.33333333333333,83.33333333333333,82.33333333333333,80.0,83.66666666666667,87.66666666666667,86.66666666666667,82.0,66.33333333333333,58.0,50.666666666666664,49.666666666666664,51.666666666666664,50.666666666666664,51.666666666666664,56.333333333333336,55.0,55.0,52.333333333333336,51.0,53.0,59.666666666666664,68.33333333333333,74.33333333333333,75.66666666666667,75.0,77.0,80.66666666666667,83.66666666666667,84.33333333333333,82.66666666666667,80.33333333333333,68.0,63.666666666666664,66.66666666666667,77.33333333333333,86.0,85.33333333333333,81.0,78.33333333333333,74.33333333333333,76.33333333333333,78.33333333333333,81.0,82.33333333333333,81.33333333333333,80.0,78.33333333333333,78.0,78.0,78.0,76.0,75.33333333333333,75.33333333333333,77.33333333333333,80.33333333333333,78.0,76.0,75.33333333333333,75.33333333333333,77.33333333333333,79.33333333333333,78.33333333333333,77.33333333333333,75.0,73.0,69.0,67.0,66.33333333333333,69.33333333333333,72.0,74.0,74.33333333333333,76.66666666666667,80.66666666666667,80.66666666666667,77.66666666666667,75.66666666666667,76.0,78.0,82.66666666666667,78.66666666666667,75.66666666666667,74.66666666666667,76.66666666666667,76.66666666666667,74.66666666666667,72.66666666666667,75.33333333333333,74.33333333333333,73.33333333333333,69.33333333333333,67.0,65.0,66.0,68.0,72.66666666666667,73.66666666666667,75.66666666666667,79.66666666666667,83.66666666666667,85.66666666666667,61.333333333333336,61.333333333333336,61.333333333333336,62.333333333333336,62.333333333333336,62.333333333333336,62.0,62.0,62.0,63.0,65.0,64.0,62.0,62.0,63.0,63.333333333333336,64.66666666666667,63.0,62.666666666666664,63.666666666666664,65.0,65.0,63.666666666666664,61.666666666666664,63.666666666666664,64.66666666666667,69.0,77.0,79.66666666666667,75.66666666666667,73.0,74.66666666666667,88.66666666666667,98.33333333333333,102.33333333333333,92.33333333333333,83.0,80.0,77.33333333333333,70.33333333333333,73.0,69.66666666666667,67.0,69.66666666666667,76.0,81.0,82.0,78.66666666666667,77.33333333333333,80.33333333333333,79.66666666666667,78.33333333333333,80.33333333333333,85.33333333333333,86.33333333333333,82.66666666666667,77.66666666666667,66.33333333333333,57.0,54.0,53.333333333333336,51.333333333333336,49.333333333333336,51.666666666666664,55.0,56.666666666666664,54.333333333333336,52.0,52.0,56.666666666666664,64.33333333333333,69.33333333333333,73.66666666666667,75.66666666666667,77.66666666666667,82.33333333333333,87.0,88.33333333333333,86.66666666666667,83.33333333333333,73.0,65.33333333333333,64.33333333333333,73.66666666666667,83.0,85.33333333333333,83.0,81.0,74.33333333333333,75.33333333333333,78.0,80.0,81.33333333333333,81.33333333333333,81.33333333333333,80.33333333333333,79.0,79.0,79.0,77.0,75.33333333333333,74.33333333333333,76.33333333333333,77.33333333333333,81.0,79.0,78.33333333333333,79.33333333333333,80.33333333333333,80.33333333333333,78.33333333333333,76.33333333333333,72.0,71.0,69.0,67.0,66.33333333333333,67.33333333333333,70.0,71.0,69.33333333333333,74.66666666666667,80.66666666666667,82.66666666666667,80.66666666666667,80.0,82.0,85.0,85.66666666666667,84.66666666666667,82.66666666666667,79.66666666666667,77.66666666666667,76.66666666666667,74.66666666666667,73.66666666666667,74.33333333333333,73.33333333333333,71.33333333333333,67.33333333333333,65.0,63.0,65.0,67.0,70.66666666666667,71.66666666666667,74.66666666666667,78.66666666666667,82.66666666666667,83.66666666666667,62.333333333333336,62.333333333333336,62.333333333333336,62.333333333333336,62.333333333333336,62.333333333333336,62.0,62.0,62.0,63.0,64.0,64.0,62.0,62.0,63.0,64.0,63.666666666666664,63.0,63.666666666666664,64.66666666666667,66.0,66.0,63.0,60.0,61.666666666666664,62.0,68.0,76.0,78.66666666666667,74.66666666666667,72.0,73.0,89.0,101.33333333333333,107.33333333333333,99.0,89.0,85.0,79.33333333333333,72.0,71.33333333333333,67.0,65.0,68.66666666666667,74.33333333333333,78.66666666666667,77.66666666666667,75.0,73.66666666666667,78.66666666666667,79.66666666666667,78.33333333333333,80.33333333333333,82.66666666666667,83.33333333333333,80.0,84.0,72.0,61.666666666666664,58.333333333333336,55.333333333333336,50.333333333333336,47.333333333333336,47.333333333333336,54.0,54.0,53.333333333333336,51.666666666666664,52.333333333333336,55.666666666666664,58.666666666666664,61.333333333333336,75.0,76.0,80.0,84.0,88.33333333333333,89.66666666666667,87.66666666666667,85.33333333333333,76.66666666666667,67.0,61.333333333333336,68.66666666666667,79.33333333333333,83.33333333333333,84.33333333333333,84.0,75.33333333333333,76.33333333333333,77.33333333333333,80.0,81.0,82.0,82.33333333333333,83.0,80.0,80.0,80.0,78.0,75.33333333333333,73.33333333333333,74.33333333333333,75.33333333333333,82.0,81.0,81.0,82.0,82.33333333333333,81.0,78.33333333333333,75.0,70.0,69.0,68.0,67.0,67.0,67.33333333333333,68.33333333333333,69.0,67.33333333333333,72.66666666666667,80.66666666666667,83.66666666666667,82.66666666666667,83.0,86.66666666666667,90.66666666666667,85.66666666666667,87.66666666666667,87.66666666666667,85.66666666666667,80.66666666666667,77.66666666666667,75.66666666666667,75.66666666666667,74.33333333333333,73.33333333333333,70.33333333333333,66.33333333333333,64.0,62.0,64.0,66.0,64.66666666666667,66.66666666666667,69.66666666666667,75.66666666666667,80.66666666666667,83.66666666666667,61.666666666666664,62.666666666666664,62.666666666666664,63.666666666666664,63.666666666666664,62.666666666666664,62.666666666666664,61.666666666666664,59.666666666666664,60.666666666666664,62.666666666666664,64.66666666666667,65.66666666666667,65.66666666666667,64.66666666666667,64.0,66.66666666666667,66.66666666666667,65.66666666666667,66.66666666666667,65.66666666666667,61.666666666666664,56.666666666666664,52.666666666666664,60.0,61.666666666666664,68.66666666666667,75.66666666666667,77.66666666666667,73.66666666666667,71.66666666666667,73.66666666666667,86.0,92.0,99.0,102.66666666666667,101.0,92.66666666666667,82.66666666666667,75.33333333333333,71.0,69.0,69.66666666666667,72.0,73.66666666666667,72.0,73.0,74.66666666666667,74.0,75.0,77.0,76.0,74.66666666666667,76.0,79.33333333333333,83.33333333333333,90.33333333333333,84.0,74.0,64.66666666666667,56.333333333333336,49.666666666666664,44.333333333333336,40.666666666666664,46.333333333333336,52.333333333333336,58.333333333333336,58.333333333333336,54.333333333333336,51.333333333333336,52.333333333333336,53.666666666666664,62.666666666666664,69.33333333333333,78.33333333333333,85.66666666666667,88.66666666666667,88.66666666666667,87.66666666666667,87.0,73.33333333333333,68.0,63.333333333333336,65.0,72.33333333333333,78.66666666666667,82.66666666666667,83.0,77.33333333333333,76.0,76.0,78.33333333333333,80.33333333333333,82.33333333333333,83.0,82.0,87.0,84.33333333333333,79.33333333333333,75.33333333333333,73.33333333333333,73.33333333333333,75.33333333333333,76.33333333333333,79.33333333333333,82.33333333333333,85.33333333333333,87.33333333333333,88.0,83.33333333333333,80.0,76.0,71.0,71.33333333333333,70.33333333333333,69.0,68.0,66.33333333333333,66.33333333333333,65.0,71.0,70.33333333333333,72.33333333333333,76.66666666666667,83.66666666666667,89.66666666666667,92.66666666666667,93.66666666666667,92.66666666666667,90.66666666666667,89.66666666666667,90.66666666666667,89.66666666666667,87.33333333333333,80.33333333333333,74.33333333333333,75.0,76.0,75.0,71.0,66.33333333333333,63.333333333333336,63.333333333333336,65.33333333333333,62.0,66.0,71.0,77.0,81.0,82.0,61.666666666666664,61.666666666666664,62.666666666666664,62.666666666666664,62.666666666666664,62.666666666666664,61.666666666666664,61.666666666666664,60.666666666666664,61.666666666666664,63.666666666666664,65.66666666666667,66.66666666666667,65.66666666666667,65.66666666666667,64.0,67.0,65.66666666666667,65.66666666666667,65.66666666666667,63.666666666666664,60.666666666666664,54.666666666666664,50.666666666666664,56.666666666666664,57.666666666666664,63.666666666666664,71.66666666666667,73.66666666666667,70.66666666666667,69.66666666666667,71.33333333333333,82.0,89.0,99.33333333333333,105.66666666666667,103.66666666666667,93.66666666666667,79.66666666666667,71.0,68.66666666666667,68.33333333333333,69.0,72.0,73.66666666666667,73.66666666666667,74.0,75.0,70.33333333333333,73.33333333333333,75.0,75.0,75.0,75.0,78.0,81.0,83.33333333333333,80.66666666666667,79.0,74.0,69.33333333333333,60.666666666666664,51.333333333333336,45.666666666666664,45.333333333333336,49.333333333333336,52.666666666666664,53.666666666666664,53.333333333333336,52.333333333333336,52.333333333333336,52.333333333333336,56.333333333333336,63.333333333333336,72.66666666666667,81.66666666666667,85.33333333333333,85.66666666666667,85.33333333333333,86.0,75.33333333333333,69.0,64.0,66.0,74.33333333333333,81.0,83.66666666666667,82.0,78.33333333333333,77.0,76.0,77.0,80.33333333333333,82.33333333333333,83.33333333333333,82.33333333333333,86.33333333333333,83.33333333333333,78.33333333333333,73.33333333333333,72.33333333333333,73.33333333333333,76.33333333333333,78.33333333333333,79.33333333333333,81.33333333333333,84.33333333333333,85.33333333333333,85.33333333333333,82.33333333333333,79.33333333333333,76.33333333333333,74.33333333333333,73.33333333333333,72.33333333333333,70.33333333333333,69.0,68.0,66.33333333333333,66.33333333333333,67.0,67.0,69.33333333333333,74.33333333333333,80.66666666666667,86.66666666666667,89.66666666666667,90.66666666666667,83.66666666666667,84.66666666666667,87.66666666666667,90.66666666666667,93.33333333333333,90.33333333333333,83.33333333333333,77.33333333333333,82.0,83.0,82.0,77.0,69.33333333333333,64.33333333333333,61.333333333333336,61.333333333333336,63.0,66.0,70.0,74.0,77.0,79.0,60.666666666666664,60.666666666666664,61.666666666666664,61.666666666666664,61.666666666666664,61.666666666666664,60.666666666666664,60.666666666666664,61.666666666666664,62.666666666666664,64.66666666666667,66.66666666666667,66.66666666666667,66.66666666666667,65.66666666666667,65.0,67.0,65.66666666666667,64.66666666666667,63.666666666666664,62.666666666666664,58.666666666666664,53.666666666666664,48.666666666666664,53.666666666666664,53.666666666666664,57.666666666666664,65.66666666666667,68.66666666666667,66.66666666666667,66.66666666666667,68.33333333333333,75.66666666666667,84.66666666666667,96.33333333333333,104.66666666666667,102.33333333333333,90.66666666666667,75.66666666666667,64.0,66.0,68.0,69.66666666666667,72.0,74.0,75.0,75.33333333333333,74.66666666666667,66.33333333333333,69.33333333333333,72.0,73.0,73.33333333333333,74.33333333333333,75.33333333333333,78.0,76.0,78.33333333333333,82.33333333333333,85.0,82.0,73.66666666666667,62.333333333333336,55.333333333333336,48.666666666666664,48.333333333333336,48.666666666666664,49.666666666666664,52.333333333333336,52.333333333333336,51.333333333333336,50.333333333333336,49.333333333333336,55.333333333333336,63.666666666666664,71.66666666666667,76.33333333333333,79.66666666666667,81.33333333333333,83.0,76.66666666666667,70.0,66.0,69.33333333333333,78.0,85.0,85.66666666666667,83.0,81.33333333333333,79.33333333333333,77.0,77.0,80.33333333333333,83.33333333333333,85.33333333333333,85.33333333333333,87.33333333333333,83.33333333333333,78.33333333333333,73.33333333333333,71.33333333333333,73.33333333333333,77.33333333333333,80.33333333333333,80.33333333333333,80.33333333333333,82.33333333333333,83.33333333333333,82.33333333333333,81.33333333333333,79.33333333333333,78.33333333333333,76.33333333333333,75.33333333333333,72.33333333333333,69.33333333333333,67.0,67.0,65.33333333333333,66.33333333333333,67.0,67.0,68.33333333333333,72.33333333333333,78.33333333333333,82.33333333333333,83.66666666666667,83.66666666666667,75.66666666666667,79.66666666666667,84.66666666666667,91.66666666666667,95.33333333333333,93.33333333333333,88.33333333333333,83.33333333333333,88.0,89.0,88.0,84.0,77.33333333333333,69.33333333333333,64.33333333333333,61.333333333333336,65.0,66.0,68.0,69.0,71.0,73.0,59.666666666666664,60.666666666666664,60.666666666666664,61.666666666666664,61.666666666666664,60.666666666666664,60.666666666666664,59.666666666666664,62.666666666666664,63.666666666666664,65.66666666666667,67.66666666666667,67.66666666666667,67.66666666666667,66.66666666666667,65.66666666666667,67.0,65.66666666666667,63.666666666666664,62.666666666666664,60.666666666666664,57.666666666666664,52.666666666666664,48.666666666666664,50.666666666666664,49.666666666666664,53.666666666666664,61.666666666666664,65.66666666666667,64.66666666666667,63.666666666666664,65.33333333333333,69.66666666666667,77.66666666666667,89.0,94.66666666666667,93.33333333333333,83.0,70.33333333333333,60.0,66.0,70.0,73.0,74.66666666666667,77.33333333333333,80.33333333333333,79.66666666666667,76.33333333333333,65.0,67.33333333333333,70.0,73.0,73.33333333333333,75.33333333333333,76.33333333333333,76.33333333333333,73.33333333333333,77.0,81.33333333333333,85.66666666666667,88.0,82.0,74.0,68.33333333333333,58.666666666666664,53.333333333333336,48.666666666666664,47.666666666666664,51.333333333333336,53.333333333333336,50.333333333333336,47.333333333333336,48.333333333333336,51.333333333333336,56.333333333333336,59.666666666666664,64.66666666666667,69.33333333333333,75.66666666666667,79.0,75.66666666666667,70.33333333333333,68.33333333333333,72.33333333333333,82.0,89.0,89.66666666666667,87.0,84.33333333333333,81.33333333333333,78.0,77.0,80.33333333333333,84.33333333333333,86.33333333333333,87.33333333333333,92.0,88.33333333333333,81.33333333333333,75.33333333333333,73.33333333333333,75.33333333333333,78.33333333333333,81.33333333333333,81.33333333333333,81.33333333333333,80.33333333333333,80.33333333333333,80.33333333333333,79.33333333333333,79.33333333333333,79.33333333333333,78.0,76.33333333333333,72.33333333333333,69.0,67.0,66.0,65.33333333333333,65.33333333333333,71.0,71.0,70.33333333333333,72.33333333333333,76.33333333333333,79.33333333333333,78.66666666666667,78.66666666666667,75.66666666666667,78.66666666666667,83.66666666666667,89.66666666666667,93.33333333333333,94.33333333333333,92.33333333333333,90.33333333333333,89.0,90.0,92.0,91.0,86.33333333333333,78.33333333333333,71.33333333333333,67.33333333333333,68.0,68.0,67.0,66.0,67.0,68.0,59.666666666666664,60.666666666666664,60.666666666666664,61.666666666666664,61.666666666666664,60.666666666666664,60.666666666666664,59.666666666666664,63.666666666666664,64.66666666666667,65.66666666666667,67.66666666666667,67.66666666666667,66.66666666666667,65.66666666666667,64.66666666666667,66.0,64.0,62.0,61.0,59.0,56.0,52.0,49.0,50.0,48.0,52.0,60.0,65.0,64.0,62.0,62.0,64.0,68.66666666666667,76.0,80.33333333333333,79.33333333333333,73.0,65.0,58.333333333333336,68.66666666666667,74.33333333333333,79.0,80.0,81.66666666666667,85.0,83.33333333333333,78.66666666666667,67.0,68.33333333333333,70.0,72.0,74.33333333333333,76.33333333333333,77.0,77.0,76.0,76.33333333333333,78.0,81.0,83.66666666666667,83.66666666666667,81.33333333333333,80.0,70.33333333333333,62.333333333333336,52.666666666666664,48.666666666666664,50.333333333333336,52.333333333333336,49.333333333333336,46.333333333333336,52.333333333333336,52.333333333333336,51.333333333333336,50.666666666666664,52.666666666666664,59.333333333333336,66.66666666666667,73.33333333333333,72.33333333333333,69.66666666666667,70.33333333333333,75.0,83.33333333333333,89.33333333333333,91.0,90.0,85.33333333333333,82.33333333333333,79.33333333333333,79.33333333333333,82.33333333333333,86.33333333333333,88.33333333333333,89.33333333333333,97.0,93.0,86.0,80.0,77.0,77.0,79.0,81.0,82.0,82.0,81.0,80.0,79.0,78.0,78.0,78.33333333333333,81.0,79.0,76.0,73.0,71.0,69.33333333333333,68.33333333333333,68.33333333333333,74.0,72.0,72.0,73.0,76.33333333333333,79.33333333333333,81.33333333333333,81.33333333333333,79.66666666666667,81.66666666666667,83.66666666666667,86.66666666666667,89.33333333333333,91.33333333333333,92.33333333333333,94.33333333333333,92.0,93.0,95.0,96.0,92.33333333333333,85.33333333333333,76.33333333333333,71.33333333333333,71.0,70.0,68.0,66.0,65.0,65.0,60.666666666666664,60.666666666666664,61.666666666666664,61.666666666666664,61.666666666666664,61.666666666666664,60.666666666666664,60.666666666666664,63.666666666666664,64.66666666666667,65.66666666666667,66.66666666666667,66.66666666666667,65.66666666666667,64.66666666666667,63.666666666666664,62.0,60.0,57.0,56.0,55.0,53.0,50.0,47.0,49.0,47.0,50.0,60.0,65.0,63.0,58.0,56.0,59.666666666666664,61.666666666666664,63.666666666666664,65.33333333333333,65.33333333333333,63.0,61.0,59.0,71.33333333333333,79.66666666666667,84.66666666666667,84.0,85.66666666666667,89.33333333333333,86.66666666666667,80.0,72.0,70.33333333333333,70.0,71.0,74.33333333333333,77.0,78.0,77.33333333333333,79.0,77.0,76.0,76.33333333333333,80.0,81.0,82.33333333333333,82.33333333333333,78.0,68.66666666666667,56.333333333333336,49.666666666666664,49.333333333333336,50.333333333333336,49.333333333333336,47.333333333333336,55.333333333333336,54.333333333333336,50.333333333333336,48.333333333333336,48.333333333333336,52.666666666666664,60.333333333333336,65.66666666666667,68.0,69.33333333333333,71.66666666666667,76.33333333333333,79.33333333333333,84.0,86.0,87.66666666666667,87.0,83.33333333333333,81.33333333333333,82.33333333333333,84.33333333333333,88.33333333333333,89.33333333333333,90.33333333333333,98.0,95.0,89.0,84.0,81.0,80.0,81.0,82.0,85.0,84.0,83.0,81.0,80.0,78.0,77.0,76.0,83.33333333333333,83.0,82.0,81.0,78.33333333333333,76.33333333333333,74.33333333333333,73.33333333333333,73.0,70.0,69.0,70.0,74.33333333333333,80.33333333333333,84.33333333333333,86.33333333333333,82.66666666666667,82.66666666666667,83.66666666666667,83.66666666666667,84.33333333333333,85.33333333333333,89.33333333333333,92.33333333333333,96.0,97.0,98.0,98.0,96.33333333333333,88.33333333333333,79.33333333333333,72.33333333333333,74.0,73.0,70.0,68.0,67.0,66.0,61.666666666666664,61.666666666666664,62.666666666666664,62.666666666666664,62.666666666666664,62.666666666666664,61.666666666666664,61.666666666666664,62.666666666666664,63.666666666666664,64.66666666666667,65.66666666666667,65.66666666666667,64.66666666666667,63.666666666666664,62.666666666666664,55.0,53.0,51.0,50.0,50.0,49.0,47.0,44.0,47.0,45.0,49.0,59.0,65.0,61.0,54.0,50.0,54.666666666666664,54.666666666666664,54.666666666666664,55.333333333333336,57.0,58.0,60.0,59.0,73.66666666666667,83.33333333333333,89.0,86.33333333333333,88.0,91.66666666666667,87.66666666666667,79.33333333333333,74.66666666666667,72.33333333333333,69.0,69.0,72.33333333333333,76.0,76.33333333333333,75.66666666666667,77.33333333333333,76.33333333333333,76.33333333333333,78.33333333333333,80.0,80.33333333333333,78.0,76.66666666666667,79.33333333333333,70.66666666666667,58.333333333333336,49.666666666666664,47.333333333333336,48.333333333333336,50.333333333333336,51.0,54.0,53.333333333333336,52.333333333333336,50.333333333333336,49.333333333333336,50.666666666666664,54.666666666666664,58.333333333333336,63.333333333333336,69.0,74.33333333333333,74.66666666666667,73.0,72.33333333333333,76.33333333333333,80.0,87.0,85.0,83.33333333333333,84.33333333333333,87.33333333333333,89.33333333333333,91.0,90.0,94.0,92.0,89.0,86.0,84.0,83.0,83.0,84.0,87.0,86.0,85.0,84.0,81.0,78.0,76.0,74.0,82.33333333333333,82.33333333333333,83.33333333333333,83.33333333333333,81.33333333333333,79.33333333333333,76.33333333333333,75.33333333333333,75.33333333333333,71.33333333333333,66.0,65.0,69.0,75.0,80.0,81.33333333333333,78.66666666666667,80.66666666666667,81.66666666666667,81.66666666666667,80.33333333333333,81.33333333333333,83.33333333333333,86.33333333333333,95.0,95.0,96.0,98.0,97.33333333333333,92.33333333333333,83.33333333333333,76.33333333333333,76.33333333333333,75.33333333333333,73.33333333333333,71.33333333333333,69.33333333333333,68.33333333333333,61.666666666666664,62.666666666666664,62.666666666666664,63.666666666666664,63.666666666666664,62.666666666666664,62.666666666666664,61.666666666666664,62.666666666666664,62.666666666666664,64.66666666666667,65.66666666666667,64.66666666666667,63.666666666666664,62.666666666666664,61.666666666666664,51.0,49.0,47.0,46.0,47.0,46.0,44.0,42.0,45.0,43.0,48.0,59.0,64.0,59.0,50.0,45.666666666666664,50.666666666666664,50.666666666666664,52.0,52.666666666666664,54.666666666666664,56.666666666666664,58.333333333333336,58.333333333333336,75.0,85.0,90.66666666666667,87.0,87.66666666666667,92.33333333333333,87.66666666666667,78.0,76.66666666666667,72.33333333333333,68.0,66.33333333333333,70.0,73.33333333333333,74.66666666666667,75.66666666666667,73.66666666666667,75.66666666666667,78.66666666666667,81.66666666666667,83.33333333333333,80.0,74.33333333333333,70.66666666666667,78.33333333333333,70.66666666666667,59.333333333333336,49.333333333333336,46.333333333333336,47.333333333333336,51.0,54.0,51.0,53.0,55.0,54.333333333333336,53.333333333333336,52.333333333333336,53.333333333333336,53.666666666666664,61.666666666666664,68.33333333333333,75.0,74.33333333333333,67.33333333333333,64.0,68.0,73.0,86.66666666666667,85.0,85.0,86.33333333333333,89.33333333333333,90.33333333333333,91.0,90.0,89.0,88.0,87.0,86.0,85.0,85.0,85.0,85.0,88.0,88.0,87.0,85.0,82.0,79.0,75.0,73.0,77.33333333333333,79.33333333333333,81.33333333333333,82.33333333333333,81.33333333333333,78.33333333333333,75.33333333333333,72.33333333333333,80.33333333333333,74.33333333333333,67.0,62.0,63.0,67.0,71.0,74.0,73.33333333333333,76.66666666666667,79.66666666666667,80.66666666666667,79.33333333333333,78.33333333333333,79.33333333333333,81.33333333333333,90.0,91.0,93.0,97.0,99.33333333333333,96.33333333333333,89.33333333333333,83.33333333333333,77.33333333333333,76.33333333333333,75.33333333333333,73.33333333333333,72.33333333333333,70.33333333333333,58.666666666666664,62.666666666666664,65.66666666666667,64.66666666666667,62.666666666666664,60.666666666666664,62.666666666666664,64.66666666666667,61.666666666666664,61.666666666666664,62.666666666666664,64.66666666666667,64.66666666666667,62.666666666666664,58.666666666666664,54.666666666666664,48.666666666666664,48.666666666666664,47.666666666666664,47.666666666666664,46.666666666666664,45.666666666666664,45.666666666666664,44.666666666666664,45.666666666666664,50.666666666666664,55.666666666666664,56.666666666666664,54.666666666666664,52.666666666666664,53.666666666666664,54.666666666666664,53.0,54.0,55.0,52.666666666666664,50.333333333333336,50.0,53.666666666666664,56.333333333333336,69.66666666666667,81.66666666666667,90.33333333333333,86.66666666666667,81.66666666666667,80.33333333333333,81.0,79.33333333333333,78.66666666666667,75.33333333333333,70.0,66.33333333333333,66.0,69.33333333333333,74.66666666666667,78.66666666666667,79.66666666666667,85.66666666666667,87.66666666666667,87.66666666666667,91.33333333333333,91.33333333333333,78.0,61.333333333333336,72.33333333333333,66.66666666666667,58.333333333333336,51.333333333333336,49.333333333333336,49.333333333333336,50.0,51.0,52.666666666666664,52.666666666666664,53.666666666666664,53.0,52.0,49.333333333333336,47.333333333333336,46.333333333333336,50.333333333333336,59.666666666666664,70.33333333333333,71.0,62.666666666666664,59.333333333333336,61.333333333333336,66.33333333333333,79.0,85.0,89.0,87.0,86.0,90.0,94.0,95.0,91.33333333333333,90.33333333333333,88.33333333333333,87.33333333333333,86.33333333333333,85.33333333333333,85.33333333333333,85.33333333333333,87.33333333333333,85.33333333333333,82.33333333333333,80.33333333333333,79.33333333333333,77.33333333333333,76.33333333333333,74.33333333333333,73.0,76.0,80.0,81.0,78.0,76.0,74.33333333333333,73.33333333333333,76.33333333333333,76.33333333333333,73.33333333333333,68.33333333333333,63.333333333333336,63.333333333333336,69.33333333333333,74.0,74.33333333333333,74.66666666666667,75.66666666666667,75.66666666666667,75.33333333333333,74.33333333333333,72.33333333333333,71.33333333333333,80.0,80.0,83.0,90.0,96.33333333333333,97.33333333333333,90.33333333333333,84.33333333333333,81.0,80.0,78.0,76.0,74.0,74.0,58.666666666666664,60.666666666666664,62.666666666666664,62.666666666666664,61.666666666666664,60.666666666666664,60.666666666666664,61.666666666666664,62.666666666666664,61.666666666666664,60.666666666666664,60.666666666666664,60.666666666666664,58.666666666666664,54.666666666666664,50.666666666666664,48.666666666666664,47.666666666666664,46.666666666666664,46.666666666666664,44.666666666666664,44.666666666666664,43.666666666666664,42.666666666666664,42.666666666666664,46.666666666666664,52.666666666666664,56.666666666666664,56.666666666666664,54.666666666666664,51.666666666666664,50.666666666666664,52.333333333333336,54.333333333333336,55.0,54.0,51.666666666666664,50.666666666666664,53.0,54.333333333333336,67.33333333333333,79.0,88.66666666666667,86.0,82.0,81.0,81.33333333333333,79.0,80.33333333333333,78.0,73.33333333333333,70.0,70.0,73.33333333333333,77.66666666666667,80.66666666666667,84.66666666666667,90.66666666666667,94.66666666666667,97.33333333333333,101.33333333333333,101.0,83.0,62.333333333333336,67.33333333333333,62.666666666666664,56.333333333333336,51.333333333333336,50.333333333333336,50.333333333333336,52.0,52.0,49.666666666666664,50.666666666666664,52.666666666666664,53.666666666666664,53.666666666666664,53.0,52.0,50.333333333333336,52.666666666666664,56.333333333333336,60.666666666666664,62.333333333333336,61.333333333333336,59.333333333333336,58.333333333333336,58.333333333333336,72.0,81.66666666666667,89.66666666666667,90.0,90.0,92.0,93.0,92.0,90.33333333333333,89.33333333333333,88.33333333333333,87.33333333333333,86.33333333333333,86.33333333333333,86.33333333333333,86.33333333333333,87.33333333333333,86.33333333333333,83.33333333333333,81.33333333333333,79.33333333333333,78.33333333333333,76.33333333333333,75.33333333333333,73.0,74.0,76.0,77.0,77.0,74.0,71.33333333333333,69.33333333333333,73.33333333333333,73.33333333333333,71.33333333333333,67.33333333333333,63.333333333333336,64.33333333333333,69.33333333333333,75.0,74.33333333333333,73.66666666666667,74.66666666666667,74.66666666666667,74.33333333333333,73.33333333333333,72.33333333333333,71.33333333333333,77.0,76.0,78.0,84.0,90.33333333333333,90.33333333333333,85.33333333333333,80.33333333333333,80.0,81.0,81.0,78.0,74.0,72.0,60.666666666666664,59.666666666666664,58.666666666666664,59.666666666666664,60.666666666666664,60.666666666666664,58.666666666666664,57.666666666666664,61.666666666666664,59.666666666666664,56.666666666666664,54.666666666666664,54.666666666666664,52.666666666666664,49.666666666666664,46.666666666666664,46.666666666666664,46.333333333333336,45.333333333333336,44.333333333333336,42.333333333333336,41.333333333333336,40.333333333333336,39.333333333333336,38.333333333333336,42.333333333333336,47.333333333333336,53.333333333333336,56.333333333333336,55.333333333333336,51.333333333333336,47.666666666666664,52.333333333333336,54.666666666666664,56.0,56.0,54.666666666666664,53.0,53.666666666666664,53.666666666666664,64.66666666666667,75.33333333333333,84.33333333333333,85.0,82.66666666666667,80.0,79.33333333333333,78.33333333333333,83.33333333333333,82.0,77.33333333333333,75.0,76.0,78.33333333333333,80.66666666666667,83.66666666666667,86.66666666666667,92.66666666666667,99.33333333333333,103.33333333333333,110.0,107.33333333333333,85.33333333333333,60.666666666666664,59.333333333333336,56.666666666666664,53.333333333333336,50.333333333333336,51.333333333333336,52.333333333333336,53.0,52.0,48.666666666666664,50.0,52.0,53.666666666666664,54.666666666666664,55.0,55.0,54.333333333333336,57.333333333333336,54.333333333333336,52.333333333333336,54.666666666666664,59.0,60.666666666666664,59.0,55.0,64.33333333333333,76.66666666666667,88.66666666666667,92.66666666666667,93.0,94.0,93.0,89.0,88.33333333333333,88.33333333333333,87.33333333333333,87.33333333333333,87.33333333333333,87.33333333333333,88.33333333333333,88.33333333333333,88.33333333333333,87.33333333333333,85.33333333333333,83.33333333333333,80.33333333333333,78.33333333333333,76.33333333333333,75.33333333333333,72.33333333333333,71.33333333333333,70.33333333333333,72.33333333333333,75.0,73.0,68.0,64.0,66.33333333333333,67.33333333333333,66.33333333333333,63.333333333333336,62.0,63.0,70.0,74.33333333333333,74.33333333333333,73.66666666666667,72.66666666666667,72.66666666666667,73.33333333333333,73.33333333333333,72.33333333333333,72.33333333333333,73.0,72.0,72.0,76.0,81.33333333333333,82.33333333333333,79.33333333333333,76.33333333333333,79.0,83.0,86.0,83.0,76.0,71.0,62.666666666666664,59.666666666666664,57.666666666666664,58.666666666666664,61.666666666666664,61.666666666666664,58.666666666666664,54.666666666666664,57.666666666666664,54.666666666666664,50.666666666666664,48.666666666666664,48.666666666666664,47.666666666666664,46.666666666666664,44.666666666666664,45.666666666666664,44.333333333333336,43.333333333333336,41.333333333333336,40.333333333333336,38.333333333333336,37.333333333333336,37.333333333333336,38.333333333333336,38.333333333333336,41.333333333333336,47.333333333333336,52.333333333333336,54.333333333333336,50.333333333333336,46.666666666666664,51.333333333333336,53.666666666666664,56.0,57.0,57.666666666666664,56.0,55.666666666666664,54.666666666666664,61.0,69.33333333333333,78.66666666666667,82.33333333333333,80.0,78.0,77.66666666666667,77.66666666666667,84.33333333333333,82.33333333333333,81.33333333333333,79.0,79.33333333333333,81.33333333333333,82.66666666666667,84.66666666666667,86.66666666666667,91.33333333333333,95.33333333333333,99.0,106.33333333333333,105.0,83.33333333333333,59.333333333333336,51.333333333333336,50.333333333333336,49.333333333333336,49.333333333333336,51.333333333333336,52.333333333333336,52.0,51.666666666666664,50.0,51.0,52.0,54.0,55.0,55.666666666666664,56.666666666666664,57.0,60.0,55.333333333333336,51.666666666666664,52.666666666666664,58.333333333333336,60.666666666666664,60.0,58.0,62.333333333333336,75.0,86.66666666666667,91.66666666666667,92.0,94.0,93.0,90.0,87.33333333333333,87.33333333333333,87.33333333333333,87.33333333333333,87.33333333333333,88.33333333333333,89.33333333333333,90.33333333333333,90.33333333333333,90.33333333333333,89.33333333333333,86.33333333333333,82.33333333333333,78.33333333333333,76.33333333333333,76.33333333333333,74.33333333333333,70.33333333333333,68.33333333333333,69.33333333333333,73.0,73.0,67.0,61.0,58.333333333333336,60.333333333333336,61.333333333333336,59.333333333333336,59.0,62.0,69.0,74.33333333333333,75.33333333333333,73.66666666666667,72.66666666666667,71.66666666666667,71.33333333333333,72.33333333333333,72.33333333333333,73.33333333333333,73.0,72.0,71.0,72.0,75.33333333333333,77.33333333333333,77.33333333333333,75.33333333333333,78.0,85.0,91.0,89.0,81.0,75.0,63.666666666666664,61.666666666666664,58.666666666666664,59.666666666666664,61.666666666666664,61.666666666666664,57.666666666666664,54.666666666666664,52.666666666666664,49.666666666666664,45.666666666666664,44.666666666666664,44.666666666666664,45.666666666666664,45.666666666666664,44.666666666666664,42.666666666666664,42.333333333333336,41.333333333333336,40.333333333333336,38.333333333333336,37.333333333333336,36.333333333333336,36.333333333333336,39.333333333333336,37.333333333333336,37.333333333333336,40.333333333333336,46.333333333333336,50.333333333333336,51.333333333333336,49.666666666666664,52.0,53.0,55.0,58.0,60.666666666666664,61.666666666666664,60.0,58.333333333333336,60.333333333333336,64.66666666666667,73.0,77.66666666666667,78.0,75.66666666666667,75.33333333333333,76.0,82.33333333333333,82.0,82.0,82.0,81.33333333333333,82.33333333333333,83.33333333333333,83.33333333333333,87.33333333333333,90.0,90.33333333333333,91.0,97.33333333333333,98.66666666666667,82.33333333333333,62.0,50.0,48.333333333333336,47.333333333333336,48.333333333333336,50.333333333333336,51.333333333333336,51.0,50.666666666666664,53.0,53.0,53.333333333333336,54.0,54.0,54.666666666666664,54.666666666666664,55.0,56.0,55.333333333333336,54.333333333333336,54.333333333333336,54.666666666666664,57.333333333333336,61.333333333333336,64.33333333333333,69.0,78.0,85.66666666666667,87.66666666666667,87.0,91.0,93.0,92.0,87.33333333333333,86.66666666666667,86.66666666666667,86.66666666666667,87.66666666666667,88.66666666666667,89.66666666666667,90.66666666666667,90.66666666666667,91.66666666666667,91.66666666666667,88.66666666666667,82.66666666666667,77.66666666666667,75.66666666666667,75.66666666666667,75.66666666666667,71.66666666666667,68.33333333333333,69.33333333333333,72.33333333333333,71.33333333333333,66.0,60.0,57.333333333333336,59.333333333333336,62.0,62.0,62.333333333333336,66.33333333333333,73.33333333333333,79.0,77.33333333333333,75.66666666666667,72.66666666666667,70.66666666666667,70.33333333333333,71.33333333333333,72.33333333333333,73.33333333333333,76.0,74.0,73.0,73.0,74.33333333333333,76.33333333333333,77.33333333333333,77.33333333333333,77.0,84.33333333333333,91.33333333333333,91.33333333333333,85.33333333333333,80.33333333333333,63.666666666666664,62.666666666666664,60.666666666666664,60.666666666666664,60.666666666666664,58.666666666666664,56.666666666666664,54.666666666666664,49.666666666666664,46.666666666666664,43.666666666666664,42.666666666666664,43.666666666666664,44.666666666666664,44.666666666666664,43.666666666666664,40.333333333333336,40.333333333333336,39.333333333333336,39.333333333333336,38.333333333333336,37.333333333333336,37.333333333333336,36.333333333333336,40.333333333333336,38.333333333333336,37.333333333333336,38.333333333333336,42.333333333333336,46.333333333333336,50.333333333333336,51.666666666666664,53.0,53.0,55.0,59.0,62.666666666666664,66.66666666666667,66.0,64.0,63.333333333333336,64.66666666666667,69.66666666666667,75.66666666666667,76.66666666666667,74.0,75.33333333333333,77.66666666666667,80.33333333333333,81.0,82.0,83.0,82.33333333333333,82.33333333333333,82.33333333333333,81.33333333333333,87.0,89.33333333333333,88.0,84.33333333333333,88.66666666666667,92.33333333333333,84.0,69.66666666666667,54.0,52.333333333333336,49.666666666666664,49.333333333333336,50.666666666666664,51.333333333333336,51.0,50.666666666666664,55.0,54.0,53.333333333333336,53.333333333333336,52.0,53.0,53.0,53.666666666666664,50.666666666666664,54.0,56.333333333333336,55.666666666666664,53.666666666666664,56.0,63.333333333333336,69.33333333333333,78.0,83.0,87.0,83.66666666666667,83.0,87.0,91.0,91.33333333333333,88.33333333333333,87.66666666666667,86.66666666666667,86.66666666666667,87.66666666666667,88.66666666666667,89.66666666666667,90.66666666666667,91.66666666666667,94.66666666666667,94.66666666666667,91.66666666666667,84.66666666666667,78.66666666666667,76.66666666666667,76.66666666666667,75.66666666666667,72.66666666666667,70.33333333333333,69.33333333333333,70.33333333333333,68.33333333333333,65.0,61.0,60.333333333333336,63.333333333333336,67.0,68.0,69.33333333333333,72.33333333333333,79.33333333333333,85.0,82.33333333333333,78.66666666666667,74.66666666666667,71.66666666666667,70.33333333333333,70.33333333333333,72.33333333333333,73.33333333333333,78.0,77.0,76.0,75.0,75.33333333333333,76.33333333333333,78.33333333333333,79.0,77.0,82.33333333333333,88.33333333333333,89.33333333333333,85.33333333333333,82.33333333333333,60.666666666666664,61.666666666666664,61.666666666666664,60.666666666666664,57.666666666666664,54.666666666666664,53.666666666666664,53.666666666666664,49.666666666666664,47.666666666666664,44.666666666666664,43.666666666666664,43.666666666666664,43.666666666666664,41.666666666666664,40.666666666666664,38.333333333333336,38.333333333333336,38.333333333333336,38.333333333333336,38.333333333333336,38.333333333333336,38.333333333333336,38.333333333333336,37.333333333333336,38.333333333333336,39.333333333333336,40.333333333333336,41.333333333333336,44.333333333333336,47.333333333333336,50.333333333333336,55.0,54.333333333333336,54.0,59.0,65.0,70.66666666666667,72.0,71.66666666666667,69.33333333333333,67.66666666666667,69.66666666666667,76.0,76.66666666666667,74.33333333333333,76.66666666666667,81.0,80.0,80.0,82.33333333333333,84.33333333333333,84.33333333333333,83.33333333333333,81.33333333333333,80.33333333333333,83.0,87.33333333333333,86.33333333333333,81.66666666666667,84.0,88.0,84.66666666666667,75.33333333333333,62.0,59.333333333333336,54.666666666666664,53.333333333333336,52.666666666666664,52.333333333333336,52.0,51.666666666666664,54.0,53.333333333333336,52.333333333333336,51.333333333333336,51.333333333333336,52.0,53.0,53.666666666666664,51.666666666666664,54.0,57.333333333333336,57.666666666666664,57.666666666666664,61.0,68.66666666666667,74.0,85.0,89.0,90.0,83.66666666666667,80.0,84.0,88.0,88.33333333333333,89.33333333333333,88.66666666666667,87.66666666666667,87.66666666666667,87.66666666666667,88.66666666666667,89.66666666666667,89.66666666666667,92.66666666666667,95.66666666666667,97.66666666666667,93.66666666666667,85.66666666666667,78.66666666666667,76.66666666666667,77.66666666666667,74.66666666666667,72.66666666666667,71.66666666666667,69.66666666666667,67.33333333333333,65.33333333333333,63.0,62.0,61.333333333333336,64.33333333333333,69.0,70.0,71.33333333333333,75.33333333333333,82.33333333333333,88.0,86.33333333333333,81.66666666666667,76.66666666666667,71.66666666666667,70.33333333333333,70.33333333333333,72.33333333333333,73.33333333333333,77.0,77.0,77.0,76.0,75.33333333333333,75.33333333333333,76.33333333333333,78.0,76.0,79.33333333333333,82.33333333333333,83.33333333333333,81.33333333333333,80.33333333333333,58.666666666666664,60.666666666666664,62.666666666666664,59.666666666666664,54.666666666666664,51.666666666666664,51.666666666666664,52.666666666666664,51.666666666666664,49.666666666666664,46.666666666666664,44.666666666666664,45.0,42.666666666666664,40.0,37.666666666666664,37.333333333333336,37.333333333333336,37.333333333333336,38.333333333333336,38.333333333333336,39.333333333333336,39.333333333333336,39.333333333333336,34.333333333333336,38.333333333333336,42.666666666666664,43.333333333333336,42.666666666666664,42.333333333333336,45.666666666666664,49.333333333333336,55.666666666666664,53.666666666666664,54.0,58.666666666666664,66.33333333333333,73.0,76.0,76.33333333333333,75.66666666666667,70.66666666666667,72.0,77.33333333333333,79.0,76.33333333333333,78.33333333333333,84.33333333333333,80.33333333333333,81.33333333333333,84.0,86.0,86.0,84.33333333333333,81.33333333333333,81.0,79.0,84.33333333333333,85.0,79.66666666666667,79.33333333333333,85.0,82.0,74.0,67.66666666666667,62.666666666666664,58.333333333333336,55.0,53.666666666666664,53.333333333333336,53.333333333333336,51.333333333333336,51.0,50.666666666666664,49.666666666666664,49.666666666666664,51.0,52.0,54.0,54.666666666666664,56.0,57.666666666666664,58.333333333333336,61.333333333333336,64.33333333333333,69.33333333333333,74.33333333333333,78.33333333333333,89.33333333333333,92.33333333333333,92.0,85.66666666666667,80.0,82.0,84.33333333333333,85.33333333333333,89.66666666666667,88.66666666666667,88.66666666666667,87.66666666666667,87.66666666666667,88.66666666666667,88.66666666666667,89.66666666666667,93.66666666666667,96.66666666666667,98.66666666666667,94.66666666666667,85.66666666666667,78.66666666666667,76.66666666666667,77.66666666666667,72.66666666666667,73.33333333333333,72.33333333333333,69.33333333333333,66.0,63.0,62.333333333333336,62.333333333333336,60.0,63.0,67.0,69.0,70.0,74.0,81.0,85.33333333333333,89.33333333333333,84.66666666666667,77.66666666666667,72.66666666666667,70.33333333333333,70.33333333333333,72.33333333333333,73.33333333333333,75.33333333333333,75.33333333333333,76.0,75.0,74.0,73.0,75.0,76.0,76.0,76.33333333333333,77.33333333333333,77.33333333333333,77.33333333333333,76.33333333333333,57.666666666666664,55.333333333333336,57.666666666666664,61.333333333333336,57.666666666666664,48.0,44.666666666666664,47.0,49.666666666666664,48.333333333333336,45.666666666666664,44.0,42.0,39.333333333333336,39.333333333333336,38.333333333333336,38.0,37.333333333333336,37.333333333333336,38.333333333333336,39.0,40.0,40.0,40.0,41.0,37.0,36.333333333333336,40.0,47.333333333333336,49.0,45.333333333333336,38.333333333333336,52.666666666666664,54.666666666666664,60.0,64.33333333333333,68.33333333333333,71.0,71.33333333333333,71.0,73.66666666666667,74.33333333333333,74.66666666666667,74.66666666666667,75.33333333333333,79.0,84.33333333333333,88.33333333333333,91.0,93.66666666666667,92.66666666666667,86.66666666666667,83.0,82.33333333333333,79.33333333333333,72.33333333333333,78.33333333333333,79.33333333333333,81.0,83.0,85.66666666666667,86.66666666666667,88.66666666666667,89.33333333333333,77.33333333333333,73.33333333333333,70.0,67.0,61.0,54.333333333333336,54.333333333333336,58.0,54.666666666666664,54.333333333333336,53.666666666666664,52.333333333333336,51.333333333333336,51.0,51.0,51.666666666666664,55.0,52.0,52.666666666666664,57.333333333333336,69.33333333333333,77.33333333333333,79.33333333333333,78.33333333333333,86.0,88.0,88.33333333333333,84.66666666666667,80.0,76.33333333333333,78.0,80.0,87.0,90.0,91.0,88.0,85.0,85.0,91.0,96.0,99.0,99.0,97.0,92.0,86.0,79.0,75.0,73.0,77.33333333333333,76.0,73.0,68.66666666666667,65.0,62.0,59.333333333333336,58.333333333333336,62.333333333333336,64.33333333333333,66.33333333333333,68.0,69.0,71.66666666666667,76.66666666666667,80.0,84.33333333333333,79.66666666666667,73.66666666666667,69.66666666666667,69.66666666666667,70.66666666666667,71.66666666666667,71.66666666666667,70.66666666666667,71.66666666666667,74.33333333333333,75.33333333333333,76.33333333333333,77.33333333333333,77.33333333333333,77.33333333333333,74.0,75.0,76.0,77.0,77.0,76.0,58.333333333333336,54.0,55.0,59.0,58.0,51.0,46.0,46.0,46.333333333333336,45.333333333333336,43.0,41.0,40.0,38.0,37.666666666666664,37.0,38.0,37.333333333333336,37.333333333333336,38.333333333333336,39.0,39.0,40.0,40.0,41.333333333333336,39.333333333333336,38.333333333333336,42.333333333333336,47.333333333333336,50.333333333333336,48.333333333333336,44.333333333333336,53.666666666666664,54.666666666666664,59.0,64.0,69.0,72.0,74.33333333333333,74.33333333333333,70.33333333333333,71.66666666666667,72.33333333333333,74.66666666666667,76.0,81.33333333333333,87.0,90.66666666666667,96.33333333333333,100.33333333333333,99.33333333333333,91.66666666666667,85.66666666666667,84.0,80.33333333333333,76.33333333333333,81.0,82.0,83.33333333333333,86.33333333333333,90.0,94.0,97.66666666666667,99.0,94.0,87.0,80.66666666666667,76.66666666666667,70.33333333333333,62.0,59.0,60.333333333333336,58.333333333333336,56.0,53.666666666666664,54.333333333333336,56.333333333333336,56.333333333333336,56.333333333333336,55.0,54.666666666666664,52.666666666666664,53.0,60.333333333333336,71.33333333333333,79.33333333333333,82.33333333333333,81.33333333333333,85.33333333333333,85.33333333333333,85.33333333333333,83.66666666666667,81.0,78.33333333333333,78.0,78.66666666666667,85.0,88.0,90.0,89.0,86.0,86.0,91.0,95.0,97.0,96.0,94.0,90.0,84.0,79.0,75.0,73.0,76.0,74.0,71.66666666666667,68.66666666666667,65.33333333333333,63.333333333333336,62.0,62.0,63.0,65.0,66.33333333333333,68.0,69.0,72.66666666666667,76.0,79.33333333333333,80.33333333333333,76.66666666666667,74.66666666666667,72.66666666666667,72.66666666666667,71.66666666666667,69.66666666666667,67.66666666666667,71.66666666666667,72.66666666666667,73.66666666666667,74.66666666666667,75.66666666666667,76.66666666666667,76.66666666666667,76.66666666666667,73.0,74.0,75.0,75.0,75.0,74.0,57.0,52.666666666666664,52.666666666666664,56.666666666666664,57.666666666666664,52.666666666666664,45.666666666666664,42.666666666666664,44.0,43.333333333333336,42.0,40.0,39.0,38.0,37.666666666666664,37.666666666666664,38.0,37.333333333333336,37.333333333333336,38.333333333333336,39.0,39.0,40.0,40.0,43.0,43.0,43.0,45.0,47.333333333333336,49.333333333333336,50.333333333333336,50.333333333333336,54.666666666666664,54.666666666666664,57.0,62.0,66.0,71.0,75.33333333333333,76.33333333333333,71.33333333333333,73.0,74.0,75.0,77.0,81.66666666666667,87.33333333333333,91.0,96.66666666666667,101.33333333333333,102.33333333333333,93.66666666666667,84.66666666666667,81.0,79.33333333333333,78.33333333333333,83.0,83.0,84.33333333333333,87.33333333333333,93.0,99.0,105.66666666666667,109.0,108.0,98.33333333333333,90.0,86.66666666666667,82.0,75.33333333333333,70.33333333333333,69.0,64.66666666666667,60.333333333333336,56.333333333333336,57.666666666666664,62.333333333333336,65.66666666666667,64.33333333333333,61.333333333333336,56.333333333333336,55.333333333333336,55.333333333333336,60.666666666666664,70.33333333333333,78.66666666666667,83.0,82.66666666666667,83.0,82.0,81.33333333333333,81.66666666666667,83.0,81.33333333333333,79.0,77.0,82.0,85.0,88.0,89.0,87.0,87.0,91.0,94.0,93.0,92.0,90.0,87.0,83.0,78.0,75.0,73.0,72.0,71.0,69.66666666666667,67.66666666666667,66.33333333333333,65.33333333333333,65.0,65.0,63.0,65.0,66.33333333333333,68.0,70.0,72.66666666666667,77.0,80.33333333333333,75.33333333333333,74.66666666666667,74.66666666666667,74.66666666666667,74.66666666666667,72.66666666666667,68.66666666666667,65.66666666666667,72.66666666666667,72.66666666666667,73.66666666666667,74.66666666666667,75.66666666666667,75.66666666666667,75.66666666666667,75.66666666666667,74.0,74.0,74.0,74.0,74.0,73.0,52.0,53.0,55.333333333333336,56.333333333333336,54.333333333333336,48.333333333333336,43.0,40.0,44.666666666666664,44.0,43.333333333333336,42.0,40.333333333333336,40.666666666666664,40.666666666666664,40.666666666666664,38.333333333333336,37.333333333333336,38.333333333333336,38.333333333333336,39.0,40.0,40.0,40.0,45.0,47.0,48.0,47.0,45.333333333333336,46.333333333333336,50.333333333333336,52.333333333333336,52.666666666666664,52.666666666666664,53.0,56.0,61.0,65.66666666666667,70.0,73.33333333333333,74.33333333333333,75.0,76.66666666666667,75.33333333333333,75.66666666666667,77.66666666666667,82.0,83.66666666666667,88.33333333333333,94.0,97.0,91.33333333333333,80.66666666666667,76.66666666666667,78.0,80.33333333333333,81.0,81.0,80.33333333333333,83.33333333333333,89.0,96.0,104.66666666666667,108.33333333333333,107.33333333333333,97.33333333333333,89.33333333333333,89.0,89.66666666666667,85.0,81.0,79.33333333333333,71.33333333333333,65.66666666666667,60.333333333333336,63.0,69.66666666666667,73.66666666666667,72.33333333333333,68.33333333333333,65.33333333333333,61.333333333333336,57.333333333333336,57.666666666666664,64.33333333333333,73.0,79.66666666666667,82.33333333333333,80.33333333333333,79.0,78.0,80.66666666666667,84.0,84.33333333333333,80.0,77.0,80.0,84.0,87.0,89.0,88.0,89.0,91.0,93.0,90.0,88.0,86.0,83.0,81.0,78.0,75.0,72.0,68.0,67.0,66.66666666666667,66.66666666666667,66.33333333333333,66.33333333333333,68.0,68.0,63.0,65.0,66.33333333333333,68.0,70.0,73.66666666666667,78.0,81.33333333333333,75.33333333333333,73.66666666666667,73.66666666666667,73.66666666666667,74.66666666666667,72.66666666666667,69.66666666666667,66.66666666666667,73.66666666666667,73.66666666666667,74.66666666666667,75.66666666666667,75.66666666666667,75.66666666666667,74.66666666666667,74.66666666666667,75.0,75.0,75.0,75.0,74.0,73.0,48.333333333333336,56.333333333333336,62.666666666666664,62.666666666666664,56.666666666666664,48.666666666666664,43.333333333333336,40.333333333333336,43.333333333333336,43.666666666666664,42.0,42.0,41.333333333333336,41.666666666666664,41.666666666666664,41.666666666666664,39.333333333333336,40.0,40.0,40.0,41.0,41.0,41.0,42.0,48.0,51.0,51.0,49.0,45.0,44.0,48.0,51.333333333333336,50.666666666666664,49.0,48.666666666666664,50.333333333333336,52.666666666666664,58.0,62.333333333333336,65.33333333333333,67.66666666666667,69.33333333333333,70.0,69.33333333333333,68.66666666666667,70.0,73.66666666666667,75.33333333333333,77.33333333333333,82.0,88.0,87.33333333333333,80.33333333333333,76.0,78.33333333333333,83.0,82.33333333333333,80.33333333333333,79.33333333333333,79.33333333333333,84.0,91.0,98.33333333333333,103.0,102.0,93.0,87.0,88.33333333333333,92.0,89.66666666666667,86.0,85.33333333333333,78.33333333333333,72.0,66.33333333333333,67.66666666666667,76.0,81.0,80.33333333333333,76.33333333333333,77.0,70.0,62.0,57.333333333333336,59.666666666666664,66.33333333333333,75.0,80.33333333333333,80.0,77.33333333333333,77.0,79.66666666666667,83.0,84.33333333333333,82.33333333333333,78.33333333333333,82.0,84.0,87.0,89.0,89.0,90.0,92.0,93.0,89.0,86.0,82.0,80.0,79.0,78.0,74.0,72.0,66.0,65.0,65.66666666666667,65.66666666666667,66.33333333333333,67.33333333333333,69.0,70.0,63.0,65.0,66.33333333333333,68.0,71.0,74.66666666666667,79.0,82.33333333333333,77.33333333333333,74.66666666666667,71.66666666666667,70.66666666666667,71.66666666666667,72.66666666666667,72.66666666666667,71.66666666666667,74.66666666666667,74.66666666666667,75.66666666666667,75.66666666666667,75.66666666666667,74.66666666666667,73.66666666666667,73.66666666666667,75.0,74.0,73.0,72.0,71.0,71.0,50.333333333333336,61.333333333333336,69.66666666666667,71.66666666666667,67.66666666666667,60.666666666666664,53.333333333333336,45.666666666666664,40.333333333333336,40.333333333333336,39.666666666666664,39.333333333333336,40.333333333333336,41.666666666666664,41.666666666666664,41.666666666666664,41.333333333333336,41.0,42.0,42.0,42.0,43.0,43.0,43.0,50.0,52.0,53.0,50.333333333333336,47.0,45.333333333333336,48.0,50.333333333333336,50.666666666666664,49.0,47.666666666666664,47.0,48.666666666666664,51.333333333333336,54.0,56.0,53.333333333333336,55.333333333333336,57.0,59.0,59.333333333333336,60.666666666666664,64.33333333333333,66.0,68.33333333333333,71.0,80.0,86.0,83.66666666666667,79.33333333333333,81.0,86.33333333333333,85.0,82.33333333333333,80.33333333333333,80.33333333333333,84.0,89.0,95.0,99.0,100.0,92.66666666666667,88.0,89.0,90.33333333333333,88.0,86.66666666666667,88.0,86.0,81.33333333333333,76.0,76.0,81.33333333333333,86.66666666666667,87.33333333333333,84.66666666666667,87.33333333333333,81.0,72.33333333333333,65.0,62.333333333333336,67.33333333333333,74.0,79.0,79.33333333333333,79.0,77.66666666666667,79.0,82.0,82.33333333333333,83.33333333333333,82.33333333333333,85.0,86.0,87.0,88.0,90.0,91.0,92.0,93.0,89.0,85.0,80.0,78.0,78.0,78.0,74.0,71.0,66.0,65.0,65.66666666666667,64.66666666666667,66.33333333333333,66.33333333333333,68.0,69.0,63.0,65.0,67.33333333333333,69.0,71.0,74.66666666666667,80.0,83.33333333333333,80.33333333333333,75.66666666666667,70.66666666666667,68.66666666666667,69.66666666666667,72.66666666666667,75.66666666666667,76.66666666666667,75.66666666666667,75.66666666666667,75.66666666666667,75.66666666666667,74.66666666666667,73.66666666666667,72.66666666666667,72.66666666666667,73.0,72.0,71.0,69.0,68.0,68.0,57.333333333333336,65.33333333333333,74.0,81.0,86.0,84.0,69.33333333333333,53.666666666666664,40.333333333333336,40.333333333333336,40.0,41.0,41.0,42.0,43.666666666666664,43.666666666666664,43.333333333333336,43.0,44.0,44.0,44.0,45.0,44.333333333333336,44.333333333333336,49.333333333333336,50.333333333333336,52.333333333333336,52.0,52.333333333333336,51.0,52.333333333333336,52.0,53.666666666666664,52.0,50.666666666666664,49.0,47.333333333333336,47.666666666666664,47.666666666666664,49.333333333333336,46.0,48.0,51.0,52.0,53.0,53.333333333333336,56.333333333333336,57.666666666666664,60.666666666666664,63.333333333333336,72.66666666666667,84.0,86.33333333333333,81.66666666666667,81.0,83.33333333333333,85.0,84.0,81.33333333333333,81.33333333333333,83.33333333333333,87.33333333333333,92.33333333333333,95.33333333333333,94.0,89.66666666666667,86.66666666666667,88.0,88.0,85.33333333333333,86.0,89.66666666666667,93.0,89.33333333333333,86.0,85.0,87.33333333333333,90.33333333333333,93.0,94.0,94.0,89.33333333333333,84.0,77.33333333333333,74.33333333333333,74.0,77.0,80.0,80.66666666666667,80.66666666666667,80.0,80.0,79.0,81.0,84.0,86.33333333333333,90.0,89.0,88.0,88.0,90.0,92.0,93.0,94.0,91.0,85.0,79.0,77.0,78.0,78.0,74.0,70.0,67.0,66.0,65.66666666666667,64.66666666666667,65.33333333333333,65.33333333333333,67.0,67.0,63.0,65.0,67.33333333333333,69.0,72.0,75.66666666666667,80.0,83.33333333333333,80.33333333333333,75.66666666666667,71.66666666666667,69.66666666666667,71.66666666666667,74.66666666666667,77.66666666666667,78.66666666666667,76.66666666666667,76.66666666666667,76.66666666666667,75.66666666666667,74.66666666666667,73.66666666666667,72.66666666666667,71.66666666666667,76.0,75.0,73.0,71.0,69.0,69.0,64.0,68.33333333333333,75.33333333333333,86.66666666666667,99.66666666666667,101.66666666666667,82.33333333333333,59.333333333333336,41.333333333333336,42.333333333333336,42.333333333333336,43.666666666666664,43.333333333333336,45.333333333333336,46.666666666666664,47.666666666666664,44.333333333333336,44.0,45.0,45.0,45.0,46.0,45.333333333333336,45.333333333333336,48.333333333333336,49.0,51.0,54.0,56.0,57.0,56.0,54.666666666666664,57.0,55.0,53.0,50.666666666666664,48.666666666666664,47.0,46.333333333333336,45.333333333333336,47.666666666666664,48.666666666666664,51.333333333333336,50.333333333333336,49.333333333333336,49.333333333333336,51.333333333333336,51.0,56.0,57.666666666666664,67.33333333333333,81.66666666666667,86.0,81.33333333333333,78.33333333333333,80.0,83.33333333333333,82.0,80.33333333333333,80.33333333333333,83.33333333333333,86.33333333333333,91.33333333333333,92.66666666666667,85.66666666666667,83.66666666666667,83.66666666666667,85.66666666666667,85.0,82.0,85.33333333333333,92.0,97.66666666666667,95.66666666666667,92.0,90.0,90.33333333333333,92.33333333333333,97.0,98.33333333333333,96.0,94.66666666666667,92.66666666666667,88.66666666666667,84.0,81.0,81.0,81.0,81.0,82.0,82.0,80.0,78.0,79.0,85.0,89.33333333333333,93.33333333333333,91.0,88.0,88.0,90.0,92.0,94.0,94.0,92.0,86.0,79.0,77.0,78.0,78.0,74.0,69.0,68.0,67.0,66.66666666666667,65.66666666666667,65.33333333333333,65.33333333333333,66.0,66.0,63.0,65.0,67.33333333333333,69.0,72.0,75.66666666666667,81.0,84.33333333333333,79.33333333333333,75.66666666666667,72.66666666666667,71.66666666666667,73.66666666666667,76.66666666666667,77.66666666666667,78.66666666666667,76.66666666666667,76.66666666666667,76.66666666666667,75.66666666666667,74.66666666666667,73.66666666666667,71.66666666666667,70.66666666666667,80.0,79.0,77.0,74.0,73.0,73.0,54.333333333333336,64.66666666666667,78.66666666666667,91.33333333333333,104.0,108.0,96.0,80.33333333333333,58.333333333333336,51.333333333333336,42.333333333333336,38.333333333333336,42.0,46.0,47.666666666666664,46.666666666666664,46.333333333333336,46.333333333333336,46.0,46.0,46.0,46.0,45.333333333333336,45.333333333333336,47.0,53.0,57.0,55.666666666666664,52.666666666666664,53.666666666666664,61.666666666666664,68.0,61.0,56.333333333333336,54.333333333333336,54.333333333333336,57.333333333333336,58.333333333333336,56.0,53.0,55.666666666666664,52.0,49.333333333333336,48.333333333333336,52.0,53.333333333333336,52.333333333333336,50.0,55.666666666666664,57.333333333333336,63.0,71.33333333333333,78.33333333333333,83.0,83.0,81.0,83.66666666666667,83.0,82.33333333333333,81.0,81.0,83.0,88.0,92.0,86.66666666666667,86.66666666666667,86.66666666666667,86.66666666666667,87.0,87.0,87.0,87.33333333333333,88.33333333333333,97.0,100.66666666666667,96.66666666666667,96.0,98.0,97.0,92.66666666666667,94.0,93.33333333333333,93.33333333333333,92.33333333333333,91.33333333333333,88.33333333333333,86.33333333333333,84.33333333333333,86.33333333333333,87.33333333333333,85.33333333333333,82.33333333333333,80.0,80.0,85.0,88.33333333333333,93.33333333333333,90.0,86.0,83.0,83.0,86.0,90.0,93.0,91.0,89.0,85.0,80.0,75.0,72.0,70.0,69.0,72.0,71.0,69.66666666666667,66.66666666666667,65.33333333333333,64.33333333333333,64.0,63.0,68.0,71.0,69.33333333333333,66.0,67.0,74.66666666666667,82.0,83.33333333333333,79.33333333333333,79.66666666666667,78.66666666666667,77.66666666666667,76.66666666666667,76.66666666666667,79.66666666666667,81.66666666666667,82.66666666666667,81.66666666666667,80.66666666666667,78.66666666666667,77.66666666666667,75.66666666666667,74.66666666666667,74.66666666666667,77.0,79.0,80.0,80.0,77.0,75.0,54.666666666666664,65.66666666666667,78.33333333333333,92.0,104.33333333333333,108.0,97.0,82.33333333333333,62.0,55.666666666666664,48.666666666666664,42.666666666666664,42.666666666666664,44.333333333333336,45.333333333333336,46.0,47.333333333333336,46.333333333333336,46.0,46.0,46.0,47.0,47.333333333333336,47.0,51.0,53.666666666666664,55.666666666666664,54.666666666666664,54.666666666666664,59.0,67.0,73.33333333333333,70.33333333333333,65.33333333333333,59.333333333333336,58.333333333333336,59.666666666666664,61.666666666666664,61.666666666666664,59.666666666666664,57.333333333333336,56.333333333333336,54.0,52.666666666666664,52.0,51.333333333333336,51.333333333333336,51.0,54.333333333333336,54.666666666666664,58.333333333333336,64.0,69.66666666666667,76.0,82.0,85.0,84.66666666666667,83.33333333333333,81.33333333333333,79.0,79.0,81.0,86.0,89.66666666666667,87.66666666666667,87.66666666666667,87.66666666666667,87.66666666666667,89.0,89.0,90.0,90.0,90.33333333333333,95.33333333333333,97.33333333333333,94.0,91.0,93.0,93.0,90.0,91.0,92.0,93.0,94.0,93.0,92.0,90.33333333333333,89.33333333333333,89.33333333333333,90.33333333333333,90.33333333333333,87.33333333333333,84.0,82.0,83.0,85.33333333333333,90.0,88.0,85.0,83.0,84.0,86.0,90.0,92.0,94.0,91.0,86.0,81.0,76.0,73.0,72.0,71.0,71.0,70.0,68.66666666666667,66.66666666666667,66.33333333333333,65.33333333333333,66.0,66.0,69.0,72.0,71.33333333333333,68.0,69.0,75.66666666666667,81.0,82.33333333333333,81.33333333333333,81.66666666666667,82.66666666666667,81.66666666666667,80.66666666666667,79.66666666666667,81.66666666666667,83.66666666666667,83.66666666666667,83.66666666666667,83.66666666666667,82.66666666666667,81.66666666666667,79.66666666666667,78.66666666666667,77.66666666666667,80.0,82.0,83.0,82.0,79.0,76.0,53.666666666666664,62.666666666666664,76.33333333333333,90.0,102.0,104.33333333333333,94.33333333333333,82.33333333333333,69.0,66.0,60.0,50.666666666666664,44.333333333333336,42.666666666666664,43.333333333333336,46.0,49.333333333333336,48.333333333333336,46.0,45.0,46.0,48.0,49.333333333333336,51.0,56.0,55.666666666666664,54.666666666666664,55.0,60.0,66.33333333333333,74.33333333333333,79.33333333333333,80.0,73.66666666666667,67.0,64.66666666666667,67.0,70.66666666666667,71.66666666666667,71.66666666666667,64.66666666666667,66.0,64.66666666666667,60.0,54.0,49.333333333333336,50.0,51.333333333333336,51.666666666666664,53.0,54.0,55.666666666666664,59.666666666666664,68.66666666666667,81.0,88.66666666666667,89.0,86.0,83.0,79.33333333333333,77.0,79.0,84.0,88.0,87.66666666666667,88.0,89.0,89.0,91.0,92.0,93.0,94.0,93.0,96.0,95.0,90.33333333333333,87.33333333333333,87.33333333333333,88.33333333333333,86.0,88.0,88.66666666666667,90.66666666666667,91.66666666666667,93.0,93.0,92.0,91.0,91.0,93.0,94.33333333333333,92.33333333333333,88.33333333333333,84.33333333333333,81.33333333333333,81.33333333333333,85.0,84.0,84.0,84.0,85.0,87.0,89.0,91.0,96.0,93.0,87.0,82.0,77.0,75.0,73.0,73.0,69.0,68.0,67.66666666666667,67.66666666666667,67.33333333333333,67.33333333333333,69.0,69.0,69.0,73.0,73.33333333333333,71.0,71.0,76.66666666666667,80.0,79.33333333333333,79.33333333333333,81.66666666666667,83.66666666666667,83.66666666666667,82.66666666666667,80.66666666666667,80.66666666666667,81.66666666666667,83.66666666666667,84.66666666666667,85.66666666666667,86.66666666666667,85.66666666666667,84.66666666666667,82.66666666666667,81.66666666666667,83.0,85.0,85.0,83.0,80.0,77.0,49.666666666666664,57.666666666666664,71.33333333333333,85.33333333333333,96.0,97.0,89.0,81.0,76.33333333333333,76.33333333333333,71.66666666666667,61.0,49.666666666666664,43.333333333333336,43.666666666666664,46.333333333333336,51.0,49.333333333333336,47.0,46.0,47.0,49.333333333333336,53.333333333333336,55.0,59.666666666666664,57.666666666666664,56.0,59.333333333333336,66.33333333333333,74.33333333333333,78.33333333333333,79.33333333333333,80.66666666666667,75.0,71.66666666666667,71.66666666666667,76.33333333333333,80.66666666666667,83.33333333333333,82.66666666666667,75.66666666666667,78.33333333333333,77.66666666666667,68.66666666666667,56.0,48.0,48.666666666666664,50.666666666666664,50.0,52.666666666666664,54.666666666666664,54.666666666666664,56.666666666666664,64.66666666666667,79.0,88.66666666666667,93.0,90.0,85.33333333333333,80.0,77.0,78.66666666666667,82.66666666666667,87.66666666666667,88.0,88.0,88.33333333333333,89.0,90.0,93.0,95.0,97.0,96.0,96.0,94.0,89.0,84.0,84.0,85.0,86.0,84.66666666666667,85.66666666666667,87.66666666666667,89.66666666666667,91.0,90.0,89.0,89.0,88.0,91.0,94.33333333333333,95.33333333333333,92.33333333333333,87.33333333333333,82.33333333333333,79.33333333333333,82.0,82.0,83.0,84.0,86.0,87.0,88.0,89.0,95.0,92.0,87.0,82.0,78.0,75.0,74.0,74.0,68.0,68.0,67.66666666666667,67.66666666666667,69.33333333333333,70.33333333333333,72.0,72.0,69.0,74.0,75.33333333333333,73.0,72.0,75.66666666666667,77.0,75.33333333333333,73.33333333333333,76.66666666666667,79.66666666666667,81.66666666666667,80.66666666666667,77.66666666666667,76.66666666666667,76.66666666666667,82.66666666666667,83.66666666666667,85.66666666666667,87.66666666666667,87.66666666666667,86.66666666666667,84.66666666666667,83.66666666666667,82.0,83.0,83.0,82.0,79.0,77.0,49.333333333333336,55.666666666666664,68.33333333333333,83.33333333333333,92.33333333333333,92.0,85.0,79.0,80.66666666666667,82.33333333333333,81.0,70.66666666666667,57.666666666666664,46.666666666666664,44.333333333333336,46.666666666666664,52.0,50.333333333333336,49.333333333333336,48.333333333333336,49.0,52.333333333333336,56.333333333333336,58.0,62.666666666666664,61.666666666666664,62.0,67.33333333333333,75.33333333333333,80.33333333333333,79.33333333333333,77.33333333333333,75.0,73.66666666666667,72.66666666666667,77.33333333333333,84.33333333333333,89.33333333333333,91.0,90.33333333333333,85.33333333333333,88.33333333333333,87.0,75.66666666666667,60.666666666666664,48.333333333333336,47.0,49.666666666666664,51.0,55.0,59.0,60.0,61.333333333333336,67.33333333333333,78.0,86.66666666666667,96.0,93.0,88.33333333333333,83.0,80.0,79.66666666666667,83.66666666666667,86.66666666666667,86.0,86.33333333333333,87.0,87.33333333333333,89.33333333333333,91.33333333333333,95.33333333333333,96.33333333333333,97.0,95.0,92.0,88.0,83.66666666666667,81.66666666666667,83.66666666666667,86.66666666666667,88.0,89.0,90.0,91.0,90.33333333333333,89.33333333333333,88.33333333333333,87.33333333333333,82.33333333333333,85.33333333333333,89.33333333333333,93.33333333333333,93.33333333333333,91.33333333333333,86.33333333333333,82.33333333333333,82.0,82.0,83.0,85.0,86.0,86.0,87.0,87.0,92.0,90.0,86.0,82.0,79.0,76.0,74.0,74.0,69.0,69.0,69.66666666666667,69.66666666666667,70.33333333333333,71.33333333333333,73.0,74.0,69.0,74.0,75.33333333333333,72.0,71.0,72.66666666666667,73.0,71.33333333333333,68.33333333333333,71.66666666666667,76.66666666666667,79.66666666666667,78.66666666666667,76.66666666666667,75.66666666666667,74.66666666666667,80.66666666666667,81.66666666666667,82.66666666666667,84.66666666666667,84.66666666666667,83.66666666666667,82.66666666666667,82.66666666666667,78.0,79.0,79.0,78.0,75.0,74.0,52.333333333333336,56.666666666666664,68.33333333333333,83.33333333333333,91.33333333333333,88.66666666666667,83.0,80.33333333333333,82.0,86.0,86.0,78.33333333333333,66.0,53.666666666666664,47.666666666666664,47.0,50.333333333333336,51.333333333333336,50.333333333333336,51.333333333333336,53.0,55.333333333333336,58.333333333333336,60.0,64.66666666666667,65.0,68.33333333333333,75.33333333333333,83.33333333333333,86.33333333333333,84.33333333333333,80.66666666666667,75.66666666666667,74.0,74.33333333333333,79.33333333333333,87.33333333333333,92.33333333333333,92.66666666666667,91.0,89.0,91.0,88.66666666666667,78.33333333333333,62.333333333333336,50.666666666666664,47.666666666666664,50.0,51.666666666666664,56.0,61.666666666666664,65.66666666666667,69.66666666666667,74.33333333333333,82.33333333333333,86.66666666666667,96.0,94.0,90.33333333333333,86.0,82.66666666666667,81.66666666666667,83.0,85.66666666666667,86.33333333333333,86.0,86.0,86.0,88.0,90.33333333333333,93.33333333333333,95.33333333333333,95.0,92.0,89.0,88.0,84.66666666666667,81.66666666666667,83.66666666666667,87.66666666666667,93.0,94.0,94.33333333333333,94.33333333333333,93.33333333333333,91.33333333333333,89.33333333333333,88.33333333333333,78.33333333333333,80.33333333333333,84.33333333333333,89.33333333333333,93.33333333333333,93.33333333333333,91.33333333333333,88.33333333333333,85.0,85.0,85.0,85.0,85.0,85.0,85.0,85.0,87.0,87.0,86.0,84.0,82.0,79.0,76.0,74.0,72.0,72.0,71.66666666666667,70.66666666666667,71.33333333333333,71.33333333333333,72.0,73.0,69.0,73.0,73.33333333333333,69.0,67.0,68.66666666666667,69.0,66.33333333333333,67.33333333333333,70.66666666666667,75.66666666666667,78.66666666666667,79.66666666666667,78.66666666666667,78.66666666666667,78.66666666666667,79.66666666666667,79.66666666666667,79.66666666666667,79.66666666666667,79.66666666666667,79.66666666666667,79.66666666666667,80.66666666666667,75.0,76.0,76.0,74.0,71.0,70.0,54.0,56.333333333333336,67.66666666666667,82.33333333333333,88.33333333333333,84.0,79.33333333333333,78.33333333333333,80.33333333333333,85.66666666666667,87.33333333333333,83.33333333333333,72.66666666666667,61.333333333333336,51.333333333333336,46.333333333333336,50.333333333333336,51.333333333333336,52.333333333333336,53.333333333333336,56.0,57.333333333333336,59.333333333333336,61.0,68.66666666666667,70.0,74.33333333333333,81.33333333333333,87.33333333333333,91.33333333333333,91.66666666666667,91.66666666666667,85.66666666666667,81.66666666666667,78.66666666666667,79.66666666666667,85.0,88.66666666666667,88.33333333333333,87.0,83.33333333333333,85.0,83.33333333333333,75.0,62.666666666666664,54.0,49.666666666666664,51.333333333333336,51.666666666666664,55.333333333333336,61.0,67.66666666666667,75.66666666666667,82.33333333333333,88.33333333333333,91.33333333333333,94.0,93.0,91.33333333333333,88.0,83.66666666666667,81.0,82.0,83.66666666666667,88.33333333333333,87.66666666666667,86.66666666666667,86.0,87.0,90.0,93.33333333333333,95.33333333333333,90.33333333333333,86.33333333333333,86.0,87.0,84.66666666666667,80.66666666666667,82.66666666666667,88.0,94.33333333333333,95.33333333333333,96.0,96.33333333333333,95.33333333333333,93.33333333333333,91.33333333333333,90.33333333333333,78.33333333333333,79.33333333333333,81.33333333333333,86.33333333333333,92.0,95.0,94.0,93.0,90.0,89.0,87.0,85.0,84.0,83.0,83.0,83.0,84.0,86.0,87.0,88.0,86.0,83.0,79.0,76.0,76.0,75.0,73.66666666666667,72.66666666666667,71.33333333333333,70.33333333333333,71.0,71.0,69.0,72.0,71.33333333333333,65.0,63.0,64.66666666666667,65.0,62.333333333333336,65.33333333333333,68.66666666666667,73.66666666666667,77.66666666666667,78.66666666666667,79.66666666666667,80.66666666666667,82.66666666666667,79.66666666666667,78.66666666666667,76.66666666666667,75.66666666666667,74.66666666666667,75.66666666666667,77.66666666666667,78.66666666666667,77.0,77.0,75.0,72.0,68.0,66.0,52.0,54.333333333333336,64.33333333333333,79.33333333333333,84.33333333333333,79.0,74.33333333333333,75.0,79.33333333333333,84.0,88.0,86.0,77.33333333333333,65.0,52.666666666666664,47.333333333333336,48.666666666666664,50.333333333333336,52.333333333333336,54.333333333333336,56.333333333333336,59.333333333333336,60.0,60.666666666666664,70.66666666666667,73.0,77.33333333333333,83.33333333333333,89.33333333333333,94.66666666666667,98.66666666666667,101.33333333333333,95.66666666666667,89.0,82.33333333333333,80.33333333333333,82.33333333333333,84.66666666666667,86.0,84.33333333333333,79.0,80.33333333333333,79.0,73.66666666666667,64.33333333333333,56.0,52.666666666666664,53.333333333333336,51.0,54.0,58.666666666666664,67.66666666666667,77.66666666666667,87.66666666666667,93.33333333333333,96.33333333333333,92.0,91.0,90.33333333333333,87.66666666666667,83.66666666666667,81.0,81.0,81.66666666666667,89.33333333333333,89.0,87.0,86.0,87.0,89.33333333333333,93.33333333333333,95.33333333333333,86.33333333333333,82.33333333333333,83.0,86.0,84.66666666666667,79.66666666666667,81.66666666666667,88.0,91.33333333333333,92.33333333333333,93.33333333333333,94.33333333333333,94.33333333333333,92.0,91.33333333333333,90.0,81.33333333333333,79.0,80.33333333333333,84.0,91.0,96.0,97.0,96.0,94.0,92.0,89.0,86.0,83.0,82.0,82.0,82.0,83.0,85.0,89.0,90.0,90.0,86.0,81.33333333333333,78.33333333333333,78.0,77.0,75.66666666666667,72.66666666666667,71.0,70.33333333333333,69.33333333333333,69.33333333333333,67.33333333333333,70.33333333333333,69.33333333333333,63.333333333333336,60.0,61.666666666666664,62.666666666666664,61.0,63.333333333333336,66.66666666666667,71.66666666666667,74.66666666666667,76.66666666666667,78.66666666666667,81.66666666666667,82.66666666666667,80.66666666666667,78.66666666666667,75.66666666666667,72.66666666666667,72.66666666666667,73.66666666666667,76.66666666666667,79.33333333333333,80.0,79.0,76.0,72.0,66.0,63.0,51.333333333333336,57.666666666666664,67.33333333333333,76.33333333333333,81.33333333333333,82.66666666666667,80.0,76.33333333333333,79.0,83.66666666666667,89.0,91.0,85.0,72.66666666666667,59.0,49.666666666666664,52.333333333333336,50.0,50.0,55.666666666666664,59.666666666666664,59.0,58.666666666666664,61.666666666666664,70.66666666666667,78.0,88.33333333333333,95.33333333333333,98.33333333333333,98.66666666666667,101.33333333333333,103.33333333333333,102.33333333333333,96.33333333333333,87.66666666666667,80.0,77.66666666666667,80.33333333333333,85.33333333333333,89.0,79.0,82.0,80.33333333333333,73.0,65.33333333333333,61.666666666666664,58.333333333333336,54.333333333333336,53.333333333333336,51.666666666666664,56.333333333333336,68.33333333333333,79.0,83.66666666666667,92.0,100.0,90.0,86.0,81.0,78.0,79.0,80.66666666666667,82.0,83.66666666666667,93.66666666666667,90.33333333333333,85.33333333333333,81.33333333333333,79.33333333333333,80.0,83.0,85.0,87.0,89.0,90.0,88.0,85.0,85.0,88.0,92.0,93.0,94.0,96.0,97.0,96.0,93.66666666666667,92.0,89.66666666666667,89.0,79.66666666666667,79.0,86.66666666666667,90.66666666666667,88.66666666666667,92.66666666666667,101.66666666666667,98.66666666666667,96.66666666666667,92.66666666666667,88.66666666666667,84.66666666666667,82.66666666666667,81.0,81.0,80.33333333333333,80.33333333333333,80.33333333333333,79.33333333333333,79.33333333333333,79.33333333333333,80.0,80.0,79.0,79.0,78.0,77.66666666666667,75.66666666666667,73.0,71.0,70.0,71.0,69.33333333333333,69.33333333333333,68.33333333333333,63.333333333333336,58.0,59.0,63.666666666666664,66.0,67.33333333333333,71.33333333333333,74.33333333333333,78.33333333333333,79.33333333333333,80.33333333333333,81.33333333333333,76.33333333333333,76.33333333333333,75.33333333333333,74.33333333333333,74.33333333333333,75.33333333333333,75.33333333333333,75.33333333333333,75.0,73.33333333333333,72.33333333333333,70.33333333333333,68.33333333333333,67.33333333333333,50.333333333333336,57.666666666666664,68.33333333333333,76.33333333333333,80.0,81.0,80.0,80.0,80.0,83.66666666666667,88.0,92.0,90.0,79.33333333333333,66.33333333333333,57.333333333333336,54.666666666666664,51.333333333333336,52.333333333333336,58.333333333333336,63.0,63.666666666666664,64.66666666666667,67.66666666666667,78.66666666666667,85.0,94.33333333333333,100.33333333333333,100.66666666666667,101.33333333333333,101.66666666666667,104.66666666666667,99.33333333333333,94.33333333333333,86.66666666666667,79.33333333333333,76.0,74.66666666666667,77.33333333333333,79.0,74.0,78.0,78.33333333333333,72.33333333333333,66.66666666666667,64.33333333333333,61.0,56.333333333333336,52.666666666666664,49.666666666666664,54.333333333333336,68.0,80.33333333333333,87.33333333333333,92.33333333333333,98.0,88.0,85.0,82.0,81.0,81.0,81.66666666666667,82.0,82.0,91.66666666666667,91.0,88.0,86.0,84.0,83.0,82.0,82.0,87.0,89.0,90.0,89.0,87.0,87.0,89.0,92.0,91.66666666666667,93.66666666666667,94.66666666666667,95.66666666666667,95.66666666666667,93.66666666666667,91.66666666666667,90.66666666666667,88.66666666666667,84.66666666666667,82.66666666666667,84.66666666666667,86.66666666666667,87.66666666666667,90.66666666666667,95.66666666666667,97.66666666666667,97.66666666666667,96.66666666666667,95.66666666666667,91.66666666666667,87.66666666666667,83.0,81.0,75.33333333333333,74.33333333333333,74.33333333333333,73.33333333333333,75.0,76.0,77.0,78.0,80.0,79.0,78.0,76.0,74.66666666666667,73.66666666666667,71.66666666666667,71.66666666666667,73.0,70.0,69.33333333333333,67.33333333333333,62.333333333333336,57.333333333333336,58.333333333333336,63.0,66.0,66.33333333333333,69.33333333333333,73.33333333333333,75.33333333333333,77.33333333333333,78.33333333333333,78.33333333333333,75.33333333333333,74.33333333333333,73.33333333333333,73.33333333333333,73.33333333333333,73.33333333333333,74.33333333333333,75.0,76.33333333333333,75.33333333333333,73.33333333333333,71.33333333333333,70.33333333333333,69.33333333333333,50.0,59.333333333333336,71.66666666666667,79.0,80.33333333333333,79.33333333333333,80.66666666666667,83.0,82.0,82.66666666666667,86.0,90.33333333333333,93.33333333333333,87.33333333333333,74.66666666666667,66.0,57.333333333333336,54.333333333333336,55.333333333333336,62.333333333333336,69.0,70.0,73.0,76.0,87.0,94.0,101.33333333333333,105.33333333333333,104.66666666666667,103.33333333333333,103.66666666666667,105.66666666666667,99.66666666666667,94.66666666666667,86.66666666666667,78.0,72.33333333333333,68.66666666666667,67.33333333333333,67.0,65.33333333333333,71.33333333333333,75.0,72.33333333333333,68.66666666666667,68.33333333333333,64.33333333333333,61.0,54.0,50.0,51.333333333333336,64.66666666666667,80.33333333333333,90.0,92.0,93.33333333333333,85.66666666666667,84.33333333333333,84.0,83.0,83.0,82.66666666666667,82.0,83.66666666666667,90.66666666666667,91.0,92.0,91.0,89.0,85.0,82.0,80.0,85.0,86.0,88.0,88.0,87.0,87.0,88.0,90.0,90.66666666666667,91.66666666666667,93.66666666666667,94.66666666666667,94.66666666666667,94.66666666666667,92.66666666666667,92.66666666666667,92.66666666666667,93.66666666666667,91.66666666666667,86.66666666666667,85.66666666666667,88.66666666666667,90.66666666666667,89.66666666666667,94.66666666666667,97.66666666666667,100.66666666666667,101.66666666666667,98.66666666666667,93.66666666666667,87.0,83.0,74.33333333333333,73.33333333333333,70.33333333333333,69.33333333333333,71.0,73.0,76.0,78.0,81.0,79.0,77.0,75.0,73.66666666666667,73.66666666666667,73.66666666666667,74.66666666666667,75.0,71.0,68.33333333333333,66.33333333333333,61.333333333333336,56.333333333333336,57.333333333333336,62.0,65.0,65.33333333333333,67.33333333333333,70.33333333333333,72.33333333333333,74.33333333333333,74.33333333333333,75.33333333333333,73.33333333333333,73.33333333333333,72.33333333333333,72.33333333333333,72.33333333333333,72.33333333333333,73.33333333333333,74.0,75.33333333333333,75.0,74.0,72.0,71.0,71.0,46.333333333333336,60.0,74.33333333333333,82.66666666666667,82.0,80.0,81.0,83.66666666666667,83.66666666666667,81.66666666666667,82.0,87.33333333333333,92.0,90.0,79.33333333333333,69.33333333333333,59.333333333333336,56.333333333333336,58.333333333333336,65.33333333333333,72.33333333333333,74.33333333333333,79.0,82.33333333333333,92.0,97.33333333333333,104.33333333333333,106.66666666666667,105.33333333333333,103.66666666666667,104.33333333333333,106.33333333333333,103.33333333333333,98.33333333333333,88.33333333333333,78.0,67.66666666666667,62.333333333333336,60.0,59.333333333333336,60.333333333333336,67.33333333333333,74.0,74.0,73.33333333333333,73.66666666666667,70.66666666666667,66.66666666666667,62.666666666666664,54.333333333333336,51.333333333333336,61.0,76.33333333333333,88.0,89.33333333333333,87.0,84.0,84.33333333333333,84.0,83.66666666666667,82.0,82.66666666666667,84.66666666666667,86.66666666666667,91.66666666666667,92.0,92.0,92.0,90.0,86.0,83.0,81.0,81.0,82.0,84.0,85.0,85.0,86.0,86.0,87.0,89.66666666666667,90.66666666666667,92.66666666666667,93.66666666666667,94.66666666666667,94.66666666666667,93.66666666666667,93.66666666666667,97.66666666666667,103.66666666666667,101.66666666666667,90.66666666666667,87.66666666666667,91.66666666666667,91.66666666666667,85.66666666666667,90.66666666666667,93.66666666666667,98.66666666666667,100.66666666666667,100.66666666666667,96.66666666666667,92.0,89.0,80.33333333333333,77.33333333333333,73.33333333333333,69.33333333333333,70.0,72.0,75.0,78.0,80.0,78.0,76.0,73.0,73.66666666666667,73.66666666666667,75.66666666666667,76.66666666666667,77.0,72.0,67.33333333333333,65.33333333333333,61.333333333333336,56.333333333333336,56.333333333333336,60.0,63.0,63.333333333333336,65.33333333333333,66.33333333333333,68.33333333333333,70.33333333333333,71.33333333333333,71.33333333333333,73.33333333333333,72.33333333333333,72.33333333333333,72.33333333333333,72.33333333333333,73.33333333333333,73.33333333333333,75.0,73.33333333333333,73.0,72.0,71.0,70.0,70.0,45.333333333333336,58.666666666666664,75.33333333333333,84.33333333333333,83.33333333333333,80.33333333333333,80.33333333333333,83.0,83.66666666666667,79.66666666666667,78.0,82.0,87.33333333333333,87.0,78.33333333333333,70.66666666666667,61.666666666666664,59.666666666666664,60.666666666666664,68.33333333333333,74.33333333333333,78.33333333333333,82.33333333333333,87.33333333333333,92.33333333333333,97.33333333333333,103.66666666666667,106.33333333333333,104.66666666666667,103.33333333333333,105.33333333333333,107.0,106.0,99.0,87.33333333333333,74.66666666666667,64.66666666666667,59.333333333333336,56.0,55.333333333333336,58.333333333333336,67.0,74.33333333333333,77.0,78.0,80.33333333333333,79.33333333333333,75.33333333333333,74.33333333333333,64.0,54.0,57.333333333333336,72.33333333333333,85.0,86.66666666666667,81.0,83.0,83.33333333333333,83.0,81.66666666666667,80.66666666666667,82.0,86.0,90.0,92.66666666666667,92.0,90.0,88.0,87.0,86.0,85.0,85.0,81.0,81.0,81.0,82.0,84.0,86.0,87.0,87.0,90.66666666666667,90.66666666666667,91.66666666666667,92.66666666666667,93.66666666666667,93.66666666666667,93.66666666666667,93.66666666666667,97.66666666666667,104.66666666666667,104.66666666666667,94.66666666666667,89.66666666666667,90.66666666666667,88.66666666666667,82.66666666666667,86.66666666666667,88.66666666666667,92.66666666666667,94.66666666666667,96.66666666666667,95.66666666666667,95.0,94.0,86.33333333333333,82.33333333333333,76.33333333333333,70.33333333333333,69.0,69.0,72.0,74.0,77.0,76.0,74.0,72.0,72.66666666666667,74.66666666666667,76.66666666666667,77.66666666666667,77.0,71.0,66.33333333333333,65.33333333333333,62.333333333333336,57.333333333333336,56.333333333333336,58.0,61.333333333333336,62.0,63.0,64.0,66.0,68.0,70.0,71.0,74.0,74.0,73.0,73.0,74.0,75.0,76.0,77.0,73.33333333333333,73.0,73.0,72.0,72.0,72.0,45.333333333333336,55.666666666666664,69.66666666666667,78.33333333333333,80.33333333333333,79.33333333333333,79.33333333333333,81.33333333333333,82.0,79.0,77.0,79.0,83.33333333333333,83.33333333333333,79.0,74.0,69.0,64.66666666666667,65.33333333333333,72.66666666666667,78.66666666666667,81.66666666666667,86.33333333333333,90.66666666666667,95.33333333333333,99.66666666666667,104.33333333333333,105.66666666666667,104.33333333333333,103.0,104.0,105.33333333333333,105.33333333333333,99.33333333333333,88.66666666666667,76.33333333333333,67.33333333333333,60.0,55.333333333333336,53.0,60.0,68.0,75.0,78.33333333333333,80.33333333333333,84.33333333333333,85.0,82.33333333333333,83.33333333333333,73.66666666666667,62.666666666666664,60.666666666666664,71.0,84.0,85.0,78.33333333333333,78.33333333333333,81.33333333333333,83.0,82.0,80.66666666666667,81.66666666666667,85.66666666666667,89.66666666666667,91.0,89.0,86.0,84.0,83.0,84.0,86.0,87.0,82.0,80.0,79.0,80.0,84.0,87.0,89.0,89.0,91.66666666666667,91.66666666666667,91.66666666666667,91.66666666666667,91.66666666666667,92.66666666666667,92.66666666666667,92.66666666666667,91.66666666666667,98.66666666666667,101.66666666666667,97.66666666666667,90.66666666666667,86.66666666666667,82.66666666666667,78.66666666666667,84.66666666666667,85.66666666666667,87.66666666666667,89.66666666666667,91.66666666666667,92.66666666666667,94.0,94.0,87.33333333333333,83.33333333333333,76.33333333333333,69.33333333333333,67.0,66.0,67.0,69.0,73.0,73.0,72.0,71.0,72.66666666666667,73.66666666666667,75.66666666666667,76.66666666666667,75.0,69.0,65.33333333333333,65.33333333333333,63.333333333333336,59.333333333333336,56.333333333333336,56.0,59.333333333333336,60.0,60.0,62.0,64.0,67.0,69.0,70.0,74.0,73.0,73.0,73.0,74.0,75.0,77.0,77.33333333333333,75.0,75.0,74.0,74.0,74.0,75.0,47.333333333333336,53.333333333333336,60.666666666666664,66.66666666666667,71.0,74.66666666666667,78.0,81.33333333333333,81.33333333333333,79.0,79.0,80.0,82.0,83.0,82.33333333333333,81.33333333333333,78.33333333333333,74.33333333333333,73.66666666666667,78.66666666666667,84.33333333333333,87.33333333333333,91.66666666666667,96.33333333333333,101.66666666666667,105.33333333333333,108.66666666666667,109.33333333333333,106.0,103.33333333333333,102.66666666666667,104.66666666666667,103.33333333333333,100.33333333333333,94.33333333333333,87.0,77.0,67.33333333333333,60.333333333333336,56.0,62.0,69.33333333333333,75.33333333333333,78.0,80.0,85.0,87.0,85.33333333333333,87.0,81.33333333333333,72.33333333333333,69.33333333333333,77.33333333333333,87.33333333333333,85.33333333333333,78.0,71.0,77.0,84.0,86.0,84.0,82.0,84.0,86.0,86.0,85.0,83.0,82.0,82.0,83.0,85.0,86.0,80.0,77.0,74.0,75.0,79.0,84.0,87.0,88.0,92.66666666666667,92.66666666666667,91.66666666666667,91.66666666666667,90.66666666666667,91.66666666666667,91.66666666666667,91.66666666666667,86.66666666666667,90.66666666666667,98.66666666666667,101.66666666666667,95.66666666666667,84.66666666666667,78.66666666666667,79.66666666666667,83.66666666666667,84.66666666666667,86.66666666666667,87.66666666666667,88.66666666666667,88.66666666666667,89.0,88.0,85.33333333333333,81.33333333333333,76.33333333333333,70.33333333333333,67.0,66.0,66.0,67.0,69.0,70.0,70.0,71.0,72.66666666666667,73.66666666666667,74.66666666666667,75.66666666666667,72.0,66.0,64.33333333333333,66.33333333333333,66.33333333333333,60.333333333333336,56.333333333333336,55.0,58.333333333333336,58.0,59.0,60.0,63.0,67.0,70.0,71.0,72.0,72.0,72.0,72.0,73.0,74.0,76.0,76.33333333333333,72.0,72.33333333333333,72.33333333333333,72.33333333333333,72.33333333333333,73.33333333333333,50.0,50.333333333333336,53.333333333333336,57.333333333333336,63.333333333333336,70.33333333333333,77.66666666666667,81.0,81.0,80.33333333333333,81.33333333333333,82.0,83.0,85.0,86.0,88.0,84.66666666666667,81.0,79.0,84.33333333333333,88.66666666666667,91.66666666666667,94.66666666666667,99.66666666666667,107.66666666666667,110.66666666666667,113.33333333333333,112.0,107.33333333333333,103.66666666666667,103.33333333333333,104.0,104.0,103.33333333333333,101.33333333333333,96.33333333333333,88.33333333333333,77.0,66.0,59.333333333333336,62.333333333333336,69.33333333333333,75.33333333333333,76.0,79.0,84.0,87.0,85.66666666666667,87.0,84.66666666666667,79.66666666666667,76.66666666666667,83.66666666666667,91.0,88.0,78.0,66.0,74.0,85.0,89.0,87.0,83.0,81.0,82.0,82.0,82.0,82.0,82.0,83.0,83.0,84.0,84.0,76.0,72.0,68.0,68.0,73.0,79.0,83.0,84.0,93.66666666666667,93.66666666666667,92.66666666666667,91.66666666666667,90.66666666666667,90.66666666666667,90.66666666666667,90.66666666666667,84.66666666666667,87.66666666666667,97.66666666666667,106.66666666666667,100.66666666666667,84.66666666666667,78.66666666666667,83.66666666666667,84.66666666666667,85.66666666666667,87.66666666666667,89.66666666666667,88.66666666666667,86.66666666666667,84.0,82.0,84.33333333333333,81.33333333333333,76.33333333333333,72.33333333333333,69.0,68.0,69.0,69.0,67.0,68.0,69.0,71.0,72.66666666666667,73.66666666666667,73.66666666666667,73.66666666666667,70.0,65.0,63.333333333333336,67.33333333333333,67.33333333333333,62.333333333333336,56.333333333333336,54.0,57.333333333333336,57.0,58.0,60.0,63.0,67.0,70.0,72.0,70.0,70.0,70.0,71.0,72.0,73.0,74.0,75.33333333333333,68.0,67.33333333333333,67.33333333333333,68.33333333333333,68.33333333333333,69.33333333333333,48.666666666666664,50.0,55.333333333333336,61.666666666666664,63.666666666666664,66.0,73.33333333333333,82.33333333333333,84.33333333333333,84.0,82.33333333333333,80.33333333333333,79.0,80.0,84.66666666666667,88.33333333333333,87.33333333333333,89.33333333333333,93.33333333333333,97.0,99.0,100.33333333333333,101.33333333333333,101.33333333333333,106.33333333333333,107.0,106.33333333333333,105.66666666666667,105.33333333333333,104.0,103.0,102.33333333333333,110.0,109.0,108.0,105.0,99.0,91.33333333333333,85.33333333333333,81.33333333333333,70.33333333333333,72.0,74.0,77.66666666666667,79.66666666666667,81.66666666666667,81.0,81.33333333333333,87.66666666666667,87.0,86.0,86.0,90.0,94.66666666666667,89.66666666666667,80.66666666666667,71.0,72.0,77.33333333333333,85.33333333333333,88.33333333333333,84.33333333333333,82.33333333333333,83.33333333333333,86.0,86.0,85.0,83.0,81.0,82.0,85.0,87.0,80.0,75.0,69.0,68.0,72.0,78.0,82.0,84.0,85.66666666666667,91.66666666666667,97.66666666666667,97.66666666666667,92.66666666666667,87.66666666666667,86.66666666666667,87.66666666666667,83.66666666666667,89.66666666666667,95.66666666666667,97.66666666666667,93.66666666666667,87.66666666666667,82.66666666666667,80.66666666666667,81.66666666666667,81.66666666666667,80.66666666666667,77.66666666666667,74.66666666666667,73.66666666666667,76.0,78.0,77.33333333333333,77.33333333333333,76.33333333333333,71.33333333333333,67.0,66.0,70.0,74.0,67.0,67.0,67.0,70.0,74.66666666666667,77.66666666666667,77.66666666666667,76.66666666666667,70.0,67.0,63.333333333333336,63.333333333333336,65.33333333333333,66.33333333333333,64.33333333333333,61.0,58.333333333333336,55.333333333333336,56.333333333333336,60.333333333333336,61.333333333333336,59.333333333333336,60.333333333333336,64.33333333333333,65.33333333333333,69.33333333333333,73.33333333333333,75.33333333333333,74.33333333333333,72.33333333333333,71.33333333333333,71.33333333333333,68.0,68.33333333333333,68.33333333333333,67.33333333333333,67.33333333333333,67.33333333333333,51.666666666666664,51.0,54.333333333333336,58.666666666666664,60.333333333333336,61.333333333333336,68.33333333333333,77.66666666666667,82.0,81.33333333333333,80.0,77.33333333333333,75.33333333333333,76.0,80.0,83.33333333333333,88.0,91.66666666666667,95.66666666666667,99.33333333333333,99.33333333333333,100.0,102.0,103.0,104.0,103.33333333333333,103.66666666666667,105.33333333333333,105.0,105.33333333333333,105.33333333333333,105.0,105.33333333333333,106.0,106.0,105.0,102.0,98.0,94.33333333333333,91.0,82.0,80.66666666666667,78.66666666666667,77.0,78.0,78.33333333333333,80.33333333333333,81.66666666666667,85.0,85.66666666666667,84.66666666666667,85.66666666666667,90.0,94.0,90.66666666666667,83.66666666666667,72.0,72.0,76.33333333333333,84.33333333333333,86.33333333333333,83.33333333333333,82.0,83.33333333333333,84.33333333333333,85.0,85.0,83.0,81.0,80.0,81.0,83.0,79.0,74.0,69.0,68.0,72.0,76.0,79.0,79.0,84.66666666666667,90.66666666666667,95.66666666666667,96.66666666666667,91.66666666666667,87.66666666666667,86.66666666666667,87.66666666666667,83.66666666666667,87.66666666666667,91.66666666666667,92.66666666666667,90.66666666666667,87.66666666666667,87.66666666666667,87.66666666666667,88.66666666666667,88.66666666666667,86.66666666666667,82.66666666666667,78.66666666666667,75.66666666666667,76.0,77.0,77.33333333333333,78.33333333333333,78.33333333333333,74.33333333333333,70.0,69.0,72.0,76.0,71.0,70.0,70.0,71.0,73.66666666666667,75.66666666666667,74.66666666666667,73.66666666666667,74.0,70.0,66.33333333333333,64.33333333333333,65.33333333333333,66.33333333333333,65.33333333333333,64.33333333333333,66.0,61.333333333333336,61.333333333333336,63.333333333333336,63.333333333333336,61.333333333333336,62.333333333333336,66.33333333333333,69.33333333333333,71.33333333333333,73.33333333333333,72.33333333333333,69.33333333333333,66.33333333333333,65.33333333333333,65.0,66.33333333333333,66.33333333333333,66.33333333333333,66.33333333333333,65.33333333333333,65.33333333333333,53.0,52.0,52.333333333333336,55.333333333333336,55.666666666666664,55.666666666666664,63.0,72.33333333333333,79.33333333333333,79.0,78.33333333333333,76.0,73.33333333333333,74.0,76.0,79.33333333333333,84.33333333333333,90.33333333333333,96.33333333333333,97.66666666666667,95.66666666666667,95.33333333333333,98.33333333333333,102.33333333333333,100.33333333333333,99.66666666666667,101.33333333333333,103.0,104.33333333333333,105.0,106.0,106.33333333333333,101.66666666666667,102.0,103.66666666666667,104.66666666666667,104.66666666666667,103.66666666666667,102.0,100.66666666666667,95.66666666666667,91.66666666666667,85.0,78.33333333333333,76.0,76.66666666666667,79.66666666666667,82.0,82.66666666666667,83.66666666666667,84.0,85.0,89.0,93.0,90.66666666666667,84.66666666666667,73.0,72.0,75.33333333333333,81.33333333333333,83.0,81.0,81.0,82.33333333333333,83.33333333333333,85.0,86.0,84.0,81.0,78.0,77.0,77.0,75.0,73.0,70.0,69.0,72.0,74.0,76.0,76.0,84.66666666666667,89.66666666666667,93.66666666666667,94.66666666666667,91.66666666666667,87.66666666666667,86.66666666666667,87.66666666666667,84.66666666666667,85.66666666666667,86.66666666666667,86.66666666666667,87.66666666666667,88.66666666666667,92.66666666666667,95.66666666666667,96.66666666666667,96.66666666666667,93.66666666666667,88.66666666666667,82.66666666666667,77.66666666666667,76.0,76.0,77.33333333333333,79.33333333333333,79.33333333333333,77.33333333333333,74.0,72.0,74.0,78.0,76.0,74.0,72.0,72.0,73.66666666666667,72.66666666666667,71.66666666666667,69.66666666666667,76.0,72.0,67.33333333333333,64.33333333333333,64.33333333333333,66.33333333333333,67.33333333333333,67.33333333333333,72.0,68.0,67.0,69.0,68.0,64.0,64.0,67.0,70.0,71.0,71.0,69.0,65.0,63.0,62.0,63.0,65.33333333333333,65.66666666666667,64.66666666666667,64.66666666666667,64.66666666666667,63.666666666666664,54.0,51.333333333333336,51.333333333333336,53.333333333333336,51.666666666666664,51.666666666666664,60.333333333333336,70.0,79.66666666666667,79.33333333333333,80.0,78.33333333333333,76.0,74.33333333333333,76.33333333333333,77.33333333333333,77.33333333333333,86.0,93.0,93.33333333333333,89.33333333333333,88.66666666666667,92.66666666666667,98.66666666666667,98.66666666666667,98.33333333333333,99.0,99.33333333333333,100.0,101.33333333333333,103.33333333333333,103.66666666666667,99.0,99.33333333333333,99.33333333333333,101.0,101.0,101.66666666666667,101.66666666666667,101.66666666666667,100.66666666666667,96.0,88.33333333333333,81.0,77.66666666666667,77.0,79.0,80.66666666666667,82.0,84.0,84.0,83.0,85.66666666666667,88.66666666666667,86.66666666666667,82.0,74.0,72.0,72.33333333333333,75.33333333333333,77.0,75.0,76.0,80.0,81.33333333333333,84.0,86.0,86.0,82.0,77.0,74.0,73.0,71.0,71.0,70.0,72.0,74.0,76.0,78.0,79.0,85.66666666666667,88.66666666666667,92.66666666666667,93.66666666666667,90.66666666666667,88.66666666666667,87.66666666666667,87.66666666666667,84.66666666666667,84.66666666666667,84.66666666666667,84.66666666666667,85.66666666666667,88.66666666666667,92.66666666666667,95.66666666666667,100.66666666666667,100.66666666666667,98.66666666666667,92.66666666666667,85.66666666666667,78.66666666666667,75.0,74.0,74.33333333333333,77.33333333333333,79.33333333333333,78.33333333333333,75.0,74.0,76.0,78.0,78.0,76.0,74.0,73.0,73.66666666666667,72.66666666666667,70.66666666666667,68.66666666666667,74.0,70.0,65.33333333333333,62.333333333333336,62.333333333333336,65.33333333333333,69.33333333333333,71.33333333333333,73.0,71.0,73.0,76.0,75.0,68.0,64.0,64.0,70.0,70.0,69.0,66.0,63.0,62.0,64.0,66.0,65.66666666666667,65.66666666666667,65.66666666666667,64.66666666666667,64.66666666666667,63.666666666666664,55.333333333333336,53.333333333333336,53.333333333333336,54.333333333333336,52.666666666666664,53.333333333333336,60.666666666666664,69.33333333333333,77.33333333333333,78.66666666666667,79.33333333333333,79.0,76.33333333333333,75.0,76.0,77.0,74.0,82.33333333333333,89.33333333333333,91.0,87.0,86.33333333333333,91.33333333333333,97.33333333333333,99.33333333333333,98.0,96.33333333333333,96.0,96.33333333333333,97.0,98.0,98.0,98.33333333333333,98.0,96.0,95.33333333333333,95.0,94.0,94.0,94.0,96.0,94.0,88.33333333333333,84.0,80.0,78.66666666666667,78.66666666666667,79.66666666666667,83.0,85.66666666666667,84.66666666666667,81.66666666666667,81.0,84.0,82.0,77.33333333333333,75.33333333333333,71.33333333333333,69.0,70.0,69.0,67.0,70.66666666666667,74.0,79.33333333333333,82.0,86.0,86.0,83.0,78.0,73.0,71.0,68.0,69.0,72.0,74.0,77.0,80.0,83.0,85.0,87.66666666666667,89.66666666666667,91.66666666666667,92.66666666666667,91.66666666666667,89.66666666666667,87.66666666666667,87.66666666666667,85.66666666666667,84.66666666666667,84.66666666666667,84.66666666666667,85.66666666666667,86.66666666666667,87.66666666666667,87.66666666666667,98.66666666666667,99.66666666666667,98.66666666666667,93.66666666666667,86.66666666666667,79.66666666666667,75.0,73.0,71.33333333333333,74.33333333333333,77.33333333333333,76.33333333333333,74.0,73.0,76.0,79.0,78.0,76.0,74.0,73.0,73.66666666666667,73.66666666666667,71.66666666666667,69.66666666666667,69.0,66.0,62.333333333333336,59.333333333333336,59.333333333333336,63.333333333333336,69.33333333333333,74.33333333333333,72.0,74.0,79.0,86.0,85.0,76.0,68.0,66.0,75.0,75.0,73.0,69.0,65.0,64.0,65.0,67.0,67.66666666666667,67.66666666666667,66.66666666666667,66.66666666666667,66.66666666666667,65.66666666666667,60.333333333333336,58.333333333333336,58.333333333333336,58.666666666666664,56.333333333333336,55.333333333333336,61.666666666666664,70.33333333333333,74.0,75.33333333333333,77.66666666666667,78.33333333333333,77.0,75.33333333333333,75.33333333333333,75.0,76.0,82.0,89.33333333333333,91.33333333333333,91.0,91.0,95.33333333333333,100.0,101.0,98.33333333333333,97.0,94.33333333333333,94.0,93.66666666666667,94.66666666666667,95.0,98.0,95.66666666666667,92.66666666666667,90.0,88.33333333333333,88.0,88.0,88.0,91.0,89.33333333333333,87.0,84.66666666666667,83.0,80.0,80.0,79.0,84.66666666666667,87.0,86.0,81.0,79.0,80.0,79.33333333333333,75.33333333333333,76.33333333333333,69.33333333333333,64.0,62.0,60.0,58.0,61.666666666666664,66.0,74.33333333333333,78.0,83.0,84.0,81.0,77.0,73.0,71.0,67.0,69.0,73.0,76.0,78.0,82.0,87.0,91.0,91.66666666666667,91.66666666666667,92.66666666666667,92.66666666666667,91.66666666666667,89.66666666666667,88.66666666666667,86.66666666666667,86.66666666666667,84.66666666666667,83.66666666666667,83.66666666666667,84.66666666666667,84.66666666666667,82.66666666666667,80.66666666666667,91.66666666666667,93.66666666666667,94.66666666666667,92.66666666666667,86.66666666666667,80.66666666666667,76.0,74.0,69.33333333333333,72.33333333333333,74.33333333333333,73.33333333333333,72.0,72.0,76.0,80.0,78.0,76.0,74.0,73.0,74.66666666666667,73.66666666666667,71.66666666666667,69.66666666666667,65.0,64.0,61.333333333333336,58.333333333333336,57.333333333333336,61.333333333333336,67.33333333333333,73.33333333333333,71.0,74.0,83.0,92.0,92.0,84.0,76.0,73.0,84.0,83.0,80.0,74.0,68.0,64.0,63.0,64.0,68.66666666666667,68.66666666666667,68.66666666666667,68.66666666666667,67.66666666666667,67.66666666666667,66.66666666666667,64.66666666666667,64.66666666666667,64.66666666666667,61.333333333333336,58.333333333333336,61.666666666666664,68.66666666666667,72.33333333333333,76.0,78.66666666666667,80.33333333333333,80.0,77.33333333333333,77.33333333333333,77.0,78.0,81.33333333333333,87.0,92.0,94.33333333333333,96.33333333333333,100.0,102.0,102.0,100.33333333333333,97.0,95.33333333333333,94.0,94.66666666666667,95.66666666666667,96.33333333333333,95.66666666666667,93.0,89.66666666666667,87.0,86.33333333333333,86.33333333333333,88.0,89.0,90.33333333333333,89.33333333333333,87.0,84.0,81.66666666666667,81.0,80.66666666666667,81.0,84.66666666666667,88.33333333333333,87.33333333333333,82.33333333333333,79.33333333333333,81.33333333333333,82.0,79.0,77.0,69.0,60.0,56.0,52.666666666666664,50.666666666666664,53.666666666666664,59.0,68.33333333333333,72.0,77.0,79.0,78.0,75.0,73.0,72.0,68.0,71.0,74.0,76.0,78.0,82.0,88.0,92.0,95.66666666666667,94.66666666666667,93.66666666666667,93.66666666666667,92.66666666666667,90.66666666666667,88.66666666666667,86.66666666666667,87.66666666666667,84.66666666666667,80.66666666666667,79.66666666666667,80.66666666666667,81.66666666666667,80.66666666666667,78.66666666666667,83.66666666666667,86.66666666666667,90.66666666666667,90.66666666666667,87.66666666666667,82.66666666666667,79.0,77.0,70.33333333333333,72.33333333333333,73.33333333333333,72.33333333333333,71.0,73.0,78.0,83.0,80.0,78.0,75.0,74.0,74.66666666666667,73.66666666666667,70.66666666666667,68.66666666666667,66.0,65.0,63.333333333333336,59.333333333333336,57.333333333333336,59.333333333333336,64.33333333333333,69.33333333333333,68.0,71.0,79.0,89.0,91.0,85.0,80.0,79.0,88.0,87.0,84.0,78.0,71.0,66.0,64.0,64.0,69.66666666666667,68.66666666666667,68.66666666666667,68.66666666666667,67.66666666666667,67.66666666666667,72.33333333333333,70.33333333333333,70.33333333333333,69.33333333333333,64.33333333333333,59.333333333333336,62.333333333333336,67.66666666666667,74.66666666666667,78.0,82.33333333333333,84.33333333333333,84.0,82.33333333333333,81.0,80.33333333333333,77.33333333333333,79.33333333333333,84.33333333333333,90.0,95.0,98.0,100.33333333333333,101.0,102.0,99.33333333333333,97.33333333333333,96.0,95.66666666666667,96.0,98.0,98.33333333333333,93.0,90.66666666666667,88.0,86.66666666666667,86.0,88.0,90.33333333333333,92.33333333333333,92.0,90.0,85.66666666666667,83.0,80.66666666666667,81.0,82.0,84.66666666666667,85.0,88.33333333333333,87.33333333333333,83.33333333333333,81.33333333333333,83.33333333333333,84.33333333333333,82.33333333333333,76.33333333333333,67.33333333333333,58.0,52.0,48.666666666666664,45.666666666666664,48.666666666666664,54.666666666666664,65.0,68.33333333333333,73.33333333333333,76.33333333333333,75.33333333333333,73.33333333333333,72.33333333333333,71.0,70.0,72.0,75.0,75.0,75.66666666666667,79.66666666666667,85.66666666666667,91.66666666666667,97.66666666666667,96.66666666666667,94.66666666666667,93.66666666666667,93.66666666666667,91.66666666666667,88.66666666666667,85.66666666666667,88.66666666666667,83.66666666666667,77.66666666666667,75.66666666666667,77.66666666666667,79.66666666666667,79.66666666666667,78.66666666666667,78.66666666666667,82.66666666666667,87.66666666666667,89.66666666666667,88.66666666666667,84.66666666666667,82.0,81.0,71.33333333333333,72.33333333333333,73.33333333333333,71.33333333333333,70.33333333333333,72.33333333333333,79.0,85.0,82.0,79.0,76.0,75.0,73.66666666666667,72.66666666666667,69.66666666666667,66.66666666666667,68.0,67.0,65.33333333333333,61.333333333333336,57.333333333333336,57.333333333333336,62.0,66.33333333333333,65.33333333333333,66.0,73.33333333333333,82.0,85.0,82.0,81.0,82.0,85.0,85.0,84.0,78.33333333333333,74.0,68.33333333333333,67.33333333333333,67.0,68.33333333333333,68.66666666666667,68.66666666666667,67.66666666666667,67.66666666666667,67.66666666666667,81.0,78.0,78.33333333333333,78.33333333333333,74.33333333333333,67.33333333333333,65.33333333333333,67.33333333333333,71.66666666666667,78.33333333333333,85.66666666666667,91.0,91.0,88.0,84.66666666666667,82.66666666666667,84.0,85.0,87.0,89.33333333333333,92.33333333333333,96.33333333333333,99.0,100.0,105.0,100.66666666666667,96.66666666666667,96.0,99.0,100.33333333333333,100.33333333333333,99.0,94.0,87.66666666666667,83.66666666666667,84.0,83.0,81.0,84.66666666666667,89.66666666666667,89.66666666666667,92.66666666666667,90.66666666666667,83.66666666666667,79.0,80.0,80.0,79.66666666666667,84.0,84.0,83.33333333333333,83.33333333333333,83.0,83.0,83.0,83.0,82.0,75.0,64.33333333333333,55.333333333333336,51.0,47.0,45.666666666666664,44.666666666666664,62.0,65.0,70.0,73.0,73.66666666666667,74.66666666666667,74.0,74.33333333333333,74.0,74.0,74.66666666666667,76.66666666666667,74.0,75.0,84.0,94.0,90.66666666666667,92.66666666666667,93.66666666666667,92.66666666666667,89.66666666666667,86.66666666666667,84.66666666666667,84.66666666666667,88.66666666666667,85.66666666666667,81.66666666666667,77.66666666666667,75.66666666666667,76.66666666666667,78.66666666666667,80.66666666666667,80.0,84.0,88.0,91.0,89.0,84.0,78.0,74.0,73.0,73.0,73.0,74.0,76.0,78.0,79.33333333333333,81.33333333333333,83.0,80.0,77.0,73.0,70.66666666666667,67.66666666666667,67.0,67.0,65.33333333333333,64.33333333333333,64.0,62.0,58.0,56.0,59.333333333333336,64.0,66.66666666666667,65.33333333333333,67.66666666666667,72.33333333333333,78.33333333333333,81.33333333333333,80.0,78.0,76.33333333333333,77.33333333333333,76.33333333333333,72.0,68.33333333333333,65.0,64.0,64.33333333333333,72.33333333333333,72.66666666666667,71.66666666666667,70.66666666666667,69.66666666666667,68.66666666666667,86.33333333333333,85.66666666666667,88.33333333333333,90.0,84.66666666666667,74.66666666666667,69.33333333333333,69.33333333333333,75.66666666666667,81.0,87.66666666666667,93.0,92.33333333333333,88.66666666666667,86.0,84.0,86.66666666666667,87.0,88.0,90.0,93.0,95.66666666666667,97.66666666666667,99.0,102.0,101.0,100.0,101.33333333333333,104.33333333333333,105.33333333333333,102.33333333333333,100.0,94.0,88.66666666666667,85.66666666666667,84.66666666666667,83.66666666666667,80.66666666666667,82.0,86.0,89.0,92.0,91.66666666666667,85.66666666666667,81.66666666666667,81.66666666666667,81.0,79.33333333333333,83.0,83.0,82.33333333333333,83.33333333333333,83.0,84.0,83.66666666666667,83.66666666666667,81.66666666666667,76.0,68.33333333333333,60.333333333333336,55.0,50.0,45.666666666666664,43.0,56.0,60.0,65.0,69.33333333333333,73.33333333333333,75.0,76.66666666666667,77.0,78.33333333333333,76.0,75.66666666666667,75.66666666666667,73.0,72.66666666666667,80.66666666666667,90.66666666666667,90.66666666666667,92.66666666666667,94.66666666666667,93.66666666666667,90.66666666666667,87.66666666666667,85.66666666666667,85.66666666666667,88.66666666666667,85.66666666666667,82.66666666666667,78.66666666666667,76.66666666666667,76.66666666666667,77.66666666666667,78.66666666666667,77.0,79.0,83.0,86.0,85.0,83.0,79.0,76.0,75.0,75.0,76.0,77.0,78.0,80.0,81.0,82.0,82.0,80.0,77.0,73.0,70.66666666666667,68.66666666666667,67.0,66.0,64.33333333333333,64.33333333333333,64.0,61.0,58.333333333333336,56.333333333333336,58.333333333333336,61.333333333333336,63.666666666666664,63.666666666666664,64.66666666666667,68.66666666666667,73.33333333333333,76.33333333333333,76.0,74.0,75.33333333333333,75.33333333333333,74.0,71.0,67.0,64.0,62.333333333333336,64.0,69.33333333333333,69.66666666666667,68.66666666666667,68.66666666666667,67.66666666666667,67.66666666666667,93.0,95.0,99.33333333333333,102.66666666666667,97.0,84.33333333333333,75.66666666666667,73.33333333333333,81.33333333333333,86.0,92.66666666666667,96.0,94.33333333333333,91.66666666666667,88.0,87.0,90.66666666666667,90.66666666666667,91.66666666666667,92.66666666666667,93.66666666666667,95.0,97.0,98.0,100.0,100.33333333333333,103.33333333333333,107.0,110.0,109.0,105.0,101.66666666666667,95.0,90.66666666666667,87.66666666666667,87.66666666666667,84.66666666666667,80.66666666666667,80.0,82.0,87.0,92.0,92.66666666666667,87.66666666666667,83.66666666666667,83.66666666666667,82.0,79.33333333333333,81.0,82.0,81.33333333333333,82.33333333333333,84.0,85.0,84.66666666666667,85.66666666666667,82.0,78.0,73.33333333333333,67.33333333333333,63.0,56.666666666666664,49.0,44.0,48.0,52.0,58.0,65.33333333333333,72.33333333333333,76.0,78.66666666666667,79.0,83.33333333333333,80.0,77.66666666666667,76.66666666666667,73.0,72.0,77.66666666666667,85.66666666666667,88.66666666666667,91.66666666666667,94.66666666666667,94.66666666666667,91.66666666666667,88.66666666666667,86.66666666666667,85.66666666666667,87.66666666666667,85.66666666666667,83.66666666666667,80.66666666666667,78.66666666666667,77.66666666666667,76.66666666666667,76.66666666666667,73.0,74.0,76.0,78.0,79.0,79.0,79.0,79.0,78.0,78.0,78.0,79.0,80.0,82.0,83.0,84.0,82.0,81.0,78.0,75.0,72.66666666666667,69.66666666666667,68.0,67.0,66.33333333333333,66.33333333333333,65.33333333333333,62.333333333333336,60.0,58.0,59.0,60.0,61.666666666666664,61.666666666666664,61.666666666666664,64.66666666666667,67.33333333333333,70.33333333333333,70.0,69.0,72.33333333333333,72.33333333333333,72.0,69.0,65.0,63.0,61.333333333333336,63.0,66.33333333333333,66.66666666666667,65.66666666666667,65.66666666666667,65.66666666666667,65.66666666666667,95.0,96.0,102.0,105.33333333333333,100.66666666666667,89.33333333333333,82.0,81.0,88.0,92.33333333333333,96.33333333333333,98.33333333333333,97.33333333333333,93.66666666666667,91.0,90.0,95.0,95.0,95.66666666666667,95.0,95.0,95.33333333333333,97.0,97.33333333333333,97.33333333333333,99.0,103.0,106.66666666666667,109.0,108.66666666666667,107.0,104.66666666666667,97.0,92.66666666666667,90.66666666666667,90.66666666666667,86.66666666666667,80.66666666666667,78.0,79.0,86.0,91.0,93.66666666666667,90.66666666666667,86.66666666666667,84.66666666666667,82.0,78.0,80.0,81.0,81.33333333333333,82.33333333333333,84.0,85.0,85.66666666666667,86.66666666666667,80.0,79.0,78.33333333333333,77.0,73.66666666666667,65.66666666666667,58.0,51.333333333333336,46.333333333333336,49.333333333333336,56.333333333333336,64.0,73.0,77.33333333333333,80.0,79.66666666666667,85.0,82.33333333333333,82.0,82.66666666666667,78.66666666666667,73.0,74.0,79.0,85.66666666666667,89.66666666666667,93.66666666666667,95.66666666666667,93.66666666666667,89.66666666666667,87.66666666666667,86.66666666666667,85.66666666666667,85.66666666666667,83.66666666666667,82.66666666666667,79.66666666666667,77.66666666666667,74.66666666666667,73.66666666666667,73.0,72.0,72.0,72.0,73.0,75.0,77.0,78.0,80.0,79.0,79.0,79.0,80.0,81.0,82.0,83.0,82.0,82.0,81.0,79.0,76.66666666666667,73.66666666666667,71.0,70.0,69.33333333333333,71.33333333333333,70.33333333333333,66.33333333333333,65.0,65.0,64.0,61.0,62.666666666666664,62.666666666666664,61.666666666666664,62.666666666666664,64.33333333333333,65.33333333333333,66.0,66.0,69.33333333333333,70.33333333333333,70.0,67.0,64.0,61.0,60.333333333333336,62.0,65.33333333333333,65.66666666666667,64.66666666666667,63.666666666666664,63.666666666666664,62.666666666666664,91.0,90.0,94.0,97.33333333333333,95.0,89.33333333333333,87.66666666666667,89.66666666666667,93.66666666666667,97.33333333333333,101.0,101.33333333333333,99.33333333333333,95.66666666666667,93.0,93.0,98.0,97.33333333333333,97.0,95.33333333333333,95.33333333333333,96.0,96.33333333333333,97.0,97.0,97.66666666666667,99.66666666666667,100.0,102.66666666666667,103.0,105.66666666666667,107.0,99.66666666666667,95.66666666666667,93.66666666666667,93.66666666666667,88.66666666666667,81.66666666666667,78.0,78.0,85.0,91.0,93.66666666666667,90.66666666666667,87.66666666666667,85.66666666666667,83.0,78.0,80.0,81.0,81.33333333333333,82.33333333333333,84.0,85.0,85.66666666666667,86.66666666666667,79.0,80.0,81.33333333333333,83.0,81.66666666666667,76.0,68.33333333333333,62.333333333333336,51.333333333333336,52.333333333333336,57.333333333333336,66.0,74.0,78.33333333333333,79.0,77.66666666666667,82.0,81.33333333333333,84.33333333333333,87.0,84.66666666666667,77.66666666666667,73.66666666666667,74.66666666666667,81.66666666666667,86.66666666666667,92.66666666666667,95.66666666666667,94.66666666666667,90.66666666666667,87.66666666666667,85.66666666666667,83.66666666666667,83.66666666666667,82.66666666666667,81.66666666666667,79.66666666666667,76.66666666666667,73.66666666666667,72.66666666666667,75.0,74.0,72.0,71.0,71.0,72.0,74.0,75.0,79.0,78.0,78.0,77.0,77.0,78.0,79.0,79.0,82.0,83.0,83.0,83.0,81.0,78.0,75.66666666666667,73.66666666666667,71.0,74.0,74.0,70.0,68.33333333333333,70.33333333333333,67.33333333333333,61.333333333333336,65.33333333333333,66.33333333333333,66.33333333333333,66.33333333333333,65.33333333333333,65.33333333333333,65.0,65.0,67.33333333333333,68.33333333333333,68.33333333333333,66.33333333333333,63.0,61.0,61.0,62.333333333333336,66.33333333333333,65.66666666666667,64.66666666666667,63.666666666666664,62.666666666666664,60.666666666666664,86.0,84.66666666666667,85.0,87.33333333333333,88.0,87.33333333333333,92.33333333333333,98.33333333333333,100.0,102.0,103.33333333333333,103.0,100.33333333333333,96.66666666666667,95.66666666666667,94.0,96.33333333333333,96.0,95.33333333333333,94.0,94.0,93.66666666666667,94.0,93.66666666666667,94.66666666666667,95.0,95.0,95.0,95.0,97.66666666666667,102.0,105.66666666666667,102.66666666666667,98.66666666666667,95.66666666666667,94.66666666666667,90.66666666666667,82.66666666666667,79.0,80.0,84.0,90.0,92.66666666666667,89.66666666666667,86.66666666666667,84.66666666666667,83.0,79.0,81.0,82.0,81.33333333333333,82.33333333333333,84.0,85.0,84.66666666666667,85.66666666666667,79.0,80.33333333333333,83.0,85.66666666666667,85.0,82.33333333333333,75.33333333333333,71.0,58.0,58.0,62.0,68.33333333333333,76.33333333333333,80.0,78.33333333333333,76.0,77.66666666666667,78.0,82.0,87.33333333333333,86.0,78.66666666666667,73.66666666666667,72.66666666666667,77.66666666666667,83.66666666666667,90.66666666666667,94.66666666666667,94.66666666666667,90.66666666666667,86.66666666666667,84.66666666666667,80.66666666666667,80.66666666666667,79.66666666666667,78.66666666666667,77.66666666666667,75.66666666666667,73.66666666666667,72.66666666666667,76.0,75.0,74.0,73.0,73.0,73.0,73.0,73.0,77.0,76.0,76.0,75.0,75.0,75.0,75.0,76.0,79.0,81.0,83.0,85.0,84.0,82.0,78.66666666666667,76.66666666666667,71.66666666666667,76.66666666666667,78.0,73.0,73.0,77.0,73.33333333333333,64.33333333333333,69.33333333333333,71.33333333333333,73.33333333333333,72.33333333333333,69.33333333333333,67.33333333333333,65.0,65.0,65.33333333333333,66.33333333333333,67.33333333333333,65.33333333333333,62.0,61.0,61.0,62.333333333333336,66.33333333333333,65.66666666666667,65.66666666666667,63.666666666666664,62.666666666666664,61.666666666666664,84.33333333333333,81.33333333333333,81.0,84.66666666666667,86.0,87.33333333333333,95.33333333333333,103.33333333333333,103.33333333333333,104.0,106.0,103.33333333333333,100.0,96.66666666666667,95.66666666666667,94.33333333333333,93.0,91.66666666666667,91.0,89.66666666666667,89.66666666666667,89.0,89.66666666666667,90.0,92.0,92.66666666666667,93.66666666666667,92.66666666666667,91.66666666666667,93.0,97.66666666666667,102.66666666666667,105.66666666666667,100.66666666666667,97.66666666666667,96.66666666666667,91.66666666666667,84.66666666666667,82.0,83.0,84.0,89.0,91.66666666666667,87.66666666666667,84.66666666666667,83.66666666666667,82.0,79.0,83.0,83.0,82.33333333333333,83.33333333333333,83.0,84.0,84.0,84.0,81.33333333333333,81.33333333333333,82.0,83.66666666666667,84.0,82.33333333333333,78.0,74.33333333333333,62.333333333333336,61.333333333333336,63.333333333333336,70.0,78.0,80.33333333333333,78.0,74.33333333333333,74.0,72.66666666666667,75.0,80.33333333333333,82.33333333333333,77.0,74.0,74.0,73.66666666666667,80.66666666666667,88.66666666666667,93.66666666666667,93.66666666666667,90.66666666666667,85.66666666666667,83.66666666666667,77.66666666666667,77.66666666666667,76.66666666666667,75.66666666666667,74.66666666666667,74.66666666666667,73.66666666666667,73.66666666666667,75.0,76.0,77.0,78.0,77.0,76.0,74.0,73.0,76.0,76.0,75.0,74.0,73.0,73.0,73.0,73.0,75.0,77.0,81.0,84.0,85.0,83.0,80.0,77.0,76.0,82.0,83.66666666666667,79.66666666666667,81.66666666666667,86.66666666666667,82.0,71.0,72.0,75.0,78.0,78.0,74.0,69.0,66.0,65.0,65.0,67.0,66.33333333333333,65.33333333333333,63.333333333333336,61.333333333333336,62.333333333333336,64.0,64.33333333333333,64.66666666666667,64.66666666666667,64.66666666666667,64.66666666666667,64.66666666666667,84.0,81.0,81.33333333333333,85.0,87.66666666666667,90.0,97.33333333333333,105.33333333333333,104.33333333333333,105.33333333333333,106.33333333333333,104.0,100.0,97.66666666666667,96.0,95.33333333333333,89.0,87.66666666666667,87.66666666666667,86.66666666666667,86.0,86.0,86.0,87.0,89.66666666666667,91.66666666666667,93.66666666666667,92.66666666666667,91.0,91.0,95.0,99.0,107.66666666666667,102.66666666666667,98.66666666666667,96.66666666666667,92.66666666666667,85.66666666666667,84.0,86.0,83.0,88.0,89.66666666666667,85.66666666666667,82.66666666666667,82.66666666666667,82.0,79.0,83.33333333333333,84.0,83.33333333333333,83.33333333333333,83.0,83.0,83.0,83.0,83.33333333333333,82.0,81.66666666666667,82.0,81.33333333333333,80.0,77.33333333333333,75.0,62.666666666666664,61.666666666666664,63.666666666666664,70.33333333333333,78.33333333333333,81.0,78.33333333333333,74.0,72.33333333333333,69.0,69.66666666666667,75.0,77.0,75.33333333333333,75.33333333333333,77.0,71.66666666666667,78.66666666666667,87.66666666666667,93.66666666666667,93.66666666666667,89.66666666666667,85.66666666666667,82.66666666666667,76.66666666666667,75.66666666666667,74.66666666666667,73.66666666666667,73.66666666666667,73.66666666666667,73.66666666666667,74.66666666666667,74.0,76.0,79.0,81.0,81.0,79.0,76.0,74.0,76.0,76.0,74.0,73.0,72.0,72.0,72.0,73.0,70.33333333333333,74.0,79.0,83.0,84.0,83.0,80.0,77.0,81.0,89.0,90.0,86.0,89.0,95.0,90.0,77.66666666666667,72.33333333333333,77.0,82.0,81.0,76.0,70.0,66.0,65.0,65.0,66.0,66.33333333333333,65.33333333333333,63.333333333333336,62.333333333333336,63.333333333333336,65.0,61.333333333333336,62.666666666666664,63.666666666666664,64.66666666666667,66.66666666666667,67.66666666666667,82.0,84.0,85.33333333333333,85.33333333333333,86.0,89.66666666666667,96.66666666666667,102.0,109.0,110.0,111.0,111.0,109.0,102.66666666666667,93.0,86.33333333333333,83.0,83.66666666666667,85.0,85.0,84.0,83.0,82.66666666666667,83.66666666666667,85.66666666666667,89.66666666666667,93.0,94.0,92.0,91.0,91.66666666666667,93.0,99.66666666666667,100.66666666666667,100.66666666666667,99.66666666666667,97.66666666666667,94.66666666666667,92.0,90.0,90.0,90.0,89.66666666666667,88.66666666666667,87.66666666666667,85.66666666666667,84.0,83.0,79.33333333333333,80.33333333333333,83.33333333333333,85.33333333333333,86.0,86.0,86.0,85.0,83.33333333333333,86.0,85.66666666666667,83.0,83.0,83.33333333333333,79.0,72.33333333333333,64.33333333333333,65.33333333333333,66.33333333333333,68.66666666666667,70.66666666666667,73.33333333333333,74.0,75.33333333333333,71.0,69.33333333333333,70.0,73.66666666666667,77.66666666666667,79.0,76.0,71.33333333333333,68.0,74.66666666666667,85.66666666666667,93.66666666666667,94.66666666666667,92.66666666666667,88.66666666666667,86.66666666666667,84.66666666666667,79.66666666666667,74.66666666666667,73.66666666666667,76.66666666666667,77.66666666666667,77.66666666666667,75.66666666666667,71.0,75.0,82.0,87.0,90.0,89.0,86.0,83.0,76.0,75.0,75.0,77.0,79.0,77.0,71.0,66.0,75.33333333333333,77.33333333333333,81.33333333333333,84.33333333333333,84.33333333333333,82.33333333333333,79.33333333333333,77.33333333333333,85.33333333333333,88.33333333333333,94.33333333333333,99.33333333333333,102.33333333333333,104.33333333333333,103.33333333333333,103.33333333333333,84.33333333333333,80.33333333333333,79.33333333333333,81.33333333333333,78.33333333333333,70.33333333333333,65.0,63.0,61.0,65.0,67.0,66.0,67.0,69.0,67.0,62.0,65.33333333333333,64.66666666666667,65.66666666666667,67.66666666666667,69.66666666666667,70.66666666666667,81.33333333333333,84.33333333333333,86.33333333333333,87.33333333333333,88.0,90.0,95.66666666666667,99.66666666666667,102.66666666666667,103.66666666666667,106.0,106.66666666666667,106.66666666666667,101.66666666666667,94.0,88.33333333333333,83.0,84.66666666666667,86.0,86.0,86.0,84.0,82.66666666666667,82.66666666666667,85.66666666666667,88.66666666666667,90.0,90.0,88.0,88.0,90.66666666666667,93.0,100.66666666666667,100.66666666666667,99.66666666666667,99.66666666666667,98.66666666666667,96.66666666666667,96.0,95.0,91.0,91.0,90.66666666666667,88.66666666666667,86.66666666666667,84.66666666666667,84.0,83.0,82.33333333333333,83.33333333333333,85.33333333333333,86.33333333333333,87.0,87.0,86.0,86.33333333333333,87.0,88.66666666666667,88.0,84.33333333333333,84.33333333333333,84.0,79.33333333333333,72.66666666666667,73.0,73.0,75.0,75.33333333333333,76.33333333333333,75.66666666666667,75.33333333333333,75.0,77.33333333333333,75.0,73.33333333333333,74.0,77.0,76.66666666666667,72.66666666666667,68.0,67.0,74.66666666666667,85.66666666666667,92.66666666666667,94.66666666666667,91.66666666666667,88.66666666666667,85.66666666666667,85.66666666666667,82.66666666666667,78.66666666666667,76.66666666666667,75.66666666666667,76.66666666666667,75.66666666666667,75.66666666666667,72.0,76.0,81.0,87.0,89.0,89.0,87.0,86.0,82.0,80.0,78.0,79.0,79.0,78.0,74.0,70.0,75.33333333333333,77.33333333333333,80.33333333333333,83.33333333333333,83.33333333333333,82.33333333333333,80.33333333333333,79.33333333333333,86.33333333333333,88.0,92.33333333333333,97.0,100.0,100.66666666666667,102.0,102.0,87.0,83.33333333333333,81.33333333333333,82.33333333333333,78.33333333333333,70.33333333333333,64.0,62.0,63.0,69.0,72.0,69.0,67.0,67.0,65.0,60.333333333333336,63.666666666666664,62.666666666666664,62.666666666666664,64.66666666666667,67.66666666666667,68.66666666666667,82.0,85.0,88.0,91.0,91.66666666666667,92.66666666666667,94.66666666666667,95.66666666666667,95.66666666666667,96.0,98.66666666666667,101.0,102.0,101.0,96.0,91.33333333333333,84.0,85.66666666666667,88.66666666666667,90.66666666666667,90.0,88.0,85.0,83.0,86.66666666666667,87.66666666666667,87.66666666666667,86.66666666666667,85.0,86.0,90.0,92.0,96.66666666666667,96.66666666666667,95.66666666666667,95.66666666666667,96.66666666666667,96.66666666666667,98.0,98.0,93.0,92.0,91.66666666666667,89.66666666666667,87.66666666666667,85.66666666666667,84.0,83.0,86.33333333333333,86.33333333333333,87.0,88.0,88.0,87.0,87.33333333333333,86.33333333333333,90.0,91.66666666666667,91.0,87.33333333333333,86.33333333333333,87.0,83.33333333333333,76.66666666666667,82.0,83.33333333333333,84.33333333333333,84.0,82.33333333333333,79.66666666666667,76.66666666666667,74.33333333333333,81.0,77.33333333333333,75.0,75.33333333333333,77.33333333333333,78.0,75.0,71.0,68.0,75.66666666666667,85.66666666666667,92.66666666666667,94.66666666666667,91.66666666666667,88.66666666666667,85.66666666666667,86.66666666666667,85.66666666666667,83.66666666666667,79.66666666666667,75.66666666666667,73.66666666666667,74.66666666666667,75.66666666666667,74.0,76.0,81.0,85.0,88.0,90.0,90.0,89.0,87.0,84.0,80.0,77.0,76.0,76.0,74.0,72.0,76.33333333333333,77.33333333333333,79.33333333333333,81.33333333333333,82.33333333333333,82.33333333333333,82.0,81.0,86.0,87.66666666666667,91.0,92.66666666666667,95.66666666666667,97.0,98.66666666666667,99.66666666666667,91.33333333333333,86.0,83.0,83.0,78.33333333333333,69.33333333333333,61.333333333333336,59.333333333333336,65.0,73.0,78.33333333333333,75.33333333333333,70.33333333333333,68.33333333333333,64.33333333333333,61.333333333333336,63.666666666666664,62.666666666666664,62.666666666666664,63.666666666666664,66.66666666666667,68.66666666666667,81.66666666666667,85.66666666666667,90.66666666666667,94.66666666666667,95.66666666666667,94.66666666666667,93.66666666666667,92.66666666666667,91.0,91.0,93.0,97.0,99.0,99.0,96.0,92.33333333333333,88.0,88.66666666666667,91.66666666666667,94.66666666666667,96.66666666666667,94.0,90.0,87.0,88.0,87.66666666666667,88.66666666666667,88.66666666666667,88.66666666666667,88.0,89.0,90.0,90.66666666666667,90.66666666666667,89.66666666666667,89.66666666666667,91.66666666666667,93.66666666666667,97.0,98.0,96.0,95.0,93.66666666666667,90.66666666666667,88.66666666666667,86.66666666666667,86.0,85.0,89.33333333333333,89.33333333333333,89.0,89.0,88.0,88.0,87.33333333333333,87.33333333333333,92.0,94.66666666666667,93.33333333333333,92.0,93.0,95.33333333333333,92.66666666666667,87.33333333333333,89.33333333333333,91.33333333333333,92.33333333333333,93.33333333333333,91.0,86.33333333333333,83.33333333333333,79.66666666666667,80.33333333333333,77.0,74.33333333333333,76.0,82.0,85.33333333333333,85.33333333333333,83.66666666666667,75.0,80.66666666666667,88.66666666666667,94.66666666666667,95.66666666666667,92.66666666666667,89.66666666666667,87.66666666666667,87.66666666666667,88.66666666666667,87.66666666666667,82.66666666666667,76.66666666666667,72.66666666666667,73.66666666666667,75.66666666666667,75.0,77.0,80.0,84.0,87.0,89.0,91.0,91.0,89.0,86.0,80.0,75.0,72.0,72.0,72.0,72.0,77.33333333333333,77.33333333333333,78.33333333333333,79.33333333333333,80.33333333333333,82.0,83.0,83.66666666666667,85.66666666666667,86.66666666666667,87.66666666666667,89.0,92.0,94.0,96.0,96.66666666666667,94.33333333333333,89.0,85.0,83.0,78.33333333333333,68.33333333333333,60.333333333333336,58.333333333333336,66.0,75.0,82.33333333333333,80.33333333333333,75.33333333333333,72.33333333333333,69.33333333333333,66.33333333333333,65.66666666666667,64.66666666666667,63.666666666666664,64.66666666666667,67.66666666666667,69.66666666666667,83.33333333333333,87.33333333333333,92.33333333333333,97.33333333333333,99.0,97.0,92.66666666666667,89.66666666666667,90.0,90.0,90.33333333333333,93.33333333333333,95.33333333333333,96.33333333333333,94.33333333333333,92.33333333333333,92.0,92.0,95.0,99.0,102.0,100.66666666666667,96.66666666666667,92.0,89.0,90.0,93.0,94.66666666666667,95.66666666666667,93.66666666666667,91.66666666666667,88.66666666666667,87.66666666666667,87.66666666666667,86.66666666666667,87.66666666666667,89.66666666666667,92.66666666666667,96.0,97.0,98.0,96.0,94.66666666666667,91.66666666666667,89.66666666666667,87.66666666666667,88.0,88.0,90.33333333333333,90.33333333333333,89.0,88.0,88.0,87.0,87.33333333333333,87.33333333333333,91.0,94.66666666666667,95.33333333333333,95.0,100.0,104.33333333333333,104.66666666666667,102.0,98.66666666666667,100.66666666666667,102.66666666666667,103.33333333333333,102.33333333333333,99.0,95.33333333333333,92.66666666666667,85.33333333333333,82.0,78.33333333333333,80.0,86.0,92.33333333333333,95.33333333333333,94.66666666666667,85.0,88.66666666666667,93.66666666666667,96.66666666666667,95.66666666666667,92.66666666666667,89.66666666666667,88.66666666666667,87.66666666666667,88.66666666666667,88.66666666666667,83.66666666666667,77.66666666666667,73.66666666666667,73.66666666666667,75.66666666666667,76.0,77.0,80.0,83.0,86.0,88.0,90.0,91.0,91.0,88.0,83.0,77.0,73.0,71.0,72.0,73.0,77.33333333333333,77.33333333333333,77.33333333333333,78.33333333333333,80.0,82.0,85.0,85.66666666666667,83.66666666666667,84.0,86.0,88.0,90.0,91.66666666666667,93.66666666666667,95.0,95.66666666666667,89.33333333333333,85.0,83.0,77.0,67.0,60.333333333333336,58.333333333333336,65.0,75.0,82.33333333333333,82.33333333333333,81.66666666666667,80.66666666666667,78.66666666666667,74.66666666666667,66.66666666666667,64.66666666666667,62.666666666666664,62.666666666666664,64.66666666666667,66.66666666666667,86.33333333333333,89.33333333333333,94.33333333333333,100.0,101.33333333333333,99.0,93.0,87.66666666666667,87.0,87.0,86.33333333333333,89.33333333333333,92.33333333333333,93.33333333333333,93.33333333333333,91.33333333333333,94.0,93.0,95.0,100.0,105.0,106.0,103.0,98.66666666666667,92.66666666666667,93.0,96.0,100.0,101.0,98.66666666666667,93.66666666666667,89.66666666666667,87.66666666666667,87.66666666666667,88.66666666666667,89.66666666666667,90.66666666666667,92.66666666666667,95.0,96.0,96.0,94.0,92.66666666666667,89.66666666666667,88.66666666666667,87.66666666666667,88.0,89.0,89.33333333333333,89.33333333333333,87.0,86.0,86.0,86.0,86.33333333333333,86.33333333333333,90.66666666666667,94.0,95.33333333333333,98.33333333333333,104.33333333333333,112.66666666666667,115.33333333333333,113.0,109.66666666666667,111.33333333333333,112.66666666666667,113.66666666666667,113.33333333333333,112.33333333333333,110.0,108.33333333333333,98.66666666666667,93.33333333333333,88.0,87.33333333333333,92.33333333333333,98.0,101.0,101.0,97.33333333333333,97.66666666666667,98.66666666666667,96.66666666666667,93.66666666666667,89.66666666666667,88.66666666666667,88.66666666666667,86.66666666666667,86.66666666666667,85.66666666666667,82.66666666666667,78.66666666666667,75.66666666666667,74.66666666666667,74.66666666666667,76.0,77.0,80.0,83.0,85.0,87.0,88.0,88.0,92.0,91.0,88.0,83.0,78.0,75.0,74.0,75.0,75.33333333333333,75.33333333333333,76.33333333333333,78.33333333333333,80.0,83.0,84.66666666666667,86.66666666666667,81.0,82.0,85.0,87.66666666666667,89.66666666666667,91.66666666666667,92.66666666666667,94.0,93.66666666666667,88.33333333333333,83.0,81.0,76.0,67.0,61.333333333333336,59.333333333333336,65.0,71.0,77.33333333333333,80.33333333333333,84.66666666666667,87.66666666666667,85.66666666666667,80.66666666666667,65.66666666666667,62.666666666666664,59.666666666666664,58.666666666666664,59.666666666666664,60.666666666666664,89.0,91.0,95.0,100.33333333333333,103.0,99.33333333333333,93.0,86.66666666666667,83.0,82.0,81.33333333333333,84.33333333333333,88.0,91.0,92.0,91.0,94.33333333333333,92.33333333333333,93.33333333333333,98.33333333333333,105.33333333333333,108.0,106.0,102.66666666666667,96.66666666666667,96.66666666666667,97.66666666666667,100.0,102.0,101.0,97.0,92.0,86.66666666666667,87.66666666666667,88.66666666666667,89.66666666666667,90.66666666666667,90.66666666666667,91.0,91.0,92.0,90.0,88.66666666666667,86.66666666666667,85.66666666666667,85.66666666666667,87.0,88.0,87.0,86.0,85.0,84.0,84.0,84.0,85.33333333333333,86.33333333333333,89.66666666666667,93.0,96.0,98.33333333333333,106.33333333333333,114.66666666666667,118.33333333333333,117.33333333333333,115.66666666666667,117.33333333333333,118.33333333333333,117.66666666666667,118.33333333333333,117.33333333333333,117.0,115.33333333333333,109.66666666666667,103.33333333333333,96.0,93.33333333333333,97.33333333333333,103.0,107.0,107.0,107.33333333333333,104.66666666666667,101.66666666666667,95.66666666666667,89.66666666666667,85.66666666666667,85.66666666666667,86.66666666666667,84.66666666666667,82.66666666666667,81.66666666666667,80.66666666666667,80.66666666666667,79.66666666666667,76.66666666666667,74.66666666666667,75.0,77.0,80.0,83.0,84.0,85.0,85.0,84.0,89.0,90.0,91.0,87.0,81.0,76.0,74.0,74.0,73.33333333333333,74.33333333333333,76.33333333333333,79.33333333333333,81.0,84.0,85.66666666666667,85.66666666666667,78.0,80.0,83.66666666666667,88.66666666666667,91.66666666666667,92.0,93.0,93.66666666666667,90.66666666666667,85.33333333333333,81.0,79.0,75.0,67.0,62.333333333333336,61.333333333333336,64.0,68.0,71.33333333333333,76.33333333333333,83.66666666666667,90.66666666666667,88.66666666666667,81.66666666666667,66.66666666666667,62.666666666666664,58.666666666666664,56.666666666666664,56.666666666666664,56.666666666666664,91.0,92.0,95.33333333333333,100.33333333333333,103.0,100.33333333333333,93.0,86.66666666666667,78.0,77.0,77.33333333333333,80.33333333333333,85.33333333333333,90.0,91.0,92.0,93.33333333333333,90.33333333333333,91.33333333333333,96.0,104.33333333333333,108.0,107.0,103.66666666666667,100.66666666666667,98.66666666666667,97.66666666666667,98.0,101.0,101.0,98.0,95.0,83.66666666666667,84.66666666666667,86.66666666666667,87.66666666666667,88.66666666666667,87.66666666666667,87.0,86.0,88.0,87.66666666666667,84.66666666666667,83.66666666666667,82.66666666666667,84.0,86.0,87.0,85.0,84.0,83.0,82.0,82.0,83.0,84.0,85.33333333333333,88.0,91.66666666666667,94.33333333333333,98.0,105.0,114.33333333333333,118.66666666666667,117.33333333333333,117.33333333333333,117.66666666666667,117.66666666666667,117.33333333333333,117.33333333333333,117.0,117.0,117.0,115.33333333333333,107.66666666666667,100.33333333333333,98.0,102.0,108.33333333333333,112.33333333333333,113.33333333333333,113.0,109.0,102.0,93.66666666666667,86.66666666666667,82.66666666666667,82.66666666666667,84.66666666666667,82.66666666666667,80.66666666666667,78.66666666666667,79.66666666666667,81.66666666666667,82.0,78.0,75.0,75.0,77.0,80.33333333333333,83.0,84.33333333333333,84.0,82.33333333333333,81.0,84.33333333333333,87.0,90.33333333333333,87.0,81.33333333333333,75.0,72.33333333333333,71.33333333333333,72.33333333333333,74.33333333333333,76.33333333333333,80.33333333333333,82.0,84.0,85.66666666666667,85.66666666666667,76.66666666666667,79.0,84.0,90.0,93.0,94.0,94.0,94.66666666666667,89.33333333333333,84.0,79.0,78.0,75.33333333333333,67.33333333333333,63.333333333333336,62.333333333333336,65.0,66.0,67.33333333333333,72.33333333333333,82.33333333333333,90.33333333333333,87.66666666666667,79.66666666666667,68.66666666666667,65.66666666666667,60.666666666666664,57.666666666666664,56.666666666666664,56.666666666666664,91.33333333333333,93.33333333333333,95.33333333333333,97.33333333333333,98.33333333333333,97.0,95.0,93.33333333333333,87.0,85.0,85.0,85.33333333333333,88.33333333333333,91.33333333333333,93.33333333333333,93.33333333333333,94.0,93.0,91.0,91.66666666666667,95.0,99.66666666666667,105.66666666666667,108.0,102.0,99.0,97.0,96.66666666666667,98.66666666666667,98.66666666666667,96.66666666666667,93.66666666666667,88.0,85.0,82.0,86.0,92.0,95.0,93.66666666666667,89.66666666666667,90.66666666666667,86.0,82.0,83.0,82.0,80.33333333333333,82.33333333333333,87.33333333333333,84.0,82.0,79.0,79.0,81.66666666666667,84.66666666666667,86.66666666666667,87.0,85.0,85.33333333333333,87.66666666666667,92.0,100.0,107.33333333333333,114.0,116.33333333333333,112.66666666666667,112.33333333333333,112.33333333333333,112.33333333333333,113.33333333333333,115.0,116.0,116.0,115.0,114.33333333333333,113.33333333333333,110.66666666666667,109.66666666666667,110.33333333333333,113.33333333333333,115.0,105.66666666666667,101.33333333333333,99.33333333333333,96.0,88.0,78.66666666666667,77.66666666666667,81.0,85.0,84.66666666666667,82.66666666666667,81.0,79.0,78.33333333333333,78.33333333333333,78.33333333333333,76.33333333333333,77.33333333333333,80.0,82.33333333333333,86.0,85.33333333333333,84.0,81.33333333333333,83.0,82.33333333333333,82.0,80.33333333333333,78.0,73.33333333333333,70.0,67.0,71.0,75.0,79.33333333333333,82.33333333333333,82.0,80.0,78.66666666666667,77.66666666666667,77.66666666666667,82.0,86.0,88.33333333333333,89.0,88.0,88.66666666666667,89.66666666666667,84.33333333333333,80.33333333333333,75.33333333333333,71.33333333333333,71.0,70.0,69.0,68.0,68.0,68.0,68.0,72.0,76.0,80.0,80.33333333333333,80.33333333333333,71.66666666666667,69.66666666666667,66.66666666666667,62.666666666666664,60.666666666666664,58.666666666666664,93.0,94.0,95.0,96.0,97.0,96.0,94.33333333333333,93.33333333333333,88.0,87.0,86.0,87.0,88.33333333333333,90.33333333333333,91.33333333333333,92.33333333333333,93.0,92.0,90.66666666666667,91.66666666666667,94.66666666666667,99.66666666666667,104.0,107.0,100.0,98.0,95.66666666666667,96.66666666666667,98.66666666666667,98.66666666666667,97.66666666666667,94.66666666666667,90.0,86.0,83.0,86.0,92.0,95.0,93.66666666666667,90.66666666666667,93.0,87.0,84.0,84.0,83.33333333333333,80.33333333333333,82.33333333333333,86.33333333333333,82.0,80.0,79.0,80.0,81.66666666666667,84.66666666666667,85.66666666666667,84.66666666666667,86.0,86.0,88.0,92.66666666666667,99.0,106.33333333333333,113.33333333333333,116.33333333333333,113.33333333333333,112.33333333333333,111.66666666666667,112.66666666666667,114.33333333333333,115.33333333333333,115.0,115.0,121.0,121.0,118.33333333333333,116.33333333333333,113.66666666666667,112.66666666666667,112.33333333333333,112.33333333333333,106.0,102.0,98.33333333333333,95.33333333333333,88.0,79.66666666666667,78.66666666666667,82.0,85.0,84.0,83.0,81.0,79.33333333333333,78.33333333333333,79.0,79.0,78.0,79.0,81.0,83.0,85.0,85.0,84.0,82.0,82.0,81.0,79.0,78.0,76.0,72.0,69.0,66.0,70.0,75.0,79.33333333333333,82.33333333333333,82.0,80.0,78.66666666666667,77.66666666666667,76.0,79.0,84.0,86.0,86.0,85.0,85.33333333333333,85.33333333333333,83.0,79.0,75.0,72.0,71.0,71.0,70.0,69.0,71.0,71.0,71.0,72.0,76.0,77.0,77.0,77.0,72.66666666666667,70.66666666666667,67.66666666666667,64.66666666666667,61.666666666666664,60.666666666666664,95.0,95.0,95.0,95.0,95.0,94.0,93.33333333333333,93.33333333333333,91.0,90.0,89.0,89.0,87.33333333333333,88.33333333333333,88.33333333333333,89.33333333333333,92.0,91.0,89.66666666666667,90.66666666666667,92.66666666666667,97.66666666666667,102.0,105.0,98.0,97.0,95.66666666666667,96.66666666666667,98.66666666666667,98.66666666666667,98.66666666666667,96.66666666666667,92.0,88.0,85.0,87.0,93.0,96.0,94.66666666666667,91.66666666666667,94.0,89.0,85.0,85.0,83.33333333333333,80.33333333333333,80.33333333333333,84.33333333333333,78.0,78.0,78.0,80.0,82.66666666666667,84.66666666666667,83.66666666666667,82.66666666666667,86.0,86.0,89.0,93.66666666666667,99.0,105.33333333333333,112.33333333333333,115.33333333333333,113.33333333333333,112.33333333333333,111.66666666666667,112.66666666666667,114.33333333333333,114.33333333333333,113.0,111.0,122.0,122.0,121.33333333333333,119.33333333333333,116.66666666666667,113.66666666666667,111.33333333333333,108.33333333333333,105.0,100.0,96.33333333333333,95.33333333333333,89.0,81.66666666666667,80.66666666666667,83.0,86.0,85.0,83.0,81.0,79.33333333333333,78.33333333333333,80.0,80.0,79.0,80.0,82.0,84.0,84.0,84.0,83.0,82.0,82.0,79.0,76.0,74.0,73.0,71.0,68.0,65.0,70.0,75.0,79.33333333333333,82.33333333333333,82.0,80.0,77.66666666666667,77.66666666666667,74.0,77.0,81.0,82.0,81.0,79.0,78.33333333333333,78.33333333333333,79.0,76.0,73.0,72.0,72.0,73.0,73.0,72.0,75.0,74.0,73.0,73.0,75.0,75.0,74.0,73.0,73.66666666666667,72.66666666666667,68.66666666666667,65.66666666666667,63.666666666666664,62.666666666666664,97.0,96.0,95.0,94.0,93.0,93.0,92.33333333333333,93.33333333333333,94.0,94.0,93.0,91.0,87.33333333333333,85.33333333333333,85.33333333333333,86.33333333333333,88.0,87.0,86.66666666666667,87.66666666666667,89.66666666666667,93.66666666666667,97.0,100.0,95.0,95.0,94.66666666666667,95.66666666666667,97.66666666666667,98.66666666666667,98.66666666666667,98.66666666666667,95.0,91.0,87.0,88.0,94.0,97.0,95.66666666666667,92.66666666666667,93.0,88.0,85.0,84.0,82.33333333333333,77.33333333333333,77.33333333333333,80.33333333333333,75.0,76.0,77.0,81.0,83.66666666666667,84.66666666666667,82.66666666666667,80.66666666666667,84.0,86.0,89.0,91.66666666666667,96.0,101.33333333333333,109.33333333333333,113.33333333333333,112.33333333333333,110.33333333333333,109.66666666666667,110.66666666666667,112.33333333333333,111.33333333333333,108.0,104.0,111.0,112.0,113.33333333333333,115.33333333333333,115.66666666666667,113.66666666666667,109.33333333333333,105.33333333333333,103.0,98.0,94.33333333333333,94.33333333333333,90.0,83.66666666666667,82.66666666666667,84.0,87.0,85.0,83.0,80.0,79.33333333333333,79.33333333333333,80.0,81.0,81.0,83.0,84.0,84.0,83.0,82.0,82.0,82.0,83.0,79.0,75.0,73.0,73.0,72.0,69.0,66.0,70.0,74.0,79.33333333333333,81.33333333333333,81.0,79.0,77.66666666666667,76.66666666666667,74.0,77.0,80.0,80.0,78.0,75.0,73.33333333333333,73.33333333333333,74.0,72.0,71.0,71.0,73.0,75.0,75.0,74.0,76.0,75.0,73.0,73.0,75.0,75.0,73.0,72.0,75.66666666666667,73.66666666666667,70.66666666666667,67.66666666666667,65.66666666666667,64.66666666666667,96.0,96.0,94.0,93.0,93.0,93.0,92.33333333333333,92.33333333333333,96.0,97.0,96.0,93.0,87.33333333333333,83.33333333333333,83.33333333333333,83.33333333333333,84.0,84.0,83.66666666666667,84.66666666666667,86.66666666666667,89.66666666666667,93.0,95.0,93.0,94.0,95.66666666666667,95.66666666666667,96.66666666666667,97.66666666666667,98.66666666666667,99.66666666666667,99.0,93.0,89.0,89.0,94.0,97.0,96.66666666666667,93.66666666666667,91.0,86.0,83.0,82.0,79.33333333333333,75.33333333333333,74.33333333333333,76.33333333333333,74.0,74.0,77.0,81.0,83.66666666666667,84.66666666666667,82.66666666666667,79.66666666666667,81.0,84.0,87.0,89.66666666666667,92.0,97.33333333333333,104.33333333333333,109.33333333333333,110.33333333333333,108.33333333333333,106.66666666666667,107.66666666666667,110.33333333333333,108.33333333333333,102.0,96.0,94.0,96.0,100.33333333333333,106.33333333333333,110.66666666666667,111.66666666666667,108.33333333333333,104.33333333333333,102.0,96.0,92.33333333333333,93.33333333333333,91.0,85.66666666666667,84.66666666666667,86.0,88.0,86.0,83.0,80.0,79.33333333333333,79.33333333333333,81.0,82.0,83.0,85.0,86.0,85.0,82.0,80.0,81.0,82.0,85.0,81.0,75.0,74.0,76.0,75.0,72.0,68.0,69.0,74.0,78.33333333333333,81.33333333333333,81.0,79.0,76.66666666666667,76.66666666666667,75.0,77.0,80.0,80.0,77.0,73.0,71.33333333333333,71.33333333333333,70.0,69.0,69.0,71.0,74.0,76.0,77.0,76.0,75.0,74.0,73.0,73.0,75.0,75.0,74.0,73.0,75.66666666666667,74.66666666666667,71.66666666666667,68.66666666666667,66.66666666666667,65.66666666666667,94.0,94.0,94.0,94.0,93.0,93.0,92.33333333333333,92.33333333333333,96.0,98.0,99.0,95.0,87.33333333333333,82.33333333333333,81.33333333333333,82.33333333333333,82.0,82.0,81.66666666666667,82.66666666666667,84.66666666666667,87.66666666666667,90.0,92.0,93.0,95.0,95.66666666666667,96.66666666666667,95.66666666666667,95.66666666666667,97.66666666666667,99.66666666666667,102.0,96.0,90.0,91.0,95.0,98.0,97.66666666666667,94.66666666666667,88.0,83.0,81.0,81.0,78.33333333333333,73.33333333333333,72.33333333333333,75.33333333333333,74.0,74.0,77.0,81.0,83.66666666666667,84.66666666666667,82.66666666666667,80.66666666666667,80.0,83.0,87.0,88.66666666666667,89.0,93.33333333333333,101.33333333333333,107.33333333333333,109.33333333333333,106.33333333333333,104.66666666666667,106.66666666666667,108.33333333333333,105.33333333333333,97.0,89.0,82.0,84.0,89.33333333333333,98.33333333333333,106.66666666666667,110.66666666666667,108.33333333333333,103.33333333333333,100.0,94.0,90.33333333333333,92.33333333333333,92.0,87.66666666666667,86.66666666666667,87.0,89.0,87.0,84.0,80.0,78.33333333333333,79.33333333333333,81.0,83.0,85.0,87.0,88.0,86.0,81.0,79.0,80.0,82.0,86.0,81.0,76.0,76.0,79.0,78.0,74.0,68.0,69.0,73.0,78.33333333333333,81.33333333333333,80.0,78.0,76.66666666666667,76.66666666666667,76.0,78.0,81.0,80.0,77.0,73.0,71.33333333333333,70.33333333333333,68.0,67.0,68.0,71.0,74.0,77.0,78.0,77.0,74.0,73.0,72.0,73.0,75.0,76.0,75.0,74.0,75.66666666666667,74.66666666666667,71.66666666666667,68.66666666666667,67.66666666666667,66.66666666666667
