Occupied,143.66666666666666,141.66666666666666,138.66666666666666,136.66666666666666,135.66666666666666,133.66666666666666,131.33333333333334,129.33333333333334,125.66666666666667,115.66666666666667,103.66666666666667,93.66666666666667,84.0,78.0,80.0,87.0,96.66666666666667,107.33333333333333,122.33333333333333,134.33333333333334,140.33333333333334,139.33333333333334,137.33333333333334,134.66666666666666,137.66666666666666,138.66666666666666,139.66666666666666,139.66666666666666,139.0,137.0,134.33333333333334,132.33333333333334,132.0,131.0,129.0,127.0,124.0,122.0,120.0,119.0,119.0,118.0,117.0,116.0,116.0,118.0,121.0,122.0,117.0,99.33333333333333,74.33333333333333,55.333333333333336,48.0,49.0,53.0,56.0,58.0,58.0,58.0,57.0,55.0,53.0,51.0,50.0,50.333333333333336,50.333333333333336,50.333333333333336,50.333333333333336,50.333333333333336,52.333333333333336,53.333333333333336,53.333333333333336,53.333333333333336,49.333333333333336,46.333333333333336,45.333333333333336,43.333333333333336,45.333333333333336,54.333333333333336,65.33333333333333,79.33333333333333,83.33333333333333,88.33333333333333,91.33333333333333,92.0,89.0,85.33333333333333,83.33333333333333,83.66666666666667,89.66666666666667,97.33333333333333,102.33333333333333,104.66666666666667,106.66666666666667,110.66666666666667,114.66666666666667,116.0,112.0,112.0,119.0,124.0,128.0,132.0,136.0,141.0,144.0,148.0,152.0,156.0,159.0,161.0,161.0,159.66666666666666,159.66666666666666,161.66666666666666,164.66666666666666,168.66666666666666,171.66666666666666,175.66666666666666,177.66666666666666,183.66666666666666,180.66666666666666,176.66666666666666,174.66666666666666,172.66666666666666,169.66666666666666,166.66666666666666,163.66666666666666,162.0,162.0,161.0,159.0,156.0,151.0,148.0,146.0,144.0,139.0,134.0,133.0,133.0,131.0,124.0,118.66666666666667,111.66666666666667,107.33333333333333,101.33333333333333,96.33333333333333,95.33333333333333,95.33333333333333,147.66666666666666,144.66666666666666,141.66666666666666,138.66666666666666,136.66666666666666,133.66666666666666,131.33333333333334,128.33333333333334,124.66666666666667,114.66666666666667,102.66666666666667,92.66666666666667,83.0,77.0,80.0,86.0,96.66666666666667,106.33333333333333,121.33333333333333,132.33333333333334,138.33333333333334,137.33333333333334,135.33333333333334,132.66666666666666,132.66666666666666,133.66666666666666,135.66666666666666,136.66666666666666,138.0,137.0,135.33333333333334,133.33333333333334,132.0,131.0,128.0,125.0,122.0,119.0,117.0,115.0,115.0,113.0,111.0,109.0,110.0,112.0,115.0,117.0,112.0,94.33333333333333,71.33333333333333,54.333333333333336,48.0,50.0,55.0,58.0,58.0,58.0,58.0,57.0,55.0,53.0,51.0,50.0,50.333333333333336,50.333333333333336,50.333333333333336,50.333333333333336,50.333333333333336,51.333333333333336,52.333333333333336,53.333333333333336,51.333333333333336,47.333333333333336,44.333333333333336,43.333333333333336,42.333333333333336,43.333333333333336,53.333333333333336,64.33333333333333,77.33333333333333,82.33333333333333,89.33333333333333,93.33333333333333,94.0,90.0,85.33333333333333,82.33333333333333,83.66666666666667,89.66666666666667,96.33333333333333,101.33333333333333,101.66666666666667,103.66666666666667,106.66666666666667,109.66666666666667,109.0,105.0,104.0,109.0,114.0,116.0,119.0,123.0,127.0,129.0,133.0,137.0,140.0,142.0,144.0,144.0,146.66666666666666,147.66666666666666,149.66666666666666,153.66666666666666,157.66666666666666,162.66666666666666,166.66666666666666,168.66666666666666,171.66666666666666,171.66666666666666,170.66666666666666,169.66666666666666,168.66666666666666,167.66666666666666,166.66666666666666,166.66666666666666,170.0,170.0,170.0,169.0,167.0,164.0,162.0,160.0,159.0,156.0,153.0,153.0,153.0,149.0,141.0,134.66666666666666,125.66666666666667,122.33333333333333,116.33333333333333,113.33333333333333,112.33333333333333,113.33333333333333,151.66666666666666,149.66666666666666,145.66666666666666,141.66666666666666,138.66666666666666,134.66666666666666,130.33333333333334,126.33333333333333,121.66666666666667,112.66666666666667,100.66666666666667,91.66666666666667,83.0,77.0,80.0,86.0,96.66666666666667,105.33333333333333,119.33333333333333,130.33333333333334,135.33333333333334,134.33333333333334,131.33333333333334,129.66666666666666,125.66666666666667,127.66666666666667,129.66666666666666,131.66666666666666,134.0,134.0,133.33333333333334,133.33333333333334,130.0,128.0,126.0,123.0,119.0,116.0,113.0,112.0,111.0,108.0,105.0,103.0,103.0,106.0,110.0,112.0,106.0,89.33333333333333,68.33333333333333,52.333333333333336,48.0,51.0,57.0,60.0,59.0,59.0,58.0,57.0,55.0,53.0,52.0,50.0,51.333333333333336,50.333333333333336,50.333333333333336,50.333333333333336,50.333333333333336,51.333333333333336,52.333333333333336,52.333333333333336,49.333333333333336,46.333333333333336,43.333333333333336,42.333333333333336,41.333333333333336,42.333333333333336,52.333333333333336,63.333333333333336,75.33333333333333,83.33333333333333,93.33333333333333,99.33333333333333,99.0,94.0,87.33333333333333,84.33333333333333,85.66666666666667,90.66666666666667,97.66666666666667,100.33333333333333,98.66666666666667,98.66666666666667,101.66666666666667,103.66666666666667,101.0,96.0,95.0,99.0,102.0,102.0,104.0,107.0,109.0,111.0,113.0,116.0,118.0,120.0,121.0,121.0,127.66666666666667,128.66666666666666,131.66666666666666,135.66666666666666,140.66666666666666,144.66666666666666,149.66666666666666,151.66666666666666,150.66666666666666,153.66666666666666,157.66666666666666,158.66666666666666,157.66666666666666,158.66666666666666,161.66666666666666,164.66666666666666,172.0,173.0,174.0,174.0,175.0,175.0,174.0,174.0,172.0,171.0,172.0,174.0,174.0,171.0,163.0,156.66666666666666,153.66666666666666,150.33333333333334,146.33333333333334,144.33333333333334,145.33333333333334,146.33333333333334,155.66666666666666,152.66666666666666,148.66666666666666,144.66666666666666,140.66666666666666,135.66666666666666,130.33333333333334,126.33333333333333,118.66666666666667,109.66666666666667,99.66666666666667,90.66666666666667,83.0,77.0,80.0,86.0,96.66666666666667,105.33333333333333,118.33333333333333,127.33333333333333,131.33333333333334,130.33333333333334,127.33333333333333,124.66666666666667,120.66666666666667,121.66666666666667,123.66666666666667,124.66666666666667,127.0,128.0,128.33333333333334,127.33333333333333,125.0,124.0,122.0,120.0,117.0,115.0,113.0,112.0,112.0,109.0,105.0,103.0,103.0,106.0,109.0,112.0,103.0,87.33333333333333,66.33333333333333,51.333333333333336,47.0,50.0,56.0,59.0,59.0,59.0,58.0,57.0,56.0,54.0,52.0,51.0,51.333333333333336,50.333333333333336,50.333333333333336,49.333333333333336,49.333333333333336,50.333333333333336,51.333333333333336,51.333333333333336,49.333333333333336,46.333333333333336,43.333333333333336,42.333333333333336,41.333333333333336,43.333333333333336,53.333333333333336,64.33333333333333,78.33333333333333,88.33333333333333,101.33333333333333,109.33333333333333,108.0,101.0,93.33333333333333,89.33333333333333,90.33333333333333,94.66666666666667,99.66666666666667,101.66666666666667,99.33333333333333,97.66666666666667,98.66666666666667,100.66666666666667,99.33333333333333,94.0,92.0,95.0,97.0,95.0,95.0,97.0,97.0,98.0,99.0,101.0,102.0,103.0,104.0,104.0,110.33333333333333,110.66666666666667,112.66666666666667,115.66666666666667,119.66666666666667,123.66666666666667,126.66666666666667,128.66666666666666,127.66666666666667,132.66666666666666,138.66666666666666,139.66666666666666,138.66666666666666,139.66666666666666,145.66666666666666,151.66666666666666,158.0,159.0,161.0,164.0,166.0,168.0,169.0,170.0,170.0,171.0,173.0,177.0,181.0,181.0,178.0,175.66666666666666,174.66666666666666,173.33333333333334,171.33333333333334,171.33333333333334,173.33333333333334,174.33333333333334,153.0,151.0,148.0,145.0,142.0,136.0,130.33333333333334,126.33333333333333,115.66666666666667,107.66666666666667,98.66666666666667,90.66666666666667,83.33333333333333,78.33333333333333,80.33333333333333,87.33333333333333,97.66666666666667,105.33333333333333,117.33333333333333,125.33333333333333,128.33333333333334,126.33333333333333,123.33333333333333,121.66666666666667,117.66666666666667,117.66666666666667,118.66666666666667,118.66666666666667,120.0,120.0,120.33333333333333,120.33333333333333,119.0,119.0,118.0,118.0,117.0,116.0,115.0,115.0,116.0,114.0,110.0,108.0,108.0,110.0,113.0,115.0,103.0,87.33333333333333,66.33333333333333,51.333333333333336,47.0,49.0,54.0,56.0,60.0,59.0,59.0,58.0,56.0,54.0,52.0,51.0,51.333333333333336,50.333333333333336,50.333333333333336,49.333333333333336,49.333333333333336,49.333333333333336,50.333333333333336,50.333333333333336,51.333333333333336,47.333333333333336,45.333333333333336,45.333333333333336,44.333333333333336,46.333333333333336,56.333333333333336,67.33333333333333,82.33333333333333,95.33333333333333,110.33333333333333,118.33333333333333,116.0,107.0,99.0,94.33333333333333,94.33333333333333,99.33333333333333,104.33333333333333,104.66666666666667,101.33333333333333,100.33333333333333,100.33333333333333,101.66666666666667,104.33333333333333,98.33333333333333,96.33333333333333,99.33333333333333,99.33333333333333,97.33333333333333,95.33333333333333,97.33333333333333,96.33333333333333,96.33333333333333,96.33333333333333,96.33333333333333,97.33333333333333,98.33333333333333,99.33333333333333,99.0,101.33333333333333,101.33333333333333,101.33333333333333,102.33333333333333,104.33333333333333,106.33333333333333,108.33333333333333,109.33333333333333,109.33333333333333,115.33333333333333,120.33333333333333,120.33333333333333,118.33333333333333,119.33333333333333,124.33333333333333,129.33333333333334,133.66666666666666,134.66666666666666,136.66666666666666,139.66666666666666,142.66666666666666,145.66666666666666,148.66666666666666,149.66666666666666,155.66666666666666,156.66666666666666,159.66666666666666,165.66666666666666,171.66666666666666,177.66666666666666,180.66666666666666,181.66666666666666,178.66666666666666,178.33333333333334,178.33333333333334,179.33333333333334,182.33333333333334,184.33333333333334,144.0,143.0,141.0,140.0,138.0,134.0,129.33333333333334,124.33333333333333,113.66666666666667,105.66666666666667,97.66666666666667,91.66666666666667,84.33333333333333,79.33333333333333,82.33333333333333,88.33333333333333,98.66666666666667,106.33333333333333,117.33333333333333,123.33333333333333,126.33333333333333,123.33333333333333,121.33333333333333,118.66666666666667,116.66666666666667,116.66666666666667,115.66666666666667,115.66666666666667,116.0,115.0,115.33333333333333,115.33333333333333,117.0,117.0,117.0,117.0,117.0,118.0,118.0,118.0,119.0,117.0,115.0,114.0,113.0,114.0,116.0,117.0,103.0,87.33333333333333,67.33333333333333,51.333333333333336,47.0,49.0,53.0,55.0,60.0,60.0,59.0,58.0,57.0,55.0,53.0,52.0,51.333333333333336,50.333333333333336,50.333333333333336,49.333333333333336,48.333333333333336,49.333333333333336,49.333333333333336,49.333333333333336,52.333333333333336,49.333333333333336,47.333333333333336,46.333333333333336,46.333333333333336,48.333333333333336,58.333333333333336,69.33333333333333,86.33333333333333,99.33333333333333,115.33333333333333,123.33333333333333,119.0,109.0,101.0,97.0,97.33333333333333,101.33333333333333,106.33333333333333,108.33333333333333,105.0,103.33333333333333,104.33333333333333,105.33333333333333,110.0,104.33333333333333,103.0,105.33333333333333,106.0,102.33333333333333,101.0,101.33333333333333,101.0,99.33333333333333,100.0,99.33333333333333,100.0,100.33333333333333,102.0,102.33333333333333,99.33333333333333,98.33333333333333,97.33333333333333,97.33333333333333,97.33333333333333,97.33333333333333,98.33333333333333,98.33333333333333,100.33333333333333,103.33333333333333,106.33333333333333,106.33333333333333,104.33333333333333,104.33333333333333,106.33333333333333,109.33333333333333,110.66666666666667,111.66666666666667,112.66666666666667,114.66666666666667,117.66666666666667,120.66666666666667,123.66666666666667,125.66666666666667,134.66666666666666,136.66666666666666,139.66666666666666,145.66666666666666,152.66666666666666,159.66666666666666,166.66666666666666,170.66666666666666,170.33333333333334,170.33333333333334,170.33333333333334,173.33333333333334,176.33333333333334,178.33333333333334,132.0,131.0,132.0,132.0,132.0,130.0,125.33333333333333,121.33333333333333,112.66666666666667,105.66666666666667,97.66666666666667,91.66666666666667,86.33333333333333,81.33333333333333,83.33333333333333,89.33333333333333,100.66666666666667,107.33333333333333,117.33333333333333,123.33333333333333,125.33333333333333,122.33333333333333,119.33333333333333,116.66666666666667,116.66666666666667,115.66666666666667,114.66666666666667,114.66666666666667,115.0,115.0,115.33333333333333,115.33333333333333,118.0,118.0,118.0,118.0,118.0,118.0,118.0,118.0,118.0,117.0,117.0,116.0,115.0,115.0,115.0,115.0,102.0,86.33333333333333,67.33333333333333,52.333333333333336,48.0,50.0,54.0,56.0,60.0,60.0,60.0,59.0,57.0,55.0,53.0,52.0,51.333333333333336,50.333333333333336,49.333333333333336,49.333333333333336,48.333333333333336,48.333333333333336,48.333333333333336,49.333333333333336,53.333333333333336,49.333333333333336,47.333333333333336,47.333333333333336,46.333333333333336,49.333333333333336,59.333333333333336,70.33333333333333,86.0,100.0,116.0,123.0,117.0,107.0,98.0,95.0,98.0,103.0,108.0,109.33333333333333,107.0,106.0,108.0,110.0,112.33333333333333,107.0,106.33333333333333,110.0,110.33333333333333,107.0,105.33333333333333,106.0,104.33333333333333,104.0,103.33333333333333,103.0,103.33333333333333,104.0,106.33333333333333,107.0,101.33333333333333,100.33333333333333,99.33333333333333,98.33333333333333,97.33333333333333,97.33333333333333,97.33333333333333,97.33333333333333,100.33333333333333,100.33333333333333,100.33333333333333,100.33333333333333,99.33333333333333,99.33333333333333,99.33333333333333,99.33333333333333,99.33333333333333,99.33333333333333,100.33333333333333,101.33333333333333,103.33333333333333,105.33333333333333,108.33333333333333,109.33333333333333,113.33333333333333,116.33333333333333,120.33333333333333,125.33333333333333,130.33333333333334,135.33333333333334,140.33333333333334,142.33333333333334,147.0,147.0,149.0,152.0,155.0,156.0,123.0,123.0,124.0,127.0,128.0,126.0,122.33333333333333,119.33333333333333,111.66666666666667,105.66666666666667,98.66666666666667,92.66666666666667,87.33333333333333,82.33333333333333,84.33333333333333,90.33333333333333,101.66666666666667,108.33333333333333,117.33333333333333,123.33333333333333,124.33333333333333,121.33333333333333,118.33333333333333,115.66666666666667,115.66666666666667,115.66666666666667,114.66666666666667,114.66666666666667,116.0,117.0,117.33333333333333,118.33333333333333,121.0,121.0,120.0,119.0,119.0,118.0,118.0,118.0,115.0,115.0,116.0,116.0,115.0,114.0,113.0,112.0,100.0,85.33333333333333,66.33333333333333,52.333333333333336,49.0,51.0,56.0,58.0,60.0,60.0,60.0,59.0,57.0,55.0,53.0,52.0,51.333333333333336,51.333333333333336,49.333333333333336,48.333333333333336,48.333333333333336,48.333333333333336,48.333333333333336,48.333333333333336,52.333333333333336,49.333333333333336,47.333333333333336,47.333333333333336,46.333333333333336,49.333333333333336,59.333333333333336,70.33333333333333,85.0,99.0,115.0,121.0,114.0,103.0,95.0,92.0,98.0,103.0,108.0,110.0,108.33333333333333,107.0,109.33333333333333,111.0,111.33333333333333,107.33333333333333,107.33333333333333,110.33333333333333,112.33333333333333,109.33333333333333,107.33333333333333,108.33333333333333,106.33333333333333,105.33333333333333,104.33333333333333,104.33333333333333,105.33333333333333,106.33333333333333,108.33333333333333,109.33333333333333,105.0,103.33333333333333,103.0,101.33333333333333,101.0,100.33333333333333,101.0,100.33333333333333,103.0,100.33333333333333,100.0,99.33333333333333,100.0,99.33333333333333,98.0,96.33333333333333,99.0,97.33333333333333,98.0,97.33333333333333,99.0,100.33333333333333,104.0,104.33333333333333,101.0,103.33333333333333,109.0,112.33333333333333,116.0,116.33333333333333,119.0,120.0,121.0,121.0,123.0,127.0,130.0,131.0,112.33333333333333,113.33333333333333,115.33333333333333,117.33333333333333,119.33333333333333,120.33333333333333,122.0,122.0,114.0,108.0,100.0,92.0,84.66666666666667,79.66666666666667,84.66666666666667,92.66666666666667,99.66666666666667,111.33333333333333,123.33333333333333,124.33333333333333,122.33333333333333,120.33333333333333,120.33333333333333,117.66666666666667,116.66666666666667,115.66666666666667,115.66666666666667,117.66666666666667,121.0,123.0,123.33333333333333,122.33333333333333,124.0,123.0,120.0,118.0,117.0,116.0,117.0,117.0,117.0,118.0,115.0,111.0,111.0,114.0,113.0,109.0,101.0,80.33333333333333,59.333333333333336,49.333333333333336,50.0,51.0,54.0,57.0,58.0,58.0,58.0,58.0,56.0,53.0,51.0,49.0,50.333333333333336,50.333333333333336,50.333333333333336,49.333333333333336,48.333333333333336,47.333333333333336,45.333333333333336,44.333333333333336,50.333333333333336,47.333333333333336,46.333333333333336,47.333333333333336,47.333333333333336,49.333333333333336,59.333333333333336,70.33333333333333,86.0,99.0,113.0,118.0,110.0,100.0,95.0,93.0,98.0,102.0,107.0,108.0,106.66666666666667,105.33333333333333,107.66666666666667,110.33333333333333,111.0,110.0,109.0,108.0,106.0,105.0,104.0,103.0,102.0,102.0,103.0,104.0,106.0,107.0,107.0,107.33333333333333,108.33333333333333,108.0,108.33333333333333,108.0,108.33333333333333,108.0,108.33333333333333,108.0,107.33333333333333,106.0,104.33333333333333,102.0,101.33333333333333,101.0,101.33333333333333,102.0,99.33333333333333,99.0,99.33333333333333,99.0,98.33333333333333,97.0,95.33333333333333,95.0,102.33333333333333,102.0,103.33333333333333,104.0,104.33333333333333,104.0,103.33333333333333,103.0,106.0,106.0,107.0,108.0,109.0,110.0,111.33333333333333,112.33333333333333,114.33333333333333,116.33333333333333,118.33333333333333,119.33333333333333,121.0,121.0,113.0,106.0,99.0,91.0,83.66666666666667,78.66666666666667,82.66666666666667,91.66666666666667,99.66666666666667,112.33333333333333,123.33333333333333,123.33333333333333,121.33333333333333,120.33333333333333,119.33333333333333,117.66666666666667,118.66666666666667,117.66666666666667,116.66666666666667,116.66666666666667,120.0,121.0,120.33333333333333,118.33333333333333,121.0,120.0,119.0,118.0,118.0,119.0,120.0,120.0,119.0,120.0,119.0,115.0,116.0,118.0,116.0,110.0,100.0,79.33333333333333,58.333333333333336,48.333333333333336,49.0,50.0,52.0,55.0,57.0,57.0,57.0,57.0,55.0,52.0,50.0,49.0,49.333333333333336,49.333333333333336,49.333333333333336,49.333333333333336,48.333333333333336,47.333333333333336,46.333333333333336,46.333333333333336,51.333333333333336,48.333333333333336,47.333333333333336,48.333333333333336,48.333333333333336,51.333333333333336,62.333333333333336,73.33333333333333,87.0,99.0,113.0,117.0,112.0,103.0,96.0,94.0,99.0,104.0,108.0,109.0,106.66666666666667,105.66666666666667,106.66666666666667,109.66666666666667,110.0,110.0,109.0,108.0,107.0,105.0,105.0,104.0,104.0,104.0,105.0,106.0,107.0,108.0,108.0,109.0,109.0,108.33333333333333,108.33333333333333,108.33333333333333,108.33333333333333,108.33333333333333,108.33333333333333,108.33333333333333,107.33333333333333,106.33333333333333,104.33333333333333,103.33333333333333,102.33333333333333,102.33333333333333,102.33333333333333,103.33333333333333,104.33333333333333,104.33333333333333,104.33333333333333,103.33333333333333,101.33333333333333,99.33333333333333,97.33333333333333,96.33333333333333,95.33333333333333,95.33333333333333,96.33333333333333,96.33333333333333,96.33333333333333,95.33333333333333,95.33333333333333,94.33333333333333,96.0,96.0,97.0,98.0,99.0,100.0,111.33333333333333,111.33333333333333,113.33333333333333,114.33333333333333,116.33333333333333,117.33333333333333,119.0,120.0,112.0,106.0,98.0,91.0,82.66666666666667,77.66666666666667,82.66666666666667,90.66666666666667,101.66666666666667,113.33333333333333,122.33333333333333,122.33333333333333,120.33333333333333,119.33333333333333,119.33333333333333,117.66666666666667,120.66666666666667,119.66666666666667,117.66666666666667,116.66666666666667,119.0,118.0,116.33333333333333,114.33333333333333,118.0,118.0,118.0,118.0,119.0,121.0,122.0,123.0,120.0,123.0,123.0,120.0,121.0,122.0,118.0,112.0,98.0,78.33333333333333,57.333333333333336,48.333333333333336,49.0,49.0,51.0,53.0,56.0,56.0,56.0,55.0,53.0,51.0,49.0,48.0,48.333333333333336,48.333333333333336,48.333333333333336,48.333333333333336,48.333333333333336,48.333333333333336,48.333333333333336,48.333333333333336,51.333333333333336,48.333333333333336,47.333333333333336,49.333333333333336,50.333333333333336,53.333333333333336,64.33333333333333,76.33333333333333,90.0,100.0,112.0,117.0,114.0,106.0,99.0,96.0,101.0,105.0,109.66666666666667,109.66666666666667,107.33333333333333,105.33333333333333,106.33333333333333,108.33333333333333,109.0,108.0,108.0,108.0,107.0,107.0,106.0,106.0,106.0,106.0,107.0,107.0,108.0,109.0,109.0,109.0,108.0,108.0,108.0,108.0,108.0,108.0,108.0,108.0,109.0,108.0,107.0,105.0,105.0,104.0,105.0,105.0,111.0,110.0,110.0,108.0,106.0,104.0,102.0,101.0,98.0,99.0,99.0,99.0,98.0,97.0,96.0,94.33333333333333,95.0,95.0,96.0,97.0,97.0,98.0,110.33333333333333,111.33333333333333,111.33333333333333,112.33333333333333,113.33333333333333,115.33333333333333,117.0,118.0,113.0,107.0,99.0,92.0,83.66666666666667,78.66666666666667,83.66666666666667,91.66666666666667,103.66666666666667,114.33333333333333,122.33333333333333,121.33333333333333,118.33333333333333,117.33333333333333,118.33333333333333,116.66666666666667,121.66666666666667,119.66666666666667,117.66666666666667,117.66666666666667,119.0,119.0,117.33333333333333,115.33333333333333,117.0,117.0,118.0,119.0,120.0,121.0,122.0,123.0,119.0,123.0,124.0,123.0,123.0,123.0,118.0,111.0,97.0,77.33333333333333,58.333333333333336,50.333333333333336,51.0,51.0,51.0,53.0,55.0,55.0,54.0,53.0,52.0,50.0,49.0,48.0,47.333333333333336,47.333333333333336,47.333333333333336,47.333333333333336,48.333333333333336,49.333333333333336,49.333333333333336,50.333333333333336,50.333333333333336,47.333333333333336,46.333333333333336,47.333333333333336,49.333333333333336,53.333333333333336,65.33333333333333,77.33333333333333,92.0,101.0,112.0,118.0,115.0,108.0,101.0,98.0,103.0,107.0,110.66666666666667,110.66666666666667,107.33333333333333,105.33333333333333,105.66666666666667,107.66666666666667,108.66666666666667,108.0,108.0,108.0,108.0,108.0,108.0,108.0,107.0,107.0,107.0,107.0,108.0,108.0,108.0,108.0,107.33333333333333,107.0,107.0,107.0,107.0,107.0,107.0,107.0,109.0,108.0,108.0,107.0,106.0,106.0,106.0,106.0,111.0,111.0,111.0,110.0,109.0,107.0,106.0,105.0,105.0,105.0,105.0,105.0,104.0,102.0,101.0,100.0,101.33333333333333,101.0,101.0,102.0,102.0,103.0,111.33333333333333,111.33333333333333,110.33333333333333,111.33333333333333,112.33333333333333,114.33333333333333,116.0,117.0,115.0,108.0,101.0,93.0,85.66666666666667,80.66666666666667,84.66666666666667,93.66666666666667,105.66666666666667,115.33333333333333,122.33333333333333,119.33333333333333,116.33333333333333,116.33333333333333,117.33333333333333,116.66666666666667,119.66666666666667,117.66666666666667,116.66666666666667,117.66666666666667,120.0,121.0,119.33333333333333,118.33333333333333,118.0,118.0,119.0,119.0,119.0,119.0,119.0,119.0,117.0,120.0,122.0,121.0,121.0,121.0,116.0,108.0,95.0,77.33333333333333,59.333333333333336,52.333333333333336,53.0,54.0,54.0,55.0,55.0,54.0,53.0,52.0,51.0,50.0,49.0,49.0,47.333333333333336,47.333333333333336,46.333333333333336,46.333333333333336,47.333333333333336,49.333333333333336,50.333333333333336,51.333333333333336,49.333333333333336,45.333333333333336,44.333333333333336,44.333333333333336,46.333333333333336,50.333333333333336,63.333333333333336,75.33333333333333,93.0,102.33333333333333,114.0,119.0,115.0,108.0,102.0,99.0,104.66666666666667,108.66666666666667,112.33333333333333,112.33333333333333,107.66666666666667,105.66666666666667,106.33333333333333,107.66666666666667,107.66666666666667,108.66666666666667,108.66666666666667,108.66666666666667,108.66666666666667,109.66666666666667,109.66666666666667,109.66666666666667,107.66666666666667,107.66666666666667,107.66666666666667,107.66666666666667,106.66666666666667,106.66666666666667,106.66666666666667,106.0,107.33333333333333,107.33333333333333,107.33333333333333,107.33333333333333,107.33333333333333,107.33333333333333,107.33333333333333,107.33333333333333,108.33333333333333,108.33333333333333,108.33333333333333,108.33333333333333,108.33333333333333,107.33333333333333,107.33333333333333,106.33333333333333,107.0,107.0,108.0,109.0,109.0,109.0,108.0,108.0,106.0,107.0,106.0,106.0,105.0,103.0,102.0,101.0,103.33333333333333,102.66666666666667,102.66666666666667,103.66666666666667,103.66666666666667,103.66666666666667,112.33333333333333,111.33333333333333,110.33333333333333,110.33333333333333,111.33333333333333,113.33333333333333,116.0,117.0,116.0,109.0,102.0,94.0,86.66666666666667,81.66666666666667,85.66666666666667,93.66666666666667,108.33333333333333,116.33333333333333,122.33333333333333,118.33333333333333,114.33333333333333,114.33333333333333,116.33333333333333,116.66666666666667,116.66666666666667,115.66666666666667,114.66666666666667,115.66666666666667,120.0,121.0,120.33333333333333,119.33333333333333,118.0,118.0,119.0,118.0,118.0,117.0,116.0,115.0,114.0,117.0,119.0,117.0,118.0,118.0,112.0,105.0,92.0,74.33333333333333,58.333333333333336,53.333333333333336,56.0,56.0,56.0,57.0,55.0,54.0,53.0,51.0,51.0,50.0,50.0,51.0,48.333333333333336,47.333333333333336,46.333333333333336,46.333333333333336,47.333333333333336,48.333333333333336,50.333333333333336,51.333333333333336,48.333333333333336,44.333333333333336,42.333333333333336,42.333333333333336,43.333333333333336,48.333333333333336,60.333333333333336,73.0,93.0,104.33333333333333,117.0,120.0,113.0,104.0,100.0,101.0,104.66666666666667,108.66666666666667,112.33333333333333,112.33333333333333,108.66666666666667,105.66666666666667,107.33333333333333,108.66666666666667,109.33333333333333,108.66666666666667,108.66666666666667,109.66666666666667,109.66666666666667,109.66666666666667,109.66666666666667,109.66666666666667,108.66666666666667,108.66666666666667,107.66666666666667,107.66666666666667,106.66666666666667,105.66666666666667,105.66666666666667,105.66666666666667,106.33333333333333,106.33333333333333,106.33333333333333,106.33333333333333,106.33333333333333,106.33333333333333,106.33333333333333,106.33333333333333,106.33333333333333,107.33333333333333,108.33333333333333,108.33333333333333,108.33333333333333,107.33333333333333,107.33333333333333,106.0,103.0,104.0,105.0,107.0,108.0,108.0,108.0,108.0,108.0,108.0,109.0,109.0,108.0,107.0,106.0,105.0,107.33333333333333,106.66666666666667,106.66666666666667,106.66666666666667,106.66666666666667,106.66666666666667,113.33333333333333,112.33333333333333,111.33333333333333,110.33333333333333,111.33333333333333,113.33333333333333,116.0,118.0,115.0,109.0,101.0,94.0,85.66666666666667,80.66666666666667,85.66666666666667,93.66666666666667,109.33333333333333,116.33333333333333,121.33333333333333,117.33333333333333,113.33333333333333,113.33333333333333,116.33333333333333,115.66666666666667,114.66666666666667,113.66666666666667,112.66666666666667,113.66666666666667,117.0,118.0,117.33333333333333,116.33333333333333,115.0,116.0,117.0,117.0,117.0,116.0,114.0,113.0,112.0,115.0,116.0,114.0,114.0,115.0,110.0,104.0,87.0,71.33333333333333,56.333333333333336,53.333333333333336,56.0,57.0,57.0,58.0,56.0,55.0,53.0,52.0,51.0,51.0,52.0,52.0,50.333333333333336,48.333333333333336,47.333333333333336,46.333333333333336,46.333333333333336,47.333333333333336,49.333333333333336,51.333333333333336,49.333333333333336,45.333333333333336,42.333333333333336,41.333333333333336,42.333333333333336,46.333333333333336,59.333333333333336,72.0,93.0,106.33333333333333,120.0,121.0,110.0,100.0,98.0,101.0,103.66666666666667,107.66666666666667,112.33333333333333,112.33333333333333,109.33333333333333,107.33333333333333,108.33333333333333,109.66666666666667,110.33333333333333,109.66666666666667,109.66666666666667,109.66666666666667,109.66666666666667,109.66666666666667,108.66666666666667,108.66666666666667,110.66666666666667,110.66666666666667,109.66666666666667,108.66666666666667,107.66666666666667,106.66666666666667,106.66666666666667,105.66666666666667,105.33333333333333,105.33333333333333,105.33333333333333,105.33333333333333,105.33333333333333,105.33333333333333,105.33333333333333,105.33333333333333,105.33333333333333,106.33333333333333,107.33333333333333,108.33333333333333,108.33333333333333,107.33333333333333,106.33333333333333,105.0,102.0,103.0,104.0,106.0,106.0,106.0,106.0,106.0,110.0,110.0,111.0,111.0,111.0,110.0,110.0,109.0,109.33333333333333,108.66666666666667,108.66666666666667,108.66666666666667,108.66666666666667,108.66666666666667,114.33333333333333,113.33333333333333,111.33333333333333,110.33333333333333,111.33333333333333,113.33333333333333,116.0,118.0,114.0,108.0,100.0,92.0,84.66666666666667,79.66666666666667,84.66666666666667,92.66666666666667,110.33333333333333,117.66666666666667,121.66666666666667,117.0,113.0,113.33333333333333,115.66666666666667,116.66666666666667,114.66666666666667,113.66666666666667,112.66666666666667,112.66666666666667,114.33333333333333,115.33333333333333,115.0,113.0,113.0,114.0,115.0,116.0,116.0,116.0,114.0,113.0,112.0,114.0,114.0,112.0,113.0,114.0,110.0,103.0,84.0,69.0,55.0,53.0,56.0,57.0,57.0,57.0,56.0,55.0,53.0,52.0,51.0,51.0,52.0,53.0,51.333333333333336,49.333333333333336,47.333333333333336,46.333333333333336,46.333333333333336,47.333333333333336,49.333333333333336,50.333333333333336,51.333333333333336,46.333333333333336,43.333333333333336,42.333333333333336,42.333333333333336,46.333333333333336,58.333333333333336,71.33333333333333,92.0,108.0,123.33333333333333,122.33333333333333,108.0,97.0,97.0,102.66666666666667,103.66666666666667,107.66666666666667,112.33333333333333,112.33333333333333,109.33333333333333,108.33333333333333,109.33333333333333,110.66666666666667,110.66666666666667,110.66666666666667,110.66666666666667,109.66666666666667,109.66666666666667,108.66666666666667,108.66666666666667,108.66666666666667,112.66666666666667,112.66666666666667,111.66666666666667,110.66666666666667,108.66666666666667,107.66666666666667,107.66666666666667,106.66666666666667,105.0,105.0,105.0,105.0,105.0,105.0,105.0,105.0,104.0,105.0,106.0,107.0,108.0,107.0,106.0,105.0,104.0,104.0,105.0,106.0,106.0,105.0,104.0,104.0,107.0,107.0,108.0,109.0,109.0,109.0,108.0,108.0,107.33333333333333,106.66666666666667,107.33333333333333,105.66666666666667,106.33333333333333,105.66666666666667,113.33333333333333,113.33333333333333,112.33333333333333,112.33333333333333,112.33333333333333,113.33333333333333,114.0,115.0,115.0,108.0,98.0,87.0,76.66666666666667,72.66666666666667,80.66666666666667,91.66666666666667,109.66666666666667,119.66666666666667,126.66666666666667,123.0,117.0,115.0,113.0,111.0,114.33333333333333,115.33333333333333,116.33333333333333,116.33333333333333,116.33333333333333,114.33333333333333,113.33333333333333,113.0,114.0,114.66666666666667,116.0,116.66666666666667,117.0,116.66666666666667,116.0,115.66666666666667,119.0,118.66666666666667,117.0,112.66666666666667,113.0,112.66666666666667,106.0,97.0,82.0,68.0,55.0,54.0,57.0,58.0,58.0,58.0,56.0,55.0,53.0,52.0,50.0,50.0,50.0,50.0,48.0,47.0,45.0,44.0,45.0,47.0,49.0,51.0,47.0,44.0,42.0,41.0,40.0,45.0,59.0,73.33333333333333,95.66666666666667,110.66666666666667,121.66666666666667,118.66666666666667,109.66666666666667,103.66666666666667,101.66666666666667,101.33333333333333,109.33333333333333,110.33333333333333,111.33333333333333,112.33333333333333,111.66666666666667,111.66666666666667,111.66666666666667,110.66666666666667,111.66666666666667,111.0,111.0,112.0,112.0,113.0,113.0,113.0,113.0,113.0,112.0,111.0,108.0,106.0,104.0,102.0,103.0,104.0,104.0,105.0,105.0,105.0,104.0,104.0,105.0,106.0,106.0,107.0,107.0,108.0,108.0,108.0,107.66666666666667,107.66666666666667,107.66666666666667,106.66666666666667,106.66666666666667,105.66666666666667,105.66666666666667,105.66666666666667,105.66666666666667,105.66666666666667,105.66666666666667,105.66666666666667,105.66666666666667,105.66666666666667,105.66666666666667,105.66666666666667,106.33333333333333,106.0,106.33333333333333,106.0,106.33333333333333,106.0,111.33333333333333,111.33333333333333,110.33333333333333,109.33333333333333,110.33333333333333,111.33333333333333,113.0,114.0,115.0,108.0,99.0,90.0,79.66666666666667,75.66666666666667,82.66666666666667,93.66666666666667,110.66666666666667,117.66666666666667,122.66666666666667,119.66666666666667,115.33333333333333,114.33333333333333,113.33333333333333,110.33333333333333,111.0,112.0,113.33333333333333,114.33333333333333,115.33333333333333,114.33333333333333,112.33333333333333,111.33333333333333,115.0,114.66666666666667,114.66666666666667,114.66666666666667,114.66666666666667,114.66666666666667,114.66666666666667,114.66666666666667,115.66666666666667,116.66666666666667,114.66666666666667,111.66666666666667,111.66666666666667,110.66666666666667,103.66666666666667,95.0,80.0,66.0,54.0,53.0,56.0,58.0,58.0,58.0,56.0,55.0,54.0,52.0,51.0,50.0,50.0,50.0,48.0,47.0,45.0,44.0,44.0,46.0,49.0,50.0,47.0,44.0,43.0,42.0,41.0,45.0,59.0,73.33333333333333,95.66666666666667,110.33333333333333,121.33333333333333,119.33333333333333,110.33333333333333,104.33333333333333,102.33333333333333,101.33333333333333,109.33333333333333,110.33333333333333,111.33333333333333,111.33333333333333,111.66666666666667,111.66666666666667,110.66666666666667,110.33333333333333,112.66666666666667,112.0,112.0,113.0,113.0,114.0,114.0,114.0,114.0,113.0,113.0,112.0,110.0,108.0,106.0,105.0,106.0,105.66666666666667,106.66666666666667,106.66666666666667,106.66666666666667,105.66666666666667,105.66666666666667,104.66666666666667,106.66666666666667,106.66666666666667,106.66666666666667,106.66666666666667,106.66666666666667,107.66666666666667,107.66666666666667,107.66666666666667,107.66666666666667,107.66666666666667,107.66666666666667,106.66666666666667,106.66666666666667,105.66666666666667,105.66666666666667,105.66666666666667,104.66666666666667,104.66666666666667,104.66666666666667,104.66666666666667,104.66666666666667,104.66666666666667,104.66666666666667,104.66666666666667,106.33333333333333,106.33333333333333,106.33333333333333,106.33333333333333,106.33333333333333,106.33333333333333,111.33333333333333,110.33333333333333,108.33333333333333,107.33333333333333,107.33333333333333,109.33333333333333,112.0,114.0,113.0,108.0,101.0,92.0,83.66666666666667,78.66666666666667,85.66666666666667,95.66666666666667,109.66666666666667,113.66666666666667,115.66666666666667,112.66666666666667,112.33333333333333,114.33333333333333,112.33333333333333,108.33333333333333,106.0,107.0,108.33333333333333,110.33333333333333,111.33333333333333,112.33333333333333,112.33333333333333,112.33333333333333,116.0,114.33333333333333,113.33333333333333,112.33333333333333,111.33333333333333,112.33333333333333,113.33333333333333,114.33333333333333,113.33333333333333,114.33333333333333,113.33333333333333,110.33333333333333,110.33333333333333,109.33333333333333,101.33333333333333,93.0,77.0,63.0,51.0,51.0,56.0,58.0,58.0,59.0,57.0,56.0,54.0,53.0,51.0,51.0,51.0,51.0,48.0,46.0,44.0,43.0,44.0,45.0,48.0,49.0,47.0,45.0,43.0,42.0,41.0,45.0,59.0,73.33333333333333,95.66666666666667,110.33333333333333,121.33333333333333,118.33333333333333,109.33333333333333,104.33333333333333,102.33333333333333,102.33333333333333,109.33333333333333,109.33333333333333,110.33333333333333,111.33333333333333,111.66666666666667,111.66666666666667,110.66666666666667,110.33333333333333,112.66666666666667,113.0,113.0,113.0,114.0,114.0,114.0,114.0,114.0,114.0,114.0,114.0,113.0,112.0,110.0,109.0,111.0,110.66666666666667,110.66666666666667,110.66666666666667,109.66666666666667,108.66666666666667,107.66666666666667,106.66666666666667,108.66666666666667,108.66666666666667,108.66666666666667,107.66666666666667,107.66666666666667,107.66666666666667,107.66666666666667,107.66666666666667,107.66666666666667,107.66666666666667,107.66666666666667,106.66666666666667,106.66666666666667,106.66666666666667,105.66666666666667,105.66666666666667,104.66666666666667,104.66666666666667,104.66666666666667,104.66666666666667,104.66666666666667,104.66666666666667,104.66666666666667,104.66666666666667,105.33333333333333,105.33333333333333,105.33333333333333,105.33333333333333,105.33333333333333,105.33333333333333,112.33333333333333,110.33333333333333,108.33333333333333,106.33333333333333,106.33333333333333,107.33333333333333,110.0,112.0,109.0,105.0,99.0,93.0,84.66666666666667,80.66666666666667,86.66666666666667,97.66666666666667,105.66666666666667,107.66666666666667,107.66666666666667,106.66666666666667,108.33333333333333,113.33333333333333,112.33333333333333,108.33333333333333,104.0,104.0,103.33333333333333,103.33333333333333,106.33333333333333,109.33333333333333,112.33333333333333,114.33333333333333,117.0,114.33333333333333,112.33333333333333,111.33333333333333,111.33333333333333,112.33333333333333,114.33333333333333,116.33333333333333,112.33333333333333,114.33333333333333,114.33333333333333,112.33333333333333,111.33333333333333,110.33333333333333,101.33333333333333,92.0,74.0,61.0,50.0,50.0,55.0,57.0,58.0,59.0,58.0,57.0,55.0,53.0,52.0,51.0,51.0,51.0,48.0,46.0,44.0,43.0,43.0,45.0,47.0,48.0,47.0,45.0,44.0,43.0,42.0,46.0,59.0,73.33333333333333,94.66666666666667,109.33333333333333,120.33333333333333,117.33333333333333,108.33333333333333,103.33333333333333,102.33333333333333,102.33333333333333,108.33333333333333,109.33333333333333,110.33333333333333,111.33333333333333,110.66666666666667,110.66666666666667,110.66666666666667,109.33333333333333,111.0,111.0,112.0,112.0,112.0,113.0,113.0,113.0,113.0,114.0,114.0,115.0,115.0,114.0,114.0,113.0,116.0,115.66666666666667,115.66666666666667,115.66666666666667,114.66666666666667,112.66666666666667,111.66666666666667,110.66666666666667,110.66666666666667,110.66666666666667,109.66666666666667,109.66666666666667,108.66666666666667,107.66666666666667,107.66666666666667,107.66666666666667,108.66666666666667,108.66666666666667,108.66666666666667,107.66666666666667,107.66666666666667,106.66666666666667,106.66666666666667,106.66666666666667,106.66666666666667,106.66666666666667,106.66666666666667,106.66666666666667,106.66666666666667,105.66666666666667,105.66666666666667,105.66666666666667,105.33333333333333,105.33333333333333,105.33333333333333,105.33333333333333,105.33333333333333,105.33333333333333,114.33333333333333,112.33333333333333,109.33333333333333,106.33333333333333,105.33333333333333,105.33333333333333,106.0,107.0,104.33333333333333,100.33333333333333,96.33333333333333,90.33333333333333,83.66666666666667,80.66666666666667,87.66666666666667,98.66666666666667,102.66666666666667,104.66666666666667,104.66666666666667,103.66666666666667,106.33333333333333,112.33333333333333,112.33333333333333,109.33333333333333,105.0,103.0,100.33333333333333,99.33333333333333,101.33333333333333,106.33333333333333,111.33333333333333,115.33333333333333,116.0,114.0,113.0,111.0,112.0,114.0,116.0,118.0,114.0,116.0,117.0,116.0,115.0,113.0,103.0,92.0,74.0,60.0,49.0,49.0,54.0,57.0,58.0,60.0,58.0,57.0,56.0,54.0,53.0,52.0,52.0,52.0,49.0,47.0,45.0,44.0,44.0,45.0,47.0,48.0,47.0,45.0,44.0,44.0,43.0,47.0,59.0,72.33333333333333,94.66666666666667,108.66666666666667,118.66666666666667,115.66666666666667,106.66666666666667,102.66666666666667,102.66666666666667,102.66666666666667,107.66666666666667,108.66666666666667,109.66666666666667,109.66666666666667,110.33333333333333,110.33333333333333,109.33333333333333,109.33333333333333,109.0,109.0,109.0,110.0,110.0,110.0,111.0,111.0,113.0,113.0,114.0,115.0,116.0,115.0,115.0,115.0,119.0,118.66666666666667,118.66666666666667,117.66666666666667,116.66666666666667,115.66666666666667,113.66666666666667,112.66666666666667,111.66666666666667,111.66666666666667,111.66666666666667,110.66666666666667,109.66666666666667,109.66666666666667,108.66666666666667,108.66666666666667,110.66666666666667,110.66666666666667,109.66666666666667,109.66666666666667,108.66666666666667,108.66666666666667,108.66666666666667,108.66666666666667,110.66666666666667,109.66666666666667,109.66666666666667,109.66666666666667,108.66666666666667,108.66666666666667,107.66666666666667,107.66666666666667,106.33333333333333,106.33333333333333,106.33333333333333,106.33333333333333,106.33333333333333,106.33333333333333,121.33333333333333,119.33333333333333,116.33333333333333,113.33333333333333,109.33333333333333,106.33333333333333,105.0,104.0,101.33333333333333,97.33333333333333,92.33333333333333,87.33333333333333,81.66666666666667,79.66666666666667,88.66666666666667,100.66666666666667,104.66666666666667,108.66666666666667,109.66666666666667,107.66666666666667,107.33333333333333,111.33333333333333,112.33333333333333,109.33333333333333,106.0,104.0,101.33333333333333,100.33333333333333,101.33333333333333,105.33333333333333,109.33333333333333,112.33333333333333,111.0,111.0,111.0,111.0,112.0,114.0,116.0,117.0,114.0,117.0,119.0,118.0,118.0,115.0,104.0,93.0,74.0,61.0,49.0,49.0,55.0,57.0,58.0,59.0,59.0,58.0,57.0,55.0,54.0,53.0,53.0,53.0,50.0,49.0,47.0,45.0,45.0,46.0,47.0,49.0,46.0,45.0,45.0,45.0,44.0,47.0,59.0,72.0,94.66666666666667,107.66666666666667,117.66666666666667,114.66666666666667,105.66666666666667,102.66666666666667,102.66666666666667,103.66666666666667,107.66666666666667,107.66666666666667,108.66666666666667,109.66666666666667,109.33333333333333,109.33333333333333,109.33333333333333,109.33333333333333,108.0,108.0,108.0,108.0,109.0,109.0,109.0,110.0,111.0,112.0,113.0,114.0,115.0,115.0,114.0,114.0,117.0,116.66666666666667,116.66666666666667,116.66666666666667,115.66666666666667,114.66666666666667,113.66666666666667,112.66666666666667,111.66666666666667,111.66666666666667,111.66666666666667,111.66666666666667,111.66666666666667,110.66666666666667,110.66666666666667,110.66666666666667,112.66666666666667,112.66666666666667,111.66666666666667,111.66666666666667,111.66666666666667,110.66666666666667,110.66666666666667,110.66666666666667,112.66666666666667,112.66666666666667,111.66666666666667,110.66666666666667,110.66666666666667,109.66666666666667,108.66666666666667,108.66666666666667,108.33333333333333,108.33333333333333,108.33333333333333,108.33333333333333,108.33333333333333,108.33333333333333,136.33333333333334,135.33333333333334,132.33333333333334,128.33333333333334,122.33333333333333,116.33333333333333,112.0,109.0,100.33333333333333,96.33333333333333,90.33333333333333,85.33333333333333,79.66666666666667,79.66666666666667,90.66666666666667,103.66666666666667,112.66666666666667,118.66666666666667,119.66666666666667,114.66666666666667,110.33333333333333,110.33333333333333,110.33333333333333,109.33333333333333,105.0,105.0,105.33333333333333,106.33333333333333,106.33333333333333,106.33333333333333,106.33333333333333,105.33333333333333,104.33333333333333,105.33333333333333,106.33333333333333,108.33333333333333,110.33333333333333,112.33333333333333,114.33333333333333,114.33333333333333,112.33333333333333,116.33333333333333,119.33333333333333,119.33333333333333,118.33333333333333,115.33333333333333,103.33333333333333,91.33333333333333,76.0,62.0,51.0,50.0,55.0,58.0,58.0,59.0,60.0,59.0,57.0,56.0,54.0,54.0,53.0,53.0,52.0,50.0,48.0,46.0,46.0,47.0,48.0,50.0,46.0,45.0,45.0,46.0,45.0,48.0,59.0,72.0,93.66666666666667,107.66666666666667,116.66666666666667,113.66666666666667,105.66666666666667,101.66666666666667,102.66666666666667,103.66666666666667,106.66666666666667,107.66666666666667,108.66666666666667,109.66666666666667,109.33333333333333,109.33333333333333,109.33333333333333,108.33333333333333,108.0,108.0,108.0,109.0,109.0,110.0,110.0,110.0,110.0,111.0,112.0,113.0,113.0,113.0,112.0,112.0,112.0,111.66666666666667,112.66666666666667,112.66666666666667,112.66666666666667,111.66666666666667,110.66666666666667,110.66666666666667,111.66666666666667,111.66666666666667,111.66666666666667,112.66666666666667,112.66666666666667,112.66666666666667,112.66666666666667,112.66666666666667,114.66666666666667,114.66666666666667,114.66666666666667,113.66666666666667,113.66666666666667,112.66666666666667,112.66666666666667,112.66666666666667,112.66666666666667,112.66666666666667,111.66666666666667,110.66666666666667,109.66666666666667,109.66666666666667,108.66666666666667,108.66666666666667,109.33333333333333,109.33333333333333,109.33333333333333,109.33333333333333,109.33333333333333,109.33333333333333,150.33333333333334,149.33333333333334,146.33333333333334,141.33333333333334,135.33333333333334,127.33333333333333,121.0,117.0,101.33333333333333,96.33333333333333,90.33333333333333,84.33333333333333,79.66666666666667,80.66666666666667,92.66666666666667,105.66666666666667,119.66666666666667,126.66666666666667,128.66666666666666,121.66666666666667,113.33333333333333,110.33333333333333,109.33333333333333,108.33333333333333,103.0,106.0,109.33333333333333,112.33333333333333,111.33333333333333,108.33333333333333,103.33333333333333,100.33333333333333,99.33333333333333,101.33333333333333,103.33333333333333,106.33333333333333,109.33333333333333,111.33333333333333,112.33333333333333,112.33333333333333,111.33333333333333,115.33333333333333,118.33333333333333,119.33333333333333,118.33333333333333,114.33333333333333,102.33333333333333,90.33333333333333,77.0,63.0,51.0,51.0,56.0,58.0,58.0,59.0,60.0,59.0,58.0,56.0,55.0,54.0,54.0,54.0,53.0,51.0,49.0,47.0,46.0,47.0,49.0,50.0,46.0,45.0,46.0,46.0,45.0,48.0,59.0,72.0,93.33333333333333,106.66666666666667,116.66666666666667,112.66666666666667,104.66666666666667,101.66666666666667,102.66666666666667,104.66666666666667,106.66666666666667,107.66666666666667,108.66666666666667,109.66666666666667,109.33333333333333,109.33333333333333,109.33333333333333,108.33333333333333,109.0,109.0,109.0,110.0,110.0,111.0,111.0,111.0,110.0,110.0,111.0,112.0,112.0,111.0,111.0,110.0,107.0,107.66666666666667,108.66666666666667,108.66666666666667,108.66666666666667,108.66666666666667,108.66666666666667,107.66666666666667,111.66666666666667,111.66666666666667,111.66666666666667,112.66666666666667,112.66666666666667,113.66666666666667,113.66666666666667,114.66666666666667,115.66666666666667,115.66666666666667,115.66666666666667,115.66666666666667,114.66666666666667,114.66666666666667,113.66666666666667,113.66666666666667,112.66666666666667,111.66666666666667,110.66666666666667,110.66666666666667,109.66666666666667,108.66666666666667,107.66666666666667,107.66666666666667,110.33333333333333,110.33333333333333,110.33333333333333,110.33333333333333,110.33333333333333,110.33333333333333,158.0,157.0,155.0,153.0,148.0,139.0,129.33333333333334,122.33333333333333,108.66666666666667,100.66666666666667,91.66666666666667,84.66666666666667,82.33333333333333,86.33333333333333,100.33333333333333,114.33333333333333,130.66666666666666,137.66666666666666,139.66666666666666,130.66666666666666,120.33333333333333,118.33333333333333,121.33333333333333,123.33333333333333,128.0,126.0,127.33333333333333,129.33333333333334,126.33333333333333,116.33333333333333,105.33333333333333,98.33333333333333,96.33333333333333,94.33333333333333,97.33333333333333,105.33333333333333,109.33333333333333,108.33333333333333,107.33333333333333,109.33333333333333,106.33333333333333,112.33333333333333,115.33333333333333,115.33333333333333,114.33333333333333,110.33333333333333,100.33333333333333,89.33333333333333,79.0,65.0,53.0,53.0,58.0,59.0,56.0,55.0,57.0,57.0,57.0,57.0,57.0,56.0,56.0,56.0,52.0,51.0,49.0,48.0,48.0,49.0,52.0,53.0,49.0,48.0,48.0,49.0,47.0,50.0,61.0,73.0,92.33333333333333,104.33333333333333,113.33333333333333,109.33333333333333,101.0,98.0,99.0,101.0,106.0,107.0,107.0,108.0,107.66666666666667,106.66666666666667,106.66666666666667,105.66666666666667,105.0,106.0,107.0,108.0,109.0,110.0,110.0,110.0,111.0,110.0,109.0,108.0,107.0,107.0,107.0,107.0,106.0,105.66666666666667,105.66666666666667,105.66666666666667,105.66666666666667,105.66666666666667,105.66666666666667,105.66666666666667,107.66666666666667,108.66666666666667,109.66666666666667,110.66666666666667,112.66666666666667,114.66666666666667,115.66666666666667,115.66666666666667,114.66666666666667,114.66666666666667,113.66666666666667,113.66666666666667,112.66666666666667,111.66666666666667,111.66666666666667,111.66666666666667,109.66666666666667,109.66666666666667,109.66666666666667,110.66666666666667,110.66666666666667,111.66666666666667,111.66666666666667,111.66666666666667,111.33333333333333,111.33333333333333,111.33333333333333,111.33333333333333,111.33333333333333,111.33333333333333,152.0,153.0,155.0,155.0,151.0,143.0,131.33333333333334,123.33333333333333,108.66666666666667,100.66666666666667,91.66666666666667,85.66666666666667,83.33333333333333,88.33333333333333,102.33333333333333,116.33333333333333,133.66666666666666,139.66666666666666,140.66666666666666,133.66666666666666,127.33333333333333,131.33333333333334,140.33333333333334,146.33333333333334,159.0,165.0,168.33333333333334,161.33333333333334,142.33333333333334,122.33333333333333,110.33333333333333,106.33333333333333,102.33333333333333,101.33333333333333,104.33333333333333,110.33333333333333,113.33333333333333,108.33333333333333,104.33333333333333,104.33333333333333,104.33333333333333,109.33333333333333,112.33333333333333,111.33333333333333,111.33333333333333,108.33333333333333,99.33333333333333,90.33333333333333,78.0,64.0,53.0,54.0,59.0,60.0,58.0,57.0,57.0,57.0,57.0,56.0,55.0,54.0,54.0,53.0,52.0,50.0,49.0,47.0,48.0,49.0,51.0,52.0,49.0,48.0,48.0,48.0,46.0,48.0,59.0,71.0,92.33333333333333,104.33333333333333,112.33333333333333,108.33333333333333,100.0,98.0,99.0,101.0,106.0,106.0,107.0,107.0,106.66666666666667,106.66666666666667,105.66666666666667,105.66666666666667,105.0,105.0,107.0,108.0,109.0,109.0,109.0,109.0,110.0,109.0,108.0,108.0,107.0,107.0,108.0,108.0,106.0,105.66666666666667,105.66666666666667,105.66666666666667,105.66666666666667,105.66666666666667,105.66666666666667,105.66666666666667,106.66666666666667,107.66666666666667,107.66666666666667,108.66666666666667,110.66666666666667,111.66666666666667,111.66666666666667,112.66666666666667,110.66666666666667,110.66666666666667,110.66666666666667,110.66666666666667,109.66666666666667,109.66666666666667,109.66666666666667,109.66666666666667,109.66666666666667,109.66666666666667,109.66666666666667,110.66666666666667,110.66666666666667,110.66666666666667,111.66666666666667,111.66666666666667,111.33333333333333,111.33333333333333,111.33333333333333,111.33333333333333,111.33333333333333,111.33333333333333,139.0,142.0,147.0,151.0,149.0,141.0,130.66666666666666,122.66666666666667,107.66666666666667,99.66666666666667,90.66666666666667,85.66666666666667,84.33333333333333,89.33333333333333,104.33333333333333,118.33333333333333,135.66666666666666,140.66666666666666,141.66666666666666,136.66666666666666,136.33333333333334,150.33333333333334,168.33333333333334,180.33333333333334,199.0,211.0,216.33333333333334,200.33333333333334,167.33333333333334,136.33333333333334,120.33333333333333,115.33333333333333,106.0,105.0,109.0,116.0,116.0,109.0,101.0,98.0,104.0,108.0,109.0,107.0,107.0,105.0,98.0,90.33333333333333,79.0,66.0,55.0,55.0,60.0,61.0,59.0,59.0,58.0,57.0,56.0,55.0,54.0,53.0,52.0,52.0,53.0,51.0,50.0,49.0,49.0,50.0,51.0,52.0,51.0,50.0,50.0,49.0,47.0,49.0,60.0,72.0,92.33333333333333,103.33333333333333,110.33333333333333,106.33333333333333,100.0,98.0,99.0,100.0,105.0,105.0,106.0,107.0,106.66666666666667,105.66666666666667,104.66666666666667,104.66666666666667,104.0,105.0,106.0,107.0,108.0,108.0,108.0,108.0,108.0,108.0,107.0,107.0,108.0,108.0,109.0,110.0,107.0,106.66666666666667,106.66666666666667,106.66666666666667,106.66666666666667,106.66666666666667,106.66666666666667,106.66666666666667,105.66666666666667,105.66666666666667,106.66666666666667,106.66666666666667,107.66666666666667,107.66666666666667,108.66666666666667,108.66666666666667,105.66666666666667,105.66666666666667,106.66666666666667,106.66666666666667,106.66666666666667,106.66666666666667,107.66666666666667,107.66666666666667,109.66666666666667,109.66666666666667,109.66666666666667,109.66666666666667,110.66666666666667,110.66666666666667,110.66666666666667,111.66666666666667,110.33333333333333,110.33333333333333,110.33333333333333,110.33333333333333,110.33333333333333,110.33333333333333,120.0,124.0,129.0,134.0,135.0,130.0,122.66666666666667,116.66666666666667,103.66666666666667,96.66666666666667,88.66666666666667,84.66666666666667,84.33333333333333,89.33333333333333,103.33333333333333,118.33333333333333,135.33333333333334,138.66666666666666,138.66666666666666,135.66666666666666,142.33333333333334,165.33333333333334,193.33333333333334,211.33333333333334,228.0,237.0,239.33333333333334,224.33333333333334,195.33333333333334,163.33333333333334,138.33333333333334,123.33333333333333,110.0,111.0,117.0,126.0,128.0,120.0,111.0,107.0,109.0,111.0,110.0,107.0,105.0,103.0,96.0,88.0,80.0,67.0,57.0,55.0,57.0,57.0,55.0,56.0,55.0,55.0,54.0,54.0,53.0,53.0,52.0,52.0,53.0,53.0,52.0,51.0,50.0,51.0,51.0,52.0,51.0,50.0,51.0,51.0,50.0,52.0,63.0,76.0,91.33333333333333,101.33333333333333,107.33333333333333,103.33333333333333,98.0,97.0,99.0,99.0,104.0,104.0,105.0,105.0,104.66666666666667,104.66666666666667,103.66666666666667,103.66666666666667,103.0,104.0,105.0,106.0,107.0,107.0,106.0,106.0,106.0,106.0,106.0,106.0,107.0,109.0,110.0,111.0,109.0,108.66666666666667,108.66666666666667,108.66666666666667,108.66666666666667,108.66666666666667,108.66666666666667,108.66666666666667,106.66666666666667,106.66666666666667,106.66666666666667,106.66666666666667,106.66666666666667,105.66666666666667,105.66666666666667,105.66666666666667,103.66666666666667,103.66666666666667,104.66666666666667,104.66666666666667,105.66666666666667,105.66666666666667,106.66666666666667,106.66666666666667,108.66666666666667,108.66666666666667,109.66666666666667,109.66666666666667,109.66666666666667,110.66666666666667,110.66666666666667,110.66666666666667,109.33333333333333,109.33333333333333,109.33333333333333,109.33333333333333,109.33333333333333,109.33333333333333,102.0,103.0,106.0,110.0,113.0,113.0,110.66666666666667,107.66666666666667,98.66666666666667,92.66666666666667,87.66666666666667,84.66666666666667,83.33333333333333,88.33333333333333,101.33333333333333,114.33333333333333,130.33333333333334,132.66666666666666,132.66666666666666,131.66666666666666,143.33333333333334,172.33333333333334,207.33333333333334,229.33333333333334,241.0,243.0,240.33333333333334,233.33333333333334,221.33333333333334,197.33333333333334,162.33333333333334,132.33333333333334,117.0,119.0,127.0,138.0,143.0,137.0,130.0,128.0,120.0,122.0,119.0,113.0,109.0,106.0,99.0,90.0,81.0,69.0,57.0,54.0,53.0,50.0,49.0,49.0,51.0,51.0,51.0,51.0,51.0,51.0,52.0,52.0,52.0,51.0,51.0,50.0,49.0,49.0,49.0,49.0,48.0,47.0,48.0,50.0,49.0,53.0,64.0,77.0,90.0,98.0,103.0,100.0,96.0,96.0,97.0,97.0,103.0,103.0,104.0,104.0,103.33333333333333,103.33333333333333,102.33333333333333,102.33333333333333,103.0,103.0,104.0,105.0,105.0,105.0,105.0,104.0,104.0,104.0,105.0,105.0,106.0,108.0,109.0,110.0,111.0,110.66666666666667,110.66666666666667,110.66666666666667,110.66666666666667,110.66666666666667,110.66666666666667,110.66666666666667,107.66666666666667,107.66666666666667,107.66666666666667,106.66666666666667,106.66666666666667,106.66666666666667,105.66666666666667,105.66666666666667,103.66666666666667,104.66666666666667,104.66666666666667,105.66666666666667,105.66666666666667,106.66666666666667,106.66666666666667,107.66666666666667,108.66666666666667,108.66666666666667,108.66666666666667,109.66666666666667,109.66666666666667,109.66666666666667,110.66666666666667,110.66666666666667,109.33333333333333,109.33333333333333,109.33333333333333,109.33333333333333,109.33333333333333,109.33333333333333,90.0,89.0,89.0,92.0,95.0,98.0,99.66666666666667,99.66666666666667,95.66666666666667,90.66666666666667,87.66666666666667,85.66666666666667,85.33333333333333,87.33333333333333,98.33333333333333,110.33333333333333,124.33333333333333,126.66666666666667,125.66666666666667,125.66666666666667,139.33333333333334,171.33333333333334,209.33333333333334,233.33333333333334,245.0,242.0,238.33333333333334,237.33333333333334,238.33333333333334,223.33333333333334,182.33333333333334,143.33333333333334,118.0,120.0,128.0,141.0,147.0,145.0,142.0,141.0,135.0,136.0,133.0,127.0,121.0,117.0,108.0,99.0,87.0,75.0,64.0,59.0,56.0,51.0,49.0,50.0,52.0,52.0,52.0,52.0,52.0,52.0,52.0,52.0,51.0,51.0,50.0,50.0,49.0,48.0,48.0,47.0,46.0,45.0,46.0,47.0,47.0,50.0,62.0,75.0,88.0,95.0,98.0,95.0,93.0,94.0,95.0,94.0,101.0,102.0,103.0,103.0,102.33333333333333,102.33333333333333,101.33333333333333,100.33333333333333,102.0,103.0,103.0,104.0,104.0,104.0,103.0,103.0,103.0,103.0,103.0,103.0,104.0,106.0,107.0,108.0,111.0,110.66666666666667,110.66666666666667,110.66666666666667,110.66666666666667,110.66666666666667,110.66666666666667,110.66666666666667,107.66666666666667,107.66666666666667,107.66666666666667,107.66666666666667,106.66666666666667,106.66666666666667,106.66666666666667,106.66666666666667,105.66666666666667,106.66666666666667,106.66666666666667,106.66666666666667,106.66666666666667,106.66666666666667,107.66666666666667,107.66666666666667,107.66666666666667,108.66666666666667,108.66666666666667,108.66666666666667,109.66666666666667,109.66666666666667,109.66666666666667,109.66666666666667,108.33333333333333,108.33333333333333,108.33333333333333,108.33333333333333,108.33333333333333,108.33333333333333,85.0,83.0,83.0,85.0,90.0,93.0,95.66666666666667,95.66666666666667,93.66666666666667,90.66666666666667,89.66666666666667,88.66666666666667,88.33333333333333,88.33333333333333,97.33333333333333,106.33333333333333,119.33333333333333,121.66666666666667,120.66666666666667,119.66666666666667,133.33333333333334,166.33333333333334,205.33333333333334,229.33333333333334,243.0,244.0,242.33333333333334,242.33333333333334,243.33333333333334,230.33333333333334,190.33333333333334,150.33333333333334,124.0,124.0,130.0,141.0,148.0,148.0,147.0,148.0,149.0,151.0,148.0,142.0,137.0,132.0,123.0,113.0,101.0,90.0,79.0,74.0,70.0,65.0,64.0,65.0,65.0,64.0,63.0,62.0,60.0,59.0,58.0,58.0,56.0,56.0,55.0,55.0,54.0,53.0,52.0,51.0,50.0,49.0,49.0,49.0,48.0,50.0,61.0,73.0,86.0,92.0,95.0,92.0,90.0,92.0,93.0,92.0,101.0,101.0,102.0,102.0,101.33333333333333,101.33333333333333,100.33333333333333,100.33333333333333,102.0,102.0,103.0,103.0,103.0,103.0,102.0,101.0,102.0,102.0,102.0,102.0,102.0,103.0,105.0,105.0,108.0,107.66666666666667,107.66666666666667,107.66666666666667,107.66666666666667,107.66666666666667,107.66666666666667,107.66666666666667,105.66666666666667,106.66666666666667,106.66666666666667,106.66666666666667,106.66666666666667,106.66666666666667,106.66666666666667,106.66666666666667,107.66666666666667,107.66666666666667,107.66666666666667,107.66666666666667,106.66666666666667,106.66666666666667,106.66666666666667,106.66666666666667,107.66666666666667,107.66666666666667,108.66666666666667,108.66666666666667,108.66666666666667,109.66666666666667,109.66666666666667,109.66666666666667,107.33333333333333,107.33333333333333,107.33333333333333,107.33333333333333,107.33333333333333,107.33333333333333,84.33333333333333,82.33333333333333,84.33333333333333,86.33333333333333,91.0,94.0,95.0,94.0,93.66666666666667,91.66666666666667,91.66666666666667,91.66666666666667,89.66666666666667,89.66666666666667,95.66666666666667,104.66666666666667,116.33333333333333,118.33333333333333,117.33333333333333,117.33333333333333,130.0,162.0,200.0,224.0,240.0,245.66666666666666,247.0,245.0,241.33333333333334,225.33333333333334,188.33333333333334,152.0,136.0,134.33333333333334,138.33333333333334,147.33333333333334,153.33333333333334,154.33333333333334,154.33333333333334,156.33333333333334,156.33333333333334,158.33333333333334,157.33333333333334,152.33333333333334,147.33333333333334,142.33333333333334,133.33333333333334,124.0,113.33333333333333,102.33333333333333,93.0,87.33333333333333,85.0,79.33333333333333,80.0,81.33333333333333,78.0,76.33333333333333,75.0,71.33333333333333,70.0,66.33333333333333,65.0,63.333333333333336,62.0,61.333333333333336,62.0,61.333333333333336,61.0,59.333333333333336,58.0,56.333333333333336,57.0,54.333333333333336,54.0,53.333333333333336,51.0,51.333333333333336,62.0,73.33333333333333,83.33333333333333,89.33333333333333,91.33333333333333,89.33333333333333,87.33333333333333,90.33333333333333,91.33333333333333,89.33333333333333,100.0,101.0,101.0,102.0,102.0,101.0,101.0,100.0,101.0,102.0,102.0,103.0,103.0,102.0,101.0,101.0,102.0,101.0,101.0,101.0,101.0,102.0,103.0,103.0,106.0,105.66666666666667,106.0,105.66666666666667,106.0,105.66666666666667,106.0,105.66666666666667,105.0,104.66666666666667,105.0,105.66666666666667,106.0,106.66666666666667,107.0,106.66666666666667,109.0,108.66666666666667,108.0,107.66666666666667,107.0,105.66666666666667,106.0,105.66666666666667,108.0,107.66666666666667,108.0,108.66666666666667,109.0,109.66666666666667,110.0,109.66666666666667,108.0,107.33333333333333,108.0,107.33333333333333,108.0,107.33333333333333,82.0,81.33333333333333,84.0,85.33333333333333,89.0,91.0,93.0,94.0,92.33333333333333,91.33333333333333,90.33333333333333,92.33333333333333,96.33333333333333,99.33333333333333,99.33333333333333,99.33333333333333,117.33333333333333,116.33333333333333,115.33333333333333,117.33333333333333,130.33333333333334,158.33333333333334,193.33333333333334,218.33333333333334,232.33333333333334,232.0,233.0,233.0,225.0,202.0,171.0,149.0,136.33333333333334,143.66666666666666,153.66666666666666,159.66666666666666,161.66666666666666,162.66666666666666,165.66666666666666,167.66666666666666,168.66666666666666,167.66666666666666,166.66666666666666,164.66666666666666,160.66666666666666,154.66666666666666,146.66666666666666,140.66666666666666,127.33333333333333,121.33333333333333,113.0,106.33333333333333,104.0,102.33333333333333,103.0,102.33333333333333,101.0,99.33333333333333,98.0,95.33333333333333,92.0,88.33333333333333,85.0,83.33333333333333,80.33333333333333,77.0,75.33333333333333,75.0,77.33333333333333,77.0,75.33333333333333,72.0,72.33333333333333,71.0,68.33333333333333,63.0,60.333333333333336,62.0,68.33333333333333,74.0,82.33333333333333,85.33333333333333,88.0,87.0,84.0,83.0,85.0,87.0,92.33333333333333,94.33333333333333,96.33333333333333,99.33333333333333,99.33333333333333,99.33333333333333,98.0,97.0,98.0,98.0,99.0,99.0,99.0,98.0,97.0,97.0,101.0,101.0,101.0,101.0,101.0,102.0,103.0,103.0,104.0,104.0,105.0,105.0,105.0,105.0,104.0,103.0,105.0,105.0,105.0,105.0,105.0,106.0,106.0,106.0,110.0,110.0,110.0,109.0,108.0,107.0,107.0,107.0,106.0,106.0,106.0,107.0,108.0,110.0,111.0,112.0,110.0,110.0,109.0,109.0,108.0,107.0,85.33333333333333,85.33333333333333,86.33333333333333,88.33333333333333,89.33333333333333,91.33333333333333,92.33333333333333,93.33333333333333,95.0,95.0,94.66666666666667,95.66666666666667,97.66666666666667,101.66666666666667,104.66666666666667,107.33333333333333,119.0,119.0,119.0,120.0,129.0,152.0,181.0,203.0,210.0,211.0,212.0,209.0,198.0,179.0,157.0,142.33333333333334,143.66666666666666,152.0,163.0,171.0,173.0,172.0,172.0,173.0,175.0,173.0,171.0,169.0,165.0,159.0,152.0,147.66666666666666,142.66666666666666,137.33333333333334,130.33333333333334,125.33333333333333,123.33333333333333,123.33333333333333,123.33333333333333,122.33333333333333,117.33333333333333,117.33333333333333,115.33333333333333,113.33333333333333,110.33333333333333,106.33333333333333,103.33333333333333,102.33333333333333,99.0,97.0,95.0,96.0,97.0,96.0,93.0,91.0,91.0,90.0,87.0,82.0,78.0,78.0,82.0,84.33333333333333,90.33333333333333,92.33333333333333,93.33333333333333,91.33333333333333,87.33333333333333,85.33333333333333,87.0,89.0,93.0,95.0,97.33333333333333,98.33333333333333,99.33333333333333,98.33333333333333,97.0,96.0,93.0,94.0,94.0,95.0,96.0,96.0,95.0,95.0,99.0,99.0,98.0,99.0,99.0,100.0,100.0,101.0,101.0,102.0,103.0,104.0,104.0,104.0,103.0,103.0,104.0,104.0,104.0,104.0,104.0,104.0,104.0,104.0,105.0,105.0,105.0,105.0,104.0,104.0,104.0,104.0,104.0,104.0,104.0,104.0,105.0,106.0,107.0,108.0,108.0,108.0,108.0,107.0,107.0,107.0,92.33333333333333,92.33333333333333,93.33333333333333,94.33333333333333,95.33333333333333,97.33333333333333,99.0,100.0,102.0,103.0,103.66666666666667,103.66666666666667,104.66666666666667,109.66666666666667,118.66666666666667,125.33333333333333,131.0,132.0,131.0,130.0,135.0,148.0,168.0,182.0,184.0,187.0,188.0,182.0,171.0,158.0,149.0,143.33333333333334,152.66666666666666,162.66666666666666,175.66666666666666,184.66666666666666,185.66666666666666,183.66666666666666,181.66666666666666,180.66666666666666,183.66666666666666,181.66666666666666,178.66666666666666,175.66666666666666,172.66666666666666,167.66666666666666,161.66666666666666,157.66666666666666,153.66666666666666,149.33333333333334,144.33333333333334,140.33333333333334,140.33333333333334,140.33333333333334,140.33333333333334,140.33333333333334,138.33333333333334,137.33333333333334,136.33333333333334,134.33333333333334,132.33333333333334,129.33333333333334,126.33333333333333,125.33333333333333,123.0,122.0,122.0,123.0,124.0,123.0,120.0,117.0,119.0,118.0,115.0,110.0,105.0,103.0,103.0,103.33333333333333,106.33333333333333,106.33333333333333,105.33333333333333,102.33333333333333,98.33333333333333,94.33333333333333,94.0,95.0,98.0,99.0,100.33333333333333,101.33333333333333,100.33333333333333,99.33333333333333,98.0,97.0,92.0,93.0,94.0,95.0,96.0,96.0,96.0,95.0,98.0,98.0,98.0,99.0,99.0,99.0,99.0,100.0,100.0,101.0,102.0,103.0,104.0,104.0,103.0,103.0,105.0,105.0,104.0,104.0,104.0,104.0,104.0,104.0,101.0,101.0,102.0,102.0,102.0,103.0,103.0,103.0,104.0,104.0,103.0,103.0,103.0,103.0,104.0,105.0,105.0,105.0,105.0,106.0,106.0,106.0,100.33333333333333,100.33333333333333,101.33333333333333,103.33333333333333,105.33333333333333,109.33333333333333,112.0,114.0,114.0,117.0,118.66666666666667,118.66666666666667,119.66666666666667,126.66666666666667,139.66666666666666,149.33333333333334,155.0,155.0,153.0,149.0,147.0,150.0,159.0,166.0,168.0,170.0,171.0,168.0,162.0,157.0,153.0,151.33333333333334,160.66666666666666,169.66666666666666,180.66666666666666,186.66666666666666,187.66666666666666,185.66666666666666,184.66666666666666,184.66666666666666,186.66666666666666,184.66666666666666,180.66666666666666,178.66666666666666,175.66666666666666,172.66666666666666,167.66666666666666,163.66666666666666,158.33333333333334,155.33333333333334,151.33333333333334,149.33333333333334,150.33333333333334,151.33333333333334,151.33333333333334,150.33333333333334,150.33333333333334,150.33333333333334,149.33333333333334,148.33333333333334,146.33333333333334,144.33333333333334,142.33333333333334,140.33333333333334,140.0,141.0,143.0,145.0,146.0,145.0,144.0,142.0,143.0,142.0,141.0,137.0,134.0,130.0,128.0,126.33333333333333,128.33333333333334,126.33333333333333,124.33333333333333,120.33333333333333,115.33333333333333,111.33333333333333,109.0,108.0,108.0,109.0,109.33333333333333,109.33333333333333,108.33333333333333,106.33333333333333,106.0,105.0,102.0,102.0,103.0,103.0,102.0,101.0,100.0,100.0,100.0,101.0,101.0,101.0,101.0,101.0,100.0,100.0,100.0,101.0,102.0,103.0,104.0,104.0,104.0,104.0,105.0,105.0,105.0,104.0,104.0,104.0,104.0,103.0,100.0,100.0,101.0,102.0,103.0,104.0,104.0,105.0,107.0,106.0,105.0,104.0,103.0,103.0,104.0,104.0,103.0,103.0,103.0,104.0,105.0,105.0,107.33333333333333,108.33333333333333,110.33333333333333,114.33333333333333,119.33333333333333,125.33333333333333,130.0,133.0,132.66666666666666,136.66666666666666,140.66666666666666,141.66666666666666,143.33333333333334,150.33333333333334,163.33333333333334,173.33333333333334,179.0,178.0,175.0,168.0,160.0,155.0,154.0,156.0,159.0,159.0,160.0,162.0,164.0,163.0,160.0,157.33333333333334,164.66666666666666,169.66666666666666,175.66666666666666,178.66666666666666,177.66666666666666,177.66666666666666,179.66666666666666,181.66666666666666,182.66666666666666,180.66666666666666,177.66666666666666,176.66666666666666,174.66666666666666,172.66666666666666,168.66666666666666,165.66666666666666,162.33333333333334,160.33333333333334,158.33333333333334,157.33333333333334,158.33333333333334,159.33333333333334,158.33333333333334,157.33333333333334,155.33333333333334,155.33333333333334,155.33333333333334,154.33333333333334,153.33333333333334,151.33333333333334,150.33333333333334,149.33333333333334,149.0,152.0,155.0,158.0,159.0,160.0,161.0,162.0,161.0,161.0,161.0,160.0,159.0,156.0,153.0,150.33333333333334,149.33333333333334,146.0,143.33333333333334,139.33333333333334,135.33333333333334,131.33333333333334,129.0,126.0,124.0,124.0,123.33333333333333,122.33333333333333,121.33333333333333,120.33333333333333,120.0,119.0,117.0,116.0,116.0,114.0,112.0,110.0,108.0,106.0,105.0,105.0,106.0,105.0,104.0,103.0,101.0,100.0,100.0,101.0,102.0,103.0,103.0,103.0,103.0,103.0,103.0,103.0,102.0,102.0,101.0,101.0,100.0,100.0,99.0,99.0,100.0,101.0,102.0,103.0,104.0,104.0,106.0,105.0,104.0,103.0,102.0,102.0,102.0,103.0,102.0,102.0,103.0,103.0,104.0,104.0,121.33333333333333,122.33333333333333,125.33333333333333,130.33333333333334,137.33333333333334,145.0,152.0,157.0,159.66666666666666,162.66666666666666,165.66666666666666,168.66666666666666,170.33333333333334,176.33333333333334,185.33333333333334,191.33333333333334,193.0,192.0,187.0,179.0,168.0,160.0,154.0,152.0,155.0,154.0,155.0,159.0,163.0,164.0,161.0,157.33333333333334,165.33333333333334,168.66666666666666,169.66666666666666,168.66666666666666,166.66666666666666,166.66666666666666,170.66666666666666,174.66666666666666,172.66666666666666,171.66666666666666,171.66666666666666,171.66666666666666,171.66666666666666,169.66666666666666,165.66666666666666,162.66666666666666,161.66666666666666,160.33333333333334,158.33333333333334,158.33333333333334,159.33333333333334,158.33333333333334,157.33333333333334,155.33333333333334,156.33333333333334,157.33333333333334,157.33333333333334,157.33333333333334,156.33333333333334,155.33333333333334,154.33333333333334,153.0,155.0,157.0,160.0,162.0,163.0,166.0,169.0,172.0,172.0,172.0,172.0,173.0,174.0,174.0,171.0,168.33333333333334,163.0,160.0,157.33333333333334,154.33333333333334,152.33333333333334,149.33333333333334,147.0,144.0,140.0,140.0,139.33333333333334,138.33333333333334,137.33333333333334,136.33333333333334,137.0,136.0,132.0,132.0,130.0,128.0,125.0,121.0,118.0,117.0,114.0,115.0,114.0,113.0,111.0,108.0,105.0,103.0,103.0,103.0,104.0,104.0,104.0,104.0,103.0,103.0,101.0,101.0,101.0,100.0,99.0,98.0,98.0,98.0,97.0,98.0,98.0,99.0,100.0,101.0,102.0,102.0,104.0,103.0,102.0,101.0,100.0,100.0,100.0,101.0,103.0,103.0,103.0,103.0,103.0,104.0,143.33333333333334,144.33333333333334,147.0,153.0,161.0,170.0,178.0,181.66666666666666,186.66666666666666,187.66666666666666,190.33333333333334,193.33333333333334,195.33333333333334,197.33333333333334,199.33333333333334,201.33333333333334,198.33333333333334,196.33333333333334,191.33333333333334,183.33333333333334,174.33333333333334,165.33333333333334,159.33333333333334,156.33333333333334,156.33333333333334,158.33333333333334,160.33333333333334,161.33333333333334,159.33333333333334,158.33333333333334,159.33333333333334,160.33333333333334,165.33333333333334,166.33333333333334,166.33333333333334,163.33333333333334,160.33333333333334,159.33333333333334,162.33333333333334,166.33333333333334,162.33333333333334,162.33333333333334,164.33333333333334,166.33333333333334,167.33333333333334,166.33333333333334,162.33333333333334,159.33333333333334,158.33333333333334,156.33333333333334,155.33333333333334,155.33333333333334,155.33333333333334,153.33333333333334,150.33333333333334,147.33333333333334,153.33333333333334,154.33333333333334,154.33333333333334,155.33333333333334,154.33333333333334,154.33333333333334,153.33333333333334,152.33333333333334,154.33333333333334,156.33333333333334,157.33333333333334,157.33333333333334,157.33333333333334,160.33333333333334,165.33333333333334,169.33333333333334,173.33333333333334,172.33333333333334,171.33333333333334,173.33333333333334,176.33333333333334,177.33333333333334,174.33333333333334,172.33333333333334,169.0,166.0,163.33333333333334,162.33333333333334,162.33333333333334,161.33333333333334,159.0,156.0,154.0,153.0,152.33333333333334,151.33333333333334,151.33333333333334,150.33333333333334,151.0,151.0,147.0,146.0,145.0,143.0,140.0,137.0,134.0,133.0,130.0,130.0,129.0,127.0,124.0,119.0,115.0,112.0,112.0,112.0,112.0,112.0,111.0,110.0,109.0,108.0,106.0,105.0,105.0,104.0,103.0,102.0,101.0,101.0,99.0,100.0,100.0,101.0,101.0,102.0,102.0,103.0,103.0,102.0,102.0,101.0,101.0,101.0,101.0,102.0,104.0,104.0,104.0,104.0,104.0,103.0,162.33333333333334,163.33333333333334,166.0,171.0,179.0,188.0,195.66666666666666,200.66666666666666,203.66666666666666,204.66666666666666,205.33333333333334,208.33333333333334,210.33333333333334,209.33333333333334,206.33333333333334,204.33333333333334,201.33333333333334,198.33333333333334,194.33333333333334,187.33333333333334,178.33333333333334,171.33333333333334,166.33333333333334,163.33333333333334,163.33333333333334,167.33333333333334,170.33333333333334,166.33333333333334,158.33333333333334,155.33333333333334,159.33333333333334,165.33333333333334,165.33333333333334,166.33333333333334,167.33333333333334,163.33333333333334,158.33333333333334,156.33333333333334,158.33333333333334,161.33333333333334,156.33333333333334,157.33333333333334,160.33333333333334,163.33333333333334,165.33333333333334,164.33333333333334,160.33333333333334,156.33333333333334,160.33333333333334,158.33333333333334,157.33333333333334,156.33333333333334,156.33333333333334,153.33333333333334,149.33333333333334,146.33333333333334,150.33333333333334,151.33333333333334,152.33333333333334,152.33333333333334,152.33333333333334,152.33333333333334,151.33333333333334,151.33333333333334,153.33333333333334,154.33333333333334,154.33333333333334,152.33333333333334,150.33333333333334,152.33333333333334,158.33333333333334,163.33333333333334,170.33333333333334,169.33333333333334,167.33333333333334,169.33333333333334,172.33333333333334,173.33333333333334,171.33333333333334,169.33333333333334,170.0,167.0,165.33333333333334,165.33333333333334,166.33333333333334,166.33333333333334,164.0,161.0,161.0,160.0,159.33333333333334,158.33333333333334,158.33333333333334,158.33333333333334,160.0,160.0,157.0,157.0,156.0,154.0,152.0,149.0,147.0,146.0,143.0,143.0,142.0,139.0,135.0,130.0,125.0,122.0,121.0,121.0,121.0,120.0,119.0,118.0,116.0,115.0,112.0,112.0,111.0,110.0,109.0,108.0,107.0,107.0,103.0,104.0,104.0,104.0,105.0,105.0,105.0,105.0,105.0,104.0,104.0,103.0,103.0,104.0,105.0,105.0,106.0,105.0,105.0,104.0,104.0,103.0,174.0,177.0,183.0,190.0,196.66666666666666,203.66666666666666,209.66666666666666,211.66666666666666,213.33333333333334,210.33333333333334,208.33333333333334,208.33333333333334,210.33333333333334,212.33333333333334,213.33333333333334,213.33333333333334,205.33333333333334,205.33333333333334,204.33333333333334,201.33333333333334,196.33333333333334,189.33333333333334,183.33333333333334,179.33333333333334,184.33333333333334,183.33333333333334,181.33333333333334,178.33333333333334,175.33333333333334,172.33333333333334,170.33333333333334,168.33333333333334,176.33333333333334,172.33333333333334,165.33333333333334,160.33333333333334,157.33333333333334,158.33333333333334,161.33333333333334,163.33333333333334,158.33333333333334,157.33333333333334,157.33333333333334,157.33333333333334,157.33333333333334,158.33333333333334,158.33333333333334,159.33333333333334,160.33333333333334,160.33333333333334,161.33333333333334,161.33333333333334,159.33333333333334,155.33333333333334,152.33333333333334,150.33333333333334,152.33333333333334,153.33333333333334,154.33333333333334,154.33333333333334,154.33333333333334,152.33333333333334,151.33333333333334,150.33333333333334,152.33333333333334,150.33333333333334,148.33333333333334,149.33333333333334,150.33333333333334,151.33333333333334,151.33333333333334,150.33333333333334,156.33333333333334,157.33333333333334,157.33333333333334,158.33333333333334,159.33333333333334,160.33333333333334,161.33333333333334,162.33333333333334,156.0,158.0,161.33333333333334,163.33333333333334,164.33333333333334,163.33333333333334,162.66666666666666,160.66666666666666,162.66666666666666,163.66666666666666,165.33333333333334,165.33333333333334,166.33333333333334,166.33333333333334,166.0,166.0,161.0,161.33333333333334,162.33333333333334,163.33333333333334,162.33333333333334,160.33333333333334,158.33333333333334,156.33333333333334,153.33333333333334,154.33333333333334,154.33333333333334,152.33333333333334,149.33333333333334,143.33333333333334,138.33333333333334,135.33333333333334,133.33333333333334,133.33333333333334,132.33333333333334,131.33333333333334,130.33333333333334,129.33333333333334,128.33333333333334,128.33333333333334,122.33333333333333,122.33333333333333,121.33333333333333,119.33333333333333,116.33333333333333,113.33333333333333,110.33333333333333,109.33333333333333,110.33333333333333,111.33333333333333,111.33333333333333,111.33333333333333,111.33333333333333,110.33333333333333,109.33333333333333,108.33333333333333,107.33333333333333,106.33333333333333,105.33333333333333,104.33333333333333,105.33333333333333,106.33333333333333,108.33333333333333,110.0,107.0,107.0,106.0,106.0,106.0,106.0,182.0,185.0,189.0,195.0,200.66666666666666,206.66666666666666,211.66666666666666,213.66666666666666,210.33333333333334,210.33333333333334,211.33333333333334,212.33333333333334,212.33333333333334,212.33333333333334,213.33333333333334,213.33333333333334,215.33333333333334,216.33333333333334,217.33333333333334,217.33333333333334,215.33333333333334,211.33333333333334,206.33333333333334,204.33333333333334,204.33333333333334,202.33333333333334,199.33333333333334,195.33333333333334,191.33333333333334,188.33333333333334,186.33333333333334,185.33333333333334,180.33333333333334,177.33333333333334,171.33333333333334,166.33333333333334,163.33333333333334,163.33333333333334,165.33333333333334,166.33333333333334,164.33333333333334,163.33333333333334,162.33333333333334,161.33333333333334,160.33333333333334,160.33333333333334,160.33333333333334,161.33333333333334,164.33333333333334,165.33333333333334,165.33333333333334,164.33333333333334,162.33333333333334,159.33333333333334,156.33333333333334,154.33333333333334,154.33333333333334,155.33333333333334,156.33333333333334,157.33333333333334,158.33333333333334,157.33333333333334,156.33333333333334,156.33333333333334,149.33333333333334,147.33333333333334,146.33333333333334,146.33333333333334,148.33333333333334,149.33333333333334,149.33333333333334,148.33333333333334,150.33333333333334,151.33333333333334,151.33333333333334,151.33333333333334,152.33333333333334,152.33333333333334,153.33333333333334,153.33333333333334,153.0,154.0,155.33333333333334,157.33333333333334,158.33333333333334,158.33333333333334,158.66666666666666,157.66666666666666,158.66666666666666,158.66666666666666,161.33333333333334,162.33333333333334,163.33333333333334,163.33333333333334,164.0,164.0,162.33333333333334,163.33333333333334,165.33333333333334,166.33333333333334,165.33333333333334,163.33333333333334,161.33333333333334,160.33333333333334,157.33333333333334,158.33333333333334,157.33333333333334,156.33333333333334,153.33333333333334,149.33333333333334,146.33333333333334,144.33333333333334,142.33333333333334,141.33333333333334,140.33333333333334,138.33333333333334,136.33333333333334,134.33333333333334,133.33333333333334,132.33333333333334,130.33333333333334,129.33333333333334,129.33333333333334,127.33333333333333,126.33333333333333,123.33333333333333,121.33333333333333,120.33333333333333,117.33333333333333,117.33333333333333,118.33333333333333,119.33333333333333,119.33333333333333,119.33333333333333,119.33333333333333,118.33333333333333,115.33333333333333,114.33333333333333,113.33333333333333,111.33333333333333,110.33333333333333,110.33333333333333,109.33333333333333,109.33333333333333,108.0,108.0,106.0,105.0,104.0,104.0,183.66666666666666,185.66666666666666,188.66666666666666,192.66666666666666,196.66666666666666,200.66666666666666,203.33333333333334,205.33333333333334,202.33333333333334,206.33333333333334,211.33333333333334,213.33333333333334,213.33333333333334,213.33333333333334,215.33333333333334,217.33333333333334,222.0,224.0,226.0,228.0,228.0,226.0,223.0,221.0,217.0,214.0,209.0,203.0,199.0,196.0,195.0,195.33333333333334,191.33333333333334,189.0,185.0,181.0,178.0,177.0,177.0,178.0,178.0,176.0,174.0,171.0,169.0,169.0,169.0,168.33333333333334,169.33333333333334,169.0,169.0,168.0,166.0,163.0,160.0,159.0,154.0,155.0,156.0,157.0,158.0,158.0,158.0,157.0,153.0,151.0,150.0,151.0,152.0,153.0,152.0,150.0,145.0,146.0,146.0,146.0,146.0,146.0,146.0,146.0,149.0,149.0,149.33333333333334,149.33333333333334,150.33333333333334,151.33333333333334,152.66666666666666,153.66666666666666,152.66666666666666,153.66666666666666,155.33333333333334,157.33333333333334,158.33333333333334,158.33333333333334,159.0,159.0,160.33333333333334,161.33333333333334,162.33333333333334,163.33333333333334,162.33333333333334,161.33333333333334,159.33333333333334,158.33333333333334,156.33333333333334,156.33333333333334,155.33333333333334,154.33333333333334,152.33333333333334,151.33333333333334,150.33333333333334,149.33333333333334,148.33333333333334,147.33333333333334,145.33333333333334,143.33333333333334,140.33333333333334,138.33333333333334,136.33333333333334,136.33333333333334,136.33333333333334,136.33333333333334,136.33333333333334,136.33333333333334,136.33333333333334,135.33333333333334,134.33333333333334,133.33333333333334,131.33333333333334,132.33333333333334,133.33333333333334,134.33333333333334,135.33333333333334,135.33333333333334,134.33333333333334,134.33333333333334,130.33333333333334,129.33333333333334,128.33333333333334,126.33333333333333,124.33333333333333,121.33333333333333,119.33333333333333,118.33333333333333,116.0,114.0,112.0,110.0,108.0,107.0,169.66666666666666,170.66666666666666,171.66666666666666,174.66666666666666,176.66666666666666,178.66666666666666,180.33333333333334,181.33333333333334,184.33333333333334,190.33333333333334,197.33333333333334,200.33333333333334,201.33333333333334,204.33333333333334,211.33333333333334,217.33333333333334,222.0,224.0,226.0,228.0,228.0,226.0,224.0,222.0,217.0,213.0,207.0,202.0,197.0,195.0,195.0,196.0,198.0,196.0,193.0,191.0,188.0,187.0,186.0,186.0,186.0,185.0,182.0,179.0,177.0,175.0,175.0,174.33333333333334,174.33333333333334,174.0,173.0,172.0,170.0,168.0,166.0,165.0,161.0,161.0,161.0,161.0,161.0,161.0,161.0,161.0,159.0,158.0,156.0,155.0,156.0,154.0,152.0,150.0,144.0,145.0,145.0,146.0,147.0,147.0,148.0,148.0,148.0,147.0,145.33333333333334,144.33333333333334,144.33333333333334,146.33333333333334,148.66666666666666,149.66666666666666,149.66666666666666,149.66666666666666,151.33333333333334,151.33333333333334,151.33333333333334,150.33333333333334,150.0,148.33333333333334,150.33333333333334,150.33333333333334,151.33333333333334,151.33333333333334,151.33333333333334,150.33333333333334,149.33333333333334,148.33333333333334,145.33333333333334,144.33333333333334,143.33333333333334,142.33333333333334,141.33333333333334,142.33333333333334,143.33333333333334,144.33333333333334,143.33333333333334,142.33333333333334,141.33333333333334,139.33333333333334,137.33333333333334,136.33333333333334,134.33333333333334,134.33333333333334,136.33333333333334,137.33333333333334,138.33333333333334,139.33333333333334,140.33333333333334,140.33333333333334,140.33333333333334,140.33333333333334,141.33333333333334,141.33333333333334,142.33333333333334,142.33333333333334,142.33333333333334,141.33333333333334,141.33333333333334,140.33333333333334,137.33333333333334,137.33333333333334,137.33333333333334,136.33333333333334,134.33333333333334,131.33333333333334,128.33333333333334,126.33333333333333,124.0,122.0,119.0,116.0,114.0,114.0,145.66666666666666,145.66666666666666,146.66666666666666,147.66666666666666,147.33333333333334,148.33333333333334,149.33333333333334,149.33333333333334,155.33333333333334,160.33333333333334,166.33333333333334,169.33333333333334,172.33333333333334,179.33333333333334,191.33333333333334,200.33333333333334,209.0,211.0,215.0,217.0,218.0,216.0,214.0,213.0,208.0,204.0,200.0,195.0,192.0,192.0,192.0,193.0,190.66666666666666,189.66666666666666,188.66666666666666,187.66666666666666,186.66666666666666,185.66666666666666,185.66666666666666,185.66666666666666,187.66666666666666,187.66666666666666,185.66666666666666,184.66666666666666,182.66666666666666,181.66666666666666,180.66666666666666,180.33333333333334,180.33333333333334,180.0,180.0,179.0,178.0,176.0,175.0,175.0,177.0,176.0,175.0,173.0,172.0,170.0,169.0,169.0,164.0,161.66666666666666,158.66666666666666,157.66666666666666,155.66666666666666,152.66666666666666,148.66666666666666,145.66666666666666,146.66666666666666,146.66666666666666,147.66666666666666,148.66666666666666,150.66666666666666,151.66666666666666,152.66666666666666,153.66666666666666,150.66666666666666,148.66666666666666,145.66666666666666,143.66666666666666,142.66666666666666,143.66666666666666,146.33333333333334,147.33333333333334,147.33333333333334,147.33333333333334,147.0,146.0,143.0,141.0,139.33333333333334,137.33333333333334,138.33333333333334,138.33333333333334,138.33333333333334,138.33333333333334,137.33333333333334,136.33333333333334,135.33333333333334,134.33333333333334,130.33333333333334,129.33333333333334,127.33333333333333,126.33333333333333,126.33333333333333,128.33333333333334,130.33333333333334,131.33333333333334,132.33333333333334,131.33333333333334,131.33333333333334,130.33333333333334,130.33333333333334,129.33333333333334,129.33333333333334,128.33333333333334,130.33333333333334,132.33333333333334,134.33333333333334,136.33333333333334,138.33333333333334,140.33333333333334,140.33333333333334,141.33333333333334,140.33333333333334,140.33333333333334,139.33333333333334,138.33333333333334,137.33333333333334,135.33333333333334,133.33333333333334,132.33333333333334,132.33333333333334,133.33333333333334,134.33333333333334,134.33333333333334,134.33333333333334,132.33333333333334,131.33333333333334,130.33333333333334,130.0,129.0,127.0,125.0,123.0,123.0,128.66666666666666,128.66666666666666,128.66666666666666,129.66666666666666,129.33333333333334,129.33333333333334,130.33333333333334,130.33333333333334,130.33333333333334,133.33333333333334,135.33333333333334,138.33333333333334,142.33333333333334,150.33333333333334,161.33333333333334,170.33333333333334,177.0,179.0,183.0,187.0,188.0,188.0,186.0,185.0,180.0,178.0,176.0,174.0,173.0,174.0,176.0,177.0,177.33333333333334,176.66666666666666,176.66666666666666,177.66666666666666,178.66666666666666,179.66666666666666,181.66666666666666,182.66666666666666,188.66666666666666,189.66666666666666,191.66666666666666,192.66666666666666,192.66666666666666,191.66666666666666,190.66666666666666,189.33333333333334,186.0,186.0,186.0,186.0,186.0,185.0,185.0,185.0,185.0,184.0,182.0,179.0,177.0,175.0,174.0,174.0,173.66666666666666,171.66666666666666,168.66666666666666,167.66666666666666,164.66666666666666,160.66666666666666,155.66666666666666,151.66666666666666,151.66666666666666,152.66666666666666,153.66666666666666,154.66666666666666,155.66666666666666,156.66666666666666,157.66666666666666,157.66666666666666,154.66666666666666,152.66666666666666,149.66666666666666,145.66666666666666,144.66666666666666,143.66666666666666,145.33333333333334,146.33333333333334,145.33333333333334,145.33333333333334,144.0,141.0,138.0,134.0,131.33333333333334,129.33333333333334,131.33333333333334,130.33333333333334,129.33333333333334,127.33333333333333,125.33333333333333,124.33333333333333,123.33333333333333,122.33333333333333,118.33333333333333,117.33333333333333,116.33333333333333,115.33333333333333,114.33333333333333,115.33333333333333,117.33333333333333,118.33333333333333,119.33333333333333,119.33333333333333,119.33333333333333,119.33333333333333,119.33333333333333,119.33333333333333,119.33333333333333,119.33333333333333,121.33333333333333,122.33333333333333,125.33333333333333,128.33333333333334,130.33333333333334,132.33333333333334,134.33333333333334,134.33333333333334,135.33333333333334,135.33333333333334,134.33333333333334,132.33333333333334,130.33333333333334,127.33333333333333,125.33333333333333,123.33333333333333,124.33333333333333,125.33333333333333,127.33333333333333,128.33333333333334,130.33333333333334,130.33333333333334,131.33333333333334,131.33333333333334,136.0,136.0,136.0,136.0,136.0,136.0,126.66666666666667,127.66666666666667,127.66666666666667,127.66666666666667,128.33333333333334,128.33333333333334,129.33333333333334,129.33333333333334,126.33333333333333,126.33333333333333,125.33333333333333,126.33333333333333,129.33333333333334,134.33333333333334,140.33333333333334,143.33333333333334,142.0,143.66666666666666,146.66666666666666,149.66666666666666,149.66666666666666,148.66666666666666,146.66666666666666,144.66666666666666,139.66666666666666,139.66666666666666,140.66666666666666,141.66666666666666,143.66666666666666,146.66666666666666,148.66666666666666,150.0,154.33333333333334,155.66666666666666,155.66666666666666,157.66666666666666,160.66666666666666,164.66666666666666,168.66666666666666,170.66666666666666,177.66666666666666,180.66666666666666,185.66666666666666,190.66666666666666,192.66666666666666,191.66666666666666,189.66666666666666,188.33333333333334,186.0,185.33333333333334,186.33333333333334,186.33333333333334,187.33333333333334,188.33333333333334,189.33333333333334,190.33333333333334,186.33333333333334,184.33333333333334,182.33333333333334,179.33333333333334,177.33333333333334,176.33333333333334,176.33333333333334,176.33333333333334,182.0,180.0,179.0,178.0,177.0,173.0,168.0,164.0,162.0,162.0,162.0,162.0,162.0,161.0,161.0,161.0,158.66666666666666,156.66666666666666,152.66666666666666,149.66666666666666,146.66666666666666,144.66666666666666,144.33333333333334,143.33333333333334,142.33333333333334,141.33333333333334,140.0,138.0,134.0,131.0,128.33333333333334,126.33333333333333,125.33333333333333,124.33333333333333,122.33333333333333,119.33333333333333,116.33333333333333,114.33333333333333,113.33333333333333,112.33333333333333,110.33333333333333,109.33333333333333,108.33333333333333,107.33333333333333,106.33333333333333,106.33333333333333,106.33333333333333,106.33333333333333,108.33333333333333,108.33333333333333,107.33333333333333,107.33333333333333,106.33333333333333,106.33333333333333,105.33333333333333,105.33333333333333,107.33333333333333,108.33333333333333,111.33333333333333,114.33333333333333,117.33333333333333,120.33333333333333,121.33333333333333,122.33333333333333,123.33333333333333,123.33333333333333,122.33333333333333,121.33333333333333,119.33333333333333,116.33333333333333,114.33333333333333,113.33333333333333,112.33333333333333,112.33333333333333,113.33333333333333,115.33333333333333,117.33333333333333,119.33333333333333,121.33333333333333,123.33333333333333,128.0,130.0,133.0,135.0,136.0,136.0,133.33333333333334,133.0,134.33333333333334,135.0,135.0,135.33333333333334,136.0,136.33333333333334,134.33333333333334,132.33333333333334,130.33333333333334,130.33333333333334,131.33333333333334,132.33333333333334,132.33333333333334,131.33333333333334,126.0,127.0,129.0,129.0,127.0,124.0,120.0,116.66666666666667,113.0,114.66666666666667,116.66666666666667,120.66666666666667,124.66666666666667,127.66666666666667,129.66666666666666,132.0,132.0,132.0,133.33333333333334,135.0,140.33333333333334,145.33333333333334,150.33333333333334,153.33333333333334,158.33333333333334,163.33333333333334,170.33333333333334,177.33333333333334,180.33333333333334,180.33333333333334,178.33333333333334,175.66666666666666,183.33333333333334,183.0,184.0,185.0,186.0,188.0,190.0,191.0,191.0,189.0,187.0,185.0,184.0,184.0,184.0,184.0,182.66666666666666,181.66666666666666,180.66666666666666,181.66666666666666,180.66666666666666,178.66666666666666,173.66666666666666,169.66666666666666,172.66666666666666,172.66666666666666,171.66666666666666,169.33333333333334,168.66666666666666,166.33333333333334,165.66666666666666,165.33333333333334,160.66666666666666,158.66666666666666,155.33333333333334,152.33333333333334,148.33333333333334,145.33333333333334,144.0,143.0,140.0,139.0,138.33333333333334,136.33333333333334,133.33333333333334,130.33333333333334,127.33333333333333,126.33333333333333,121.33333333333333,119.33333333333333,116.33333333333333,113.33333333333333,110.33333333333333,108.33333333333333,106.66666666666667,106.66666666666667,105.66666666666667,104.66666666666667,103.66666666666667,102.66666666666667,101.66666666666667,99.66666666666667,98.66666666666667,98.66666666666667,100.66666666666667,100.33333333333333,99.66666666666667,98.33333333333333,96.66666666666667,95.33333333333333,94.66666666666667,93.33333333333333,95.66666666666667,97.33333333333333,100.66666666666667,103.33333333333333,106.66666666666667,109.33333333333333,110.66666666666667,111.66666666666667,106.66666666666667,106.66666666666667,106.66666666666667,105.66666666666667,104.66666666666667,102.66666666666667,101.66666666666667,100.33333333333333,96.33333333333333,96.33333333333333,96.33333333333333,97.33333333333333,99.33333333333333,102.33333333333333,105.33333333333333,107.33333333333333,110.0,112.33333333333333,117.0,120.33333333333333,123.0,122.33333333333333,137.33333333333334,137.33333333333334,139.33333333333334,143.33333333333334,149.33333333333334,153.0,155.33333333333334,155.0,152.0,152.0,153.33333333333334,156.33333333333334,158.33333333333334,154.33333333333334,145.33333333333334,138.33333333333334,135.0,130.0,124.33333333333333,122.33333333333333,122.33333333333333,119.33333333333333,112.33333333333333,106.0,100.33333333333333,106.0,113.0,117.0,118.0,117.0,117.0,119.33333333333333,120.33333333333333,119.33333333333333,120.0,121.33333333333333,126.0,128.0,128.0,127.0,139.0,139.0,141.0,144.0,147.66666666666666,150.66666666666666,152.66666666666666,153.0,159.0,161.33333333333334,166.33333333333334,172.33333333333334,178.33333333333334,182.33333333333334,185.33333333333334,186.33333333333334,192.33333333333334,192.33333333333334,190.33333333333334,188.33333333333334,186.33333333333334,184.33333333333334,183.33333333333334,182.33333333333334,184.33333333333334,184.33333333333334,183.33333333333334,180.33333333333334,177.33333333333334,177.33333333333334,179.33333333333334,181.33333333333334,182.33333333333334,180.33333333333334,177.33333333333334,174.66666666666666,173.33333333333334,170.66666666666666,168.33333333333334,165.66666666666666,160.66666666666666,157.66666666666666,152.33333333333334,148.33333333333334,145.66666666666666,142.66666666666666,139.33333333333334,136.33333333333334,135.33333333333334,133.33333333333334,131.66666666666666,130.0,129.0,127.0,123.0,120.0,118.66666666666667,115.66666666666667,111.66666666666667,109.66666666666667,108.66666666666667,107.66666666666667,106.0,104.0,104.0,103.0,101.66666666666667,99.66666666666667,98.66666666666667,97.66666666666667,96.66666666666667,96.66666666666667,92.33333333333333,89.66666666666667,87.33333333333333,85.66666666666667,86.33333333333333,85.66666666666667,85.33333333333333,83.66666666666667,83.33333333333333,81.66666666666667,83.33333333333333,84.66666666666667,89.33333333333333,90.66666666666667,92.33333333333333,91.33333333333333,87.33333333333333,89.33333333333333,92.33333333333333,95.33333333333333,96.33333333333333,96.33333333333333,94.33333333333333,91.66666666666667,87.66666666666667,85.66666666666667,83.66666666666667,82.66666666666667,83.33333333333333,85.33333333333333,87.33333333333333,89.33333333333333,88.33333333333333,89.66666666666667,94.33333333333333,96.66666666666667,100.33333333333333,101.66666666666667,149.0,148.0,150.0,153.0,158.33333333333334,162.33333333333334,163.33333333333334,163.33333333333334,163.0,162.0,160.33333333333334,162.33333333333334,164.33333333333334,164.33333333333334,159.33333333333334,154.33333333333334,147.33333333333334,143.33333333333334,139.0,138.0,138.0,135.0,127.33333333333333,121.33333333333333,120.33333333333333,124.33333333333333,129.0,130.0,127.0,124.0,123.0,123.33333333333333,122.33333333333333,121.33333333333333,119.33333333333333,120.33333333333333,121.0,121.0,119.33333333333333,118.33333333333333,117.66666666666667,116.66666666666667,115.66666666666667,114.66666666666667,117.33333333333333,120.33333333333333,123.33333333333333,125.66666666666667,133.33333333333334,136.0,142.0,149.0,155.0,161.0,164.0,166.0,175.0,176.0,177.0,178.0,180.0,182.0,183.0,182.66666666666666,180.33333333333334,181.0,183.0,183.0,180.66666666666666,179.66666666666666,180.66666666666666,181.66666666666666,181.66666666666666,179.66666666666666,177.33333333333334,175.33333333333334,173.33333333333334,170.33333333333334,165.33333333333334,162.33333333333334,157.33333333333334,153.33333333333334,148.0,143.0,139.0,136.0,133.66666666666666,131.66666666666666,130.66666666666666,128.66666666666666,126.66666666666667,125.66666666666667,124.66666666666667,122.66666666666667,119.33333333333333,116.66666666666667,115.66666666666667,112.66666666666667,108.66666666666667,106.66666666666667,106.0,105.0,103.0,101.0,99.66666666666667,97.66666666666667,96.33333333333333,94.33333333333333,92.33333333333333,90.33333333333333,89.33333333333333,89.33333333333333,85.66666666666667,83.33333333333333,82.33333333333333,82.33333333333333,83.33333333333333,82.33333333333333,80.33333333333333,78.33333333333333,73.33333333333333,72.33333333333333,71.33333333333333,72.33333333333333,75.33333333333333,77.33333333333333,77.33333333333333,76.33333333333333,75.66666666666667,78.66666666666667,82.66666666666667,86.66666666666667,88.66666666666667,89.66666666666667,88.33333333333333,87.33333333333333,81.66666666666667,80.66666666666667,79.66666666666667,77.66666666666667,75.33333333333333,73.33333333333333,72.33333333333333,71.33333333333333,66.33333333333333,66.66666666666667,67.66666666666667,69.66666666666667,71.66666666666667,72.66666666666667,164.0,162.0,161.0,162.0,164.0,166.0,165.33333333333334,164.33333333333334,163.0,159.0,156.0,156.0,158.33333333333334,160.33333333333334,159.33333333333334,157.33333333333334,151.33333333333334,149.33333333333334,147.33333333333334,148.33333333333334,148.0,146.0,140.0,135.0,139.33333333333334,141.33333333333334,144.33333333333334,144.33333333333334,141.0,137.0,134.0,133.33333333333334,128.33333333333334,127.0,123.0,121.0,120.0,118.0,114.0,112.0,108.66666666666667,105.66666666666667,100.66666666666667,97.66666666666667,97.33333333333333,99.33333333333333,102.66666666666667,104.66666666666667,107.0,108.33333333333333,112.33333333333333,117.33333333333333,122.33333333333333,126.33333333333333,129.33333333333334,130.33333333333334,143.33333333333334,145.33333333333334,149.33333333333334,155.33333333333334,161.33333333333334,166.33333333333334,170.33333333333334,173.33333333333334,169.33333333333334,173.0,178.0,181.0,181.66666666666666,181.66666666666666,181.66666666666666,182.66666666666666,184.66666666666666,183.66666666666666,182.66666666666666,181.66666666666666,180.33333333333334,176.33333333333334,170.33333333333334,165.33333333333334,155.0,150.0,142.0,136.0,132.33333333333334,129.33333333333334,127.66666666666667,125.66666666666667,123.0,121.0,119.66666666666667,119.66666666666667,119.0,118.0,115.0,111.66666666666667,109.66666666666667,106.66666666666667,103.66666666666667,101.66666666666667,100.66666666666667,99.66666666666667,97.33333333333333,95.33333333333333,90.66666666666667,88.66666666666667,86.66666666666667,83.66666666666667,81.0,79.0,77.0,76.66666666666667,74.66666666666667,74.0,75.0,76.0,78.0,77.0,74.0,72.0,63.0,61.0,58.0,58.0,59.0,60.0,60.0,59.0,61.666666666666664,65.33333333333333,68.66666666666667,73.66666666666667,77.66666666666667,80.66666666666667,82.0,82.0,83.0,84.0,84.66666666666667,83.66666666666667,79.66666666666667,72.66666666666667,66.66666666666667,61.333333333333336,53.333333333333336,52.333333333333336,51.333333333333336,50.333333333333336,50.333333333333336,51.333333333333336,180.0,177.0,172.0,169.0,168.0,167.0,163.33333333333334,162.33333333333334,155.33333333333334,151.0,147.0,147.0,149.0,150.33333333333334,150.33333333333334,149.0,148.33333333333334,148.33333333333334,149.33333333333334,151.33333333333334,153.33333333333334,152.0,148.0,145.0,147.0,148.33333333333334,150.33333333333334,151.33333333333334,150.33333333333334,147.0,145.0,144.33333333333334,138.33333333333334,136.0,132.0,129.0,126.0,123.0,119.0,116.0,115.66666666666667,112.66666666666667,107.66666666666667,102.66666666666667,100.33333333333333,99.66666666666667,100.66666666666667,102.33333333333333,96.0,96.33333333333333,96.33333333333333,97.33333333333333,98.33333333333333,98.33333333333333,98.33333333333333,98.33333333333333,109.33333333333333,112.33333333333333,117.33333333333333,125.33333333333333,133.33333333333334,140.33333333333334,145.33333333333334,149.33333333333334,153.0,157.0,163.0,167.0,170.66666666666666,173.66666666666666,176.66666666666666,179.66666666666666,180.66666666666666,181.66666666666666,182.66666666666666,184.66666666666666,184.66666666666666,180.33333333333334,174.66666666666666,169.33333333333334,158.33333333333334,151.0,142.33333333333334,133.33333333333334,128.33333333333334,125.33333333333333,122.66666666666667,121.66666666666667,117.0,116.0,114.66666666666667,113.66666666666667,114.0,113.0,110.0,107.0,103.66666666666667,100.66666666666667,97.66666666666667,95.66666666666667,94.66666666666667,92.66666666666667,91.33333333333333,89.33333333333333,81.66666666666667,80.66666666666667,77.66666666666667,73.66666666666667,71.0,69.0,67.0,66.66666666666667,65.66666666666667,66.0,69.0,73.0,75.0,75.0,71.0,68.0,60.0,56.0,52.0,49.0,48.0,49.0,48.0,48.666666666666664,50.333333333333336,53.333333333333336,57.333333333333336,61.666666666666664,67.66666666666667,71.66666666666667,74.66666666666667,76.0,82.0,85.0,90.0,90.66666666666667,87.66666666666667,80.66666666666667,72.66666666666667,67.66666666666667,57.333333333333336,54.333333333333336,50.333333333333336,47.333333333333336,45.333333333333336,45.333333333333336,185.0,182.0,177.0,175.0,174.0,173.0,172.0,170.33333333333334,162.33333333333334,159.33333333333334,156.33333333333334,155.66666666666666,157.66666666666666,157.66666666666666,153.66666666666666,150.66666666666666,152.33333333333334,154.0,156.0,157.33333333333334,159.33333333333334,158.33333333333334,156.33333333333334,153.66666666666666,148.66666666666666,149.66666666666666,150.66666666666666,152.33333333333334,152.33333333333334,151.33333333333334,149.33333333333334,148.0,144.33333333333334,142.0,139.0,136.0,134.0,131.0,127.0,124.0,121.66666666666667,119.66666666666667,115.66666666666667,111.33333333333333,108.66666666666667,105.66666666666667,103.66666666666667,103.33333333333333,99.0,98.0,97.0,94.0,92.0,90.0,89.0,88.0,91.0,93.0,98.0,104.0,110.0,116.0,120.0,123.0,129.0,131.66666666666666,136.66666666666666,140.66666666666666,145.66666666666666,151.66666666666666,158.66666666666666,162.66666666666666,165.0,167.0,171.0,176.0,179.0,176.66666666666666,173.0,168.66666666666666,158.33333333333334,152.33333333333334,142.33333333333334,133.33333333333334,127.66666666666667,123.66666666666667,120.0,118.0,113.66666666666667,111.66666666666667,111.0,110.0,109.0,108.0,105.0,102.0,97.33333333333333,94.33333333333333,90.33333333333333,88.33333333333333,87.33333333333333,86.33333333333333,84.66666666666667,82.66666666666667,74.66666666666667,72.66666666666667,71.0,68.0,65.0,63.0,62.666666666666664,61.0,61.333333333333336,62.666666666666664,66.66666666666667,71.66666666666667,75.66666666666667,75.66666666666667,72.66666666666667,69.66666666666667,60.666666666666664,55.666666666666664,49.666666666666664,44.666666666666664,42.666666666666664,42.666666666666664,42.666666666666664,41.666666666666664,42.333333333333336,43.333333333333336,46.333333333333336,50.333333333333336,55.333333333333336,59.666666666666664,63.666666666666664,65.66666666666667,71.66666666666667,75.0,83.0,88.0,89.0,86.0,79.66666666666667,75.66666666666667,64.33333333333333,61.333333333333336,56.333333333333336,51.333333333333336,48.333333333333336,47.333333333333336,173.0,171.0,171.0,173.0,178.0,184.0,187.0,189.0,185.0,182.33333333333334,180.33333333333334,180.33333333333334,182.33333333333334,179.66666666666666,175.66666666666666,171.33333333333334,171.0,170.0,169.0,167.0,165.0,162.33333333333334,160.33333333333334,159.33333333333334,155.33333333333334,153.66666666666666,153.66666666666666,153.66666666666666,153.66666666666666,152.33333333333334,149.33333333333334,146.66666666666666,145.33333333333334,144.0,141.0,139.0,138.0,136.0,133.0,131.0,126.66666666666667,125.33333333333333,122.33333333333333,119.33333333333333,116.66666666666667,113.66666666666667,110.66666666666667,109.0,106.66666666666667,106.0,104.0,101.0,99.0,98.0,97.0,97.0,92.0,93.0,95.0,97.0,99.0,102.0,103.0,103.33333333333333,107.33333333333333,108.66666666666667,110.66666666666667,113.66666666666667,117.66666666666667,123.66666666666667,130.66666666666666,134.66666666666666,144.0,147.0,152.0,159.0,164.0,165.0,163.0,160.0,150.0,144.0,136.0,127.33333333333333,122.66666666666667,118.66666666666667,115.0,113.0,108.66666666666667,106.66666666666667,105.0,104.0,103.0,100.0,97.0,94.0,88.33333333333333,85.33333333333333,82.33333333333333,79.33333333333333,79.33333333333333,77.33333333333333,75.66666666666667,73.66666666666667,67.66666666666667,67.0,65.0,63.0,62.0,61.666666666666664,60.666666666666664,60.0,59.333333333333336,60.666666666666664,65.66666666666667,71.66666666666667,76.66666666666667,77.66666666666667,75.66666666666667,72.66666666666667,61.666666666666664,55.666666666666664,47.666666666666664,41.666666666666664,38.666666666666664,38.666666666666664,38.666666666666664,39.333333333333336,37.333333333333336,37.333333333333336,38.333333333333336,39.333333333333336,42.333333333333336,46.333333333333336,49.333333333333336,51.666666666666664,59.666666666666664,63.666666666666664,71.66666666666667,78.0,84.0,86.0,86.0,84.66666666666667,75.66666666666667,71.33333333333333,66.33333333333333,61.333333333333336,58.333333333333336,57.333333333333336,164.33333333333334,165.33333333333334,169.33333333333334,177.33333333333334,188.33333333333334,199.66666666666666,207.66666666666666,212.33333333333334,213.33333333333334,210.33333333333334,208.33333333333334,208.0,211.0,211.0,207.0,203.0,204.0,200.0,194.0,186.0,177.0,170.0,166.0,163.33333333333334,162.33333333333334,160.33333333333334,158.33333333333334,157.66666666666666,158.66666666666666,157.66666666666666,153.66666666666666,149.66666666666666,146.33333333333334,145.0,142.0,141.0,140.0,139.0,136.0,133.66666666666666,134.33333333333334,131.33333333333334,128.33333333333334,125.0,122.66666666666667,121.66666666666667,121.66666666666667,121.0,115.66666666666667,114.66666666666667,112.66666666666667,110.66666666666667,108.66666666666667,107.66666666666667,108.66666666666667,108.66666666666667,103.66666666666667,102.66666666666667,101.66666666666667,99.66666666666667,98.66666666666667,96.66666666666667,95.66666666666667,94.33333333333333,94.33333333333333,96.33333333333333,99.33333333333333,100.33333333333333,101.33333333333333,102.33333333333333,106.33333333333333,108.33333333333333,116.33333333333333,119.33333333333333,126.0,133.0,139.0,142.0,141.0,139.0,131.0,127.0,121.0,117.0,113.66666666666667,111.66666666666667,108.66666666666667,106.66666666666667,102.66666666666667,99.66666666666667,98.0,96.0,94.66666666666667,91.66666666666667,87.66666666666667,84.66666666666667,79.66666666666667,76.66666666666667,73.66666666666667,70.66666666666667,70.66666666666667,68.66666666666667,67.0,65.0,62.0,61.333333333333336,60.333333333333336,60.333333333333336,59.333333333333336,61.0,61.0,61.333333333333336,59.0,60.666666666666664,64.66666666666667,70.66666666666667,76.66666666666667,78.66666666666667,78.66666666666667,76.66666666666667,64.66666666666667,57.666666666666664,48.666666666666664,41.666666666666664,38.666666666666664,37.666666666666664,38.666666666666664,38.666666666666664,39.0,38.0,36.0,35.0,35.0,36.666666666666664,39.666666666666664,40.666666666666664,50.666666666666664,53.333333333333336,59.333333333333336,66.33333333333333,73.33333333333333,80.33333333333333,85.33333333333333,87.0,84.66666666666667,82.66666666666667,78.66666666666667,73.66666666666667,70.66666666666667,69.66666666666667,170.66666666666666,172.33333333333334,177.33333333333334,189.33333333333334,203.33333333333334,218.33333333333334,229.33333333333334,234.66666666666666,237.66666666666666,233.33333333333334,230.33333333333334,230.33333333333334,233.33333333333334,235.0,234.0,231.33333333333334,236.0,231.0,220.0,207.0,193.0,182.0,176.0,173.0,167.0,163.33333333333334,161.33333333333334,162.33333333333334,164.33333333333334,163.66666666666666,159.66666666666666,157.33333333333334,149.0,147.0,144.0,143.0,142.0,140.33333333333334,138.66666666666666,135.66666666666666,138.33333333333334,134.0,129.0,125.0,123.66666666666667,125.33333333333333,127.33333333333333,129.33333333333334,124.0,121.66666666666667,118.66666666666667,116.66666666666667,113.66666666666667,112.66666666666667,112.66666666666667,112.66666666666667,111.66666666666667,109.66666666666667,107.66666666666667,103.66666666666667,99.66666666666667,95.66666666666667,92.66666666666667,91.66666666666667,92.66666666666667,94.33333333333333,97.33333333333333,97.33333333333333,95.33333333333333,93.33333333333333,93.33333333333333,93.33333333333333,90.33333333333333,92.33333333333333,98.0,105.0,112.0,115.0,115.0,113.0,115.33333333333333,113.33333333333333,109.33333333333333,107.0,107.0,105.66666666666667,104.0,101.66666666666667,97.66666666666667,94.66666666666667,92.0,90.0,88.66666666666667,85.66666666666667,80.66666666666667,77.66666666666667,73.66666666666667,70.66666666666667,67.66666666666667,64.66666666666667,64.66666666666667,63.0,61.0,59.0,58.333333333333336,58.333333333333336,57.333333333333336,58.333333333333336,59.0,61.0,62.0,62.333333333333336,59.0,59.666666666666664,63.666666666666664,70.66666666666667,76.66666666666667,79.66666666666667,79.66666666666667,78.66666666666667,67.66666666666667,60.666666666666664,50.666666666666664,43.666666666666664,39.666666666666664,39.666666666666664,40.666666666666664,42.0,44.666666666666664,41.666666666666664,38.666666666666664,35.0,34.0,34.0,36.0,37.666666666666664,42.666666666666664,43.666666666666664,47.666666666666664,52.333333333333336,60.333333333333336,69.33333333333333,77.33333333333333,81.33333333333333,88.0,85.66666666666667,82.66666666666667,78.66666666666667,75.66666666666667,73.66666666666667,165.33333333333334,174.66666666666666,189.66666666666666,207.66666666666666,222.66666666666666,231.0,236.0,238.0,236.0,238.66666666666666,240.66666666666666,240.66666666666666,238.66666666666666,237.33333333333334,238.33333333333334,239.33333333333334,237.66666666666666,234.33333333333334,228.33333333333334,223.33333333333334,218.33333333333334,206.66666666666666,192.66666666666666,182.66666666666666,174.66666666666666,168.33333333333334,163.33333333333334,164.33333333333334,169.33333333333334,172.0,168.0,163.0,157.33333333333334,154.33333333333334,150.33333333333334,146.33333333333334,143.33333333333334,141.33333333333334,141.66666666666666,141.66666666666666,138.0,136.66666666666666,134.66666666666666,134.66666666666666,135.33333333333334,134.0,131.0,128.33333333333334,125.0,124.0,121.0,119.0,117.0,116.0,115.0,115.0,114.0,115.0,115.0,115.0,113.0,109.0,106.0,102.66666666666667,104.66666666666667,101.66666666666667,97.66666666666667,95.66666666666667,92.66666666666667,90.66666666666667,86.66666666666667,83.66666666666667,86.0,86.0,85.0,86.0,88.0,90.0,93.0,95.33333333333333,91.66666666666667,95.66666666666667,100.66666666666667,103.33333333333333,101.66666666666667,98.33333333333333,95.66666666666667,93.33333333333333,90.0,90.0,89.66666666666667,87.66666666666667,82.66666666666667,76.66666666666667,70.66666666666667,66.66666666666667,61.0,63.0,65.0,65.0,62.0,60.333333333333336,59.333333333333336,60.333333333333336,63.0,63.0,62.0,63.0,64.66666666666667,65.66666666666667,66.66666666666667,67.0,65.66666666666667,63.0,62.0,64.0,70.0,77.0,82.0,85.0,79.0,72.0,61.0,52.0,46.0,43.0,42.0,41.0,39.666666666666664,39.0,37.0,37.666666666666664,38.666666666666664,38.666666666666664,37.666666666666664,35.0,42.0,39.666666666666664,39.666666666666664,43.666666666666664,52.666666666666664,62.666666666666664,69.66666666666667,73.33333333333333,77.0,82.0,87.0,88.0,86.0,83.0,176.33333333333334,186.66666666666666,204.33333333333334,220.33333333333334,233.66666666666666,239.33333333333334,240.66666666666666,238.66666666666666,237.0,238.66666666666666,240.0,239.0,237.66666666666666,237.0,238.66666666666666,239.66666666666666,238.33333333333334,237.33333333333334,237.33333333333334,237.33333333333334,235.33333333333334,226.33333333333334,213.33333333333334,201.66666666666666,182.66666666666666,174.66666666666666,167.66666666666666,165.33333333333334,169.33333333333334,172.33333333333334,170.33333333333334,166.0,160.33333333333334,157.33333333333334,153.33333333333334,148.33333333333334,144.33333333333334,142.33333333333334,142.66666666666666,141.0,138.66666666666666,137.66666666666666,135.66666666666666,134.66666666666666,135.0,134.0,131.0,129.0,123.66666666666667,122.66666666666667,121.0,118.66666666666667,118.0,116.66666666666667,116.0,115.66666666666667,120.0,120.66666666666667,121.0,120.66666666666667,120.0,116.66666666666667,114.0,112.0,106.66666666666667,103.66666666666667,100.66666666666667,97.66666666666667,95.66666666666667,92.66666666666667,88.66666666666667,85.66666666666667,83.0,82.0,80.0,79.0,77.0,77.33333333333333,78.33333333333333,78.66666666666667,86.33333333333333,91.33333333333333,98.66666666666667,102.66666666666667,102.66666666666667,99.33333333333333,96.66666666666667,94.0,89.0,89.0,87.66666666666667,83.66666666666667,77.66666666666667,70.66666666666667,63.666666666666664,59.666666666666664,60.0,62.0,65.0,65.0,63.333333333333336,61.333333333333336,60.333333333333336,61.333333333333336,63.0,63.0,63.0,63.666666666666664,64.66666666666667,65.66666666666667,66.66666666666667,67.66666666666667,65.66666666666667,64.0,63.666666666666664,64.0,69.66666666666667,75.0,81.66666666666667,84.0,80.66666666666667,73.0,64.66666666666667,55.0,49.666666666666664,46.0,44.666666666666664,44.666666666666664,44.0,42.0,41.0,41.0,42.0,41.666666666666664,40.666666666666664,38.666666666666664,39.666666666666664,38.0,38.0,42.666666666666664,49.666666666666664,58.666666666666664,64.66666666666667,67.66666666666667,69.66666666666667,75.0,82.0,87.0,87.0,87.0,192.0,202.66666666666666,218.66666666666666,233.66666666666666,243.66666666666666,245.0,242.33333333333334,239.0,239.33333333333334,239.66666666666666,239.66666666666666,238.66666666666666,236.66666666666666,236.66666666666666,238.66666666666666,240.66666666666666,235.66666666666666,236.66666666666666,240.66666666666666,245.66666666666666,245.66666666666666,237.33333333333334,225.33333333333334,215.33333333333334,196.33333333333334,185.66666666666666,172.66666666666666,166.66666666666666,168.66666666666666,170.33333333333334,171.33333333333334,169.33333333333334,165.33333333333334,162.33333333333334,157.33333333333334,152.33333333333334,147.33333333333334,144.0,142.0,141.0,139.66666666666666,137.66666666666666,135.66666666666666,134.66666666666666,135.0,134.0,131.0,129.0,123.0,122.0,121.33333333333333,120.0,119.33333333333333,118.0,118.33333333333333,119.0,123.33333333333333,124.0,125.33333333333333,125.0,124.33333333333333,123.0,121.33333333333333,118.66666666666667,110.0,107.0,103.66666666666667,100.66666666666667,98.66666666666667,95.66666666666667,92.0,89.0,87.0,85.0,82.33333333333333,79.33333333333333,76.33333333333333,74.66666666666667,72.66666666666667,72.66666666666667,80.0,87.0,96.66666666666667,103.33333333333333,103.66666666666667,101.33333333333333,97.33333333333333,95.0,91.66666666666667,90.66666666666667,87.66666666666667,82.66666666666667,76.0,67.0,59.333333333333336,54.0,58.333333333333336,61.333333333333336,64.33333333333333,64.33333333333333,64.0,63.0,63.0,63.0,63.333333333333336,63.333333333333336,63.333333333333336,64.0,65.0,66.0,68.0,67.33333333333333,66.0,64.33333333333333,64.0,64.33333333333333,68.0,73.33333333333333,80.0,82.33333333333333,82.0,76.33333333333333,70.0,61.333333333333336,56.0,51.333333333333336,50.0,50.0,49.0,47.666666666666664,46.666666666666664,46.0,47.0,47.0,46.0,43.333333333333336,40.333333333333336,39.333333333333336,41.333333333333336,45.0,51.0,57.0,60.0,60.666666666666664,62.333333333333336,69.33333333333333,77.33333333333333,84.33333333333333,88.33333333333333,89.33333333333333,209.0,217.0,229.0,239.66666666666666,245.66666666666666,245.66666666666666,241.66666666666666,237.0,240.0,240.0,240.0,238.66666666666666,236.66666666666666,236.66666666666666,238.66666666666666,240.66666666666666,237.33333333333334,239.33333333333334,241.66666666666666,245.66666666666666,245.66666666666666,238.66666666666666,228.66666666666666,221.33333333333334,209.33333333333334,196.33333333333334,179.33333333333334,167.66666666666666,164.66666666666666,167.66666666666666,169.66666666666666,171.33333333333334,169.33333333333334,166.33333333333334,161.33333333333334,155.0,150.0,145.0,142.0,141.0,138.66666666666666,136.66666666666666,133.66666666666666,131.33333333333334,132.0,131.0,129.0,127.0,122.0,121.0,120.0,120.0,119.0,120.0,120.0,120.0,121.0,121.0,122.0,123.0,123.0,122.0,121.0,121.0,113.66666666666667,110.0,106.66666666666667,103.66666666666667,101.66666666666667,98.66666666666667,96.0,93.0,90.0,89.0,86.33333333333333,83.33333333333333,80.66666666666667,78.66666666666667,76.66666666666667,75.66666666666667,78.0,86.0,98.0,105.33333333333333,106.66666666666667,103.33333333333333,98.33333333333333,95.0,93.66666666666667,92.66666666666667,89.66666666666667,84.66666666666667,78.0,69.0,61.333333333333336,56.0,57.333333333333336,60.333333333333336,63.333333333333336,64.33333333333333,64.0,64.0,64.0,65.0,64.33333333333333,63.333333333333336,64.0,65.0,65.0,67.0,68.0,69.0,67.66666666666667,66.0,65.0,65.0,66.0,71.0,77.0,81.0,83.0,81.0,76.0,69.0,63.0,58.0,56.0,56.0,55.666666666666664,54.666666666666664,52.666666666666664,52.666666666666664,54.666666666666664,54.0,52.0,51.0,48.0,47.333333333333336,49.333333333333336,52.333333333333336,55.333333333333336,57.0,57.0,55.0,61.666666666666664,66.33333333333333,73.33333333333333,80.33333333333333,85.33333333333333,86.33333333333333,226.33333333333334,230.0,236.0,242.0,244.0,242.66666666666666,240.66666666666666,238.66666666666666,240.66666666666666,241.0,241.0,239.0,237.0,237.0,237.66666666666666,238.66666666666666,243.33333333333334,243.33333333333334,244.33333333333334,245.33333333333334,245.33333333333334,241.66666666666666,236.66666666666666,233.66666666666666,221.66666666666666,206.0,184.0,167.0,161.0,161.66666666666666,166.66666666666666,169.66666666666666,171.33333333333334,169.0,164.0,158.0,151.0,145.66666666666666,142.0,139.0,136.66666666666666,133.33333333333334,130.33333333333334,128.33333333333334,128.0,126.66666666666667,125.66666666666667,124.0,121.66666666666667,120.66666666666667,120.66666666666667,119.66666666666667,119.66666666666667,119.66666666666667,120.66666666666667,121.66666666666667,117.66666666666667,118.66666666666667,119.66666666666667,119.66666666666667,120.66666666666667,120.66666666666667,120.66666666666667,120.0,115.66666666666667,112.66666666666667,108.66666666666667,106.0,104.33333333333333,101.33333333333333,98.66666666666667,95.66666666666667,90.66666666666667,89.66666666666667,87.66666666666667,85.33333333333333,81.33333333333333,78.33333333333333,75.33333333333333,74.66666666666667,80.33333333333333,89.33333333333333,100.0,107.33333333333333,109.33333333333333,105.33333333333333,98.66666666666667,95.66666666666667,93.66666666666667,92.0,90.66666666666667,85.66666666666667,79.0,71.0,64.33333333333333,59.333333333333336,56.333333333333336,60.0,63.0,65.0,64.33333333333333,64.33333333333333,65.33333333333333,65.33333333333333,65.0,65.0,65.0,65.0,66.33333333333333,67.33333333333333,68.33333333333333,69.0,67.66666666666667,67.0,66.0,65.0,64.0,67.0,73.0,78.0,84.0,84.0,82.0,76.0,69.0,64.0,61.0,61.0,61.666666666666664,61.0,59.0,59.666666666666664,60.666666666666664,60.666666666666664,59.666666666666664,57.0,57.0,56.0,57.0,58.333333333333336,60.333333333333336,59.333333333333336,56.333333333333336,53.0,58.666666666666664,62.666666666666664,67.66666666666667,74.66666666666667,79.66666666666667,81.66666666666667,240.33333333333334,240.33333333333334,242.0,243.0,243.0,242.0,241.66666666666666,240.66666666666666,239.66666666666666,240.66666666666666,242.0,241.0,239.0,237.0,236.66666666666666,237.0,239.66666666666666,240.33333333333334,240.33333333333334,240.33333333333334,241.33333333333334,242.33333333333334,242.66666666666666,242.66666666666666,231.66666666666666,214.66666666666666,190.0,168.0,158.0,158.0,162.66666666666666,167.66666666666666,171.0,169.0,164.0,158.0,150.66666666666666,144.66666666666666,141.0,138.0,135.33333333333334,132.33333333333334,128.33333333333334,125.33333333333333,124.66666666666667,124.66666666666667,122.66666666666667,121.66666666666667,120.66666666666667,120.66666666666667,119.66666666666667,118.66666666666667,118.66666666666667,118.66666666666667,119.66666666666667,119.66666666666667,117.66666666666667,117.66666666666667,117.66666666666667,118.66666666666667,118.66666666666667,119.66666666666667,119.66666666666667,119.66666666666667,116.33333333333333,113.66666666666667,109.66666666666667,106.66666666666667,105.33333333333333,102.33333333333333,98.66666666666667,95.66666666666667,93.66666666666667,92.66666666666667,91.33333333333333,88.33333333333333,83.33333333333333,79.33333333333333,75.66666666666667,74.0,82.33333333333333,90.33333333333333,101.0,107.66666666666667,108.33333333333333,104.33333333333333,98.66666666666667,95.66666666666667,90.66666666666667,90.0,88.66666666666667,84.66666666666667,79.0,71.0,64.66666666666667,60.0,58.0,60.0,64.0,65.0,64.33333333333333,64.33333333333333,64.33333333333333,65.33333333333333,65.0,65.0,65.0,65.0,66.33333333333333,67.33333333333333,69.33333333333333,69.0,67.66666666666667,68.0,67.0,64.0,62.0,64.0,70.0,76.0,83.0,86.0,86.0,82.0,75.0,68.0,66.0,66.66666666666667,68.0,66.0,65.0,65.0,65.66666666666667,65.66666666666667,64.66666666666667,62.666666666666664,62.0,61.0,62.0,64.0,64.33333333333333,63.333333333333336,59.333333333333336,56.333333333333336,57.0,57.666666666666664,60.666666666666664,65.66666666666667,71.66666666666667,75.66666666666667,244.33333333333334,244.33333333333334,243.33333333333334,243.33333333333334,241.66666666666666,240.66666666666666,239.66666666666666,238.66666666666666,237.66666666666666,240.66666666666666,243.66666666666666,243.66666666666666,241.0,238.0,236.0,235.0,234.66666666666666,236.33333333333334,236.33333333333334,237.33333333333334,237.33333333333334,239.33333333333334,242.33333333333334,244.33333333333334,239.66666666666666,222.66666666666666,195.0,171.0,157.0,156.0,161.0,166.66666666666666,170.0,168.0,162.66666666666666,157.66666666666666,150.66666666666666,144.66666666666666,139.0,137.0,136.33333333333334,132.33333333333334,128.0,125.0,124.66666666666667,123.66666666666667,122.66666666666667,121.66666666666667,120.66666666666667,119.66666666666667,118.66666666666667,117.66666666666667,117.66666666666667,116.66666666666667,117.66666666666667,117.66666666666667,117.66666666666667,117.66666666666667,117.66666666666667,117.66666666666667,117.66666666666667,117.66666666666667,118.66666666666667,118.66666666666667,116.33333333333333,112.66666666666667,108.66666666666667,106.66666666666667,104.33333333333333,102.33333333333333,98.66666666666667,95.66666666666667,93.66666666666667,92.66666666666667,92.33333333333333,90.33333333333333,87.33333333333333,84.66666666666667,80.66666666666667,79.0,82.0,89.0,100.0,106.33333333333333,107.33333333333333,104.33333333333333,99.66666666666667,96.66666666666667,91.66666666666667,90.0,88.66666666666667,84.66666666666667,79.0,70.0,64.0,60.0,59.0,60.333333333333336,64.0,65.0,64.0,63.0,63.666666666666664,64.66666666666667,65.66666666666667,64.66666666666667,64.66666666666667,65.66666666666667,65.66666666666667,67.66666666666667,69.33333333333333,70.33333333333333,68.0,68.66666666666667,68.66666666666667,64.66666666666667,60.666666666666664,61.666666666666664,68.66666666666667,74.66666666666667,83.66666666666667,87.66666666666667,89.66666666666667,86.66666666666667,78.66666666666667,71.66666666666667,69.66666666666667,69.66666666666667,71.0,69.0,68.0,68.0,69.0,70.0,67.66666666666667,66.66666666666667,65.66666666666667,65.66666666666667,67.0,69.0,72.0,72.0,69.33333333333333,67.33333333333333,60.0,58.0,57.0,59.0,64.0,67.0,242.33333333333334,242.33333333333334,242.33333333333334,242.33333333333334,239.66666666666666,237.66666666666666,235.66666666666666,234.66666666666666,236.66666666666666,240.66666666666666,243.66666666666666,244.66666666666666,242.66666666666666,238.66666666666666,235.66666666666666,234.66666666666666,237.0,238.33333333333334,240.0,240.33333333333334,239.0,239.66666666666666,240.66666666666666,242.66666666666666,244.66666666666666,226.33333333333334,198.66666666666666,173.0,158.66666666666666,155.0,161.66666666666666,166.0,168.0,166.0,161.66666666666666,156.66666666666666,149.66666666666666,143.66666666666666,139.0,136.0,137.33333333333334,133.33333333333334,128.0,125.0,124.66666666666667,124.66666666666667,123.66666666666667,121.66666666666667,120.66666666666667,119.66666666666667,118.66666666666667,116.66666666666667,116.66666666666667,115.66666666666667,115.66666666666667,115.66666666666667,116.66666666666667,116.66666666666667,115.66666666666667,115.66666666666667,115.66666666666667,115.66666666666667,116.66666666666667,117.66666666666667,115.0,112.66666666666667,109.33333333333333,105.66666666666667,104.33333333333333,101.33333333333333,97.66666666666667,94.66666666666667,84.66666666666667,86.33333333333333,87.33333333333333,87.33333333333333,87.66666666666667,86.0,84.0,83.0,79.0,87.33333333333333,97.0,104.33333333333333,105.66666666666667,103.33333333333333,100.33333333333333,97.66666666666667,94.66666666666667,93.33333333333333,91.66666666666667,86.66666666666667,80.33333333333333,71.66666666666667,64.0,60.0,59.0,61.333333333333336,65.0,65.0,64.0,63.0,63.666666666666664,63.666666666666664,65.66666666666667,65.66666666666667,65.66666666666667,65.66666666666667,66.66666666666667,67.66666666666667,69.33333333333333,69.66666666666667,68.0,69.66666666666667,68.66666666666667,64.66666666666667,60.666666666666664,60.666666666666664,66.66666666666667,73.66666666666667,82.66666666666667,87.66666666666667,91.66666666666667,88.66666666666667,80.66666666666667,73.66666666666667,70.66666666666667,70.66666666666667,73.0,71.0,70.33333333333333,70.0,71.0,70.66666666666667,69.66666666666667,67.66666666666667,68.66666666666667,69.0,71.0,74.0,79.0,80.33333333333333,79.33333333333333,78.0,66.0,62.0,57.0,56.0,58.0,59.0,240.0,240.0,240.0,240.0,239.0,238.0,237.0,237.0,235.0,236.33333333333334,241.0,242.33333333333334,242.33333333333334,240.33333333333334,236.33333333333334,235.33333333333334,245.66666666666666,244.0,244.0,243.66666666666666,239.33333333333334,236.0,240.0,248.0,244.0,238.66666666666666,205.66666666666666,168.66666666666666,155.33333333333334,153.66666666666666,157.66666666666666,164.33333333333334,165.33333333333334,161.33333333333334,157.0,151.0,144.66666666666666,140.66666666666666,138.0,137.0,135.0,132.0,129.33333333333334,128.33333333333334,127.0,125.0,122.0,119.66666666666667,119.66666666666667,118.66666666666667,117.66666666666667,115.66666666666667,114.66666666666667,113.66666666666667,113.66666666666667,113.66666666666667,116.66666666666667,115.66666666666667,115.66666666666667,114.66666666666667,114.66666666666667,115.66666666666667,115.66666666666667,116.66666666666667,115.66666666666667,113.0,110.66666666666667,106.33333333333333,100.66666666666667,95.66666666666667,92.33333333333333,89.33333333333333,84.33333333333333,85.33333333333333,87.66666666666667,91.0,91.33333333333333,90.33333333333333,86.66666666666667,83.0,86.0,87.0,89.33333333333333,96.0,103.0,104.33333333333333,101.33333333333333,96.66666666666667,95.66666666666667,95.66666666666667,93.0,88.33333333333333,82.0,73.0,65.0,60.0,60.0,63.0,65.0,66.0,65.0,64.0,64.0,65.0,64.0,64.0,64.33333333333333,65.33333333333333,65.33333333333333,66.0,66.66666666666667,66.33333333333333,68.33333333333333,64.0,63.0,64.0,63.0,62.0,65.0,72.0,83.0,88.0,92.0,89.0,81.0,74.0,71.0,71.66666666666667,72.33333333333333,70.33333333333333,70.0,70.66666666666667,72.66666666666667,73.66666666666667,72.66666666666667,71.0,67.0,73.0,75.0,74.33333333333333,79.33333333333333,87.33333333333333,88.33333333333333,83.0,77.0,70.33333333333333,60.333333333333336,52.333333333333336,49.333333333333336,49.333333333333336,239.0,240.0,241.0,242.0,242.0,241.0,239.0,238.0,236.0,238.0,240.0,242.0,242.0,240.0,238.0,236.33333333333334,246.0,243.66666666666666,242.0,243.0,240.33333333333334,237.33333333333334,238.66666666666666,243.66666666666666,248.66666666666666,243.66666666666666,210.66666666666666,170.66666666666666,154.33333333333334,151.33333333333334,153.66666666666666,160.33333333333334,160.33333333333334,157.33333333333334,153.0,148.0,142.66666666666666,138.66666666666666,136.0,135.0,135.0,132.0,129.33333333333334,127.33333333333333,126.0,125.0,122.0,119.66666666666667,119.66666666666667,118.66666666666667,116.66666666666667,114.66666666666667,113.66666666666667,113.66666666666667,112.66666666666667,112.66666666666667,116.66666666666667,115.66666666666667,114.66666666666667,114.66666666666667,114.66666666666667,114.66666666666667,115.66666666666667,116.66666666666667,114.66666666666667,112.66666666666667,109.66666666666667,105.33333333333333,98.66666666666667,94.33333333333333,90.33333333333333,87.33333333333333,84.33333333333333,85.66666666666667,88.0,91.0,91.66666666666667,90.66666666666667,87.0,83.33333333333333,82.0,83.0,88.0,95.0,102.33333333333333,104.33333333333333,102.33333333333333,97.66666666666667,96.0,95.66666666666667,93.33333333333333,88.33333333333333,82.0,73.0,65.66666666666667,60.666666666666664,60.0,63.0,65.0,66.0,65.0,64.0,64.0,65.0,64.0,64.0,64.33333333333333,65.33333333333333,65.0,66.0,66.33333333333333,66.33333333333333,67.33333333333333,64.0,63.0,65.0,65.0,63.0,65.0,70.0,79.0,85.0,90.0,89.0,82.0,74.0,71.0,70.0,72.66666666666667,71.66666666666667,70.0,71.0,72.66666666666667,73.66666666666667,72.0,71.0,69.0,74.0,76.33333333333333,76.33333333333333,81.33333333333333,89.33333333333333,90.66666666666667,89.0,80.66666666666667,73.66666666666667,64.33333333333333,55.666666666666664,50.333333333333336,48.666666666666664,238.0,240.0,242.0,244.0,244.0,243.0,241.0,239.0,238.0,239.0,240.0,240.0,240.0,240.0,239.0,238.33333333333334,245.66666666666666,242.0,239.66666666666666,241.33333333333334,242.33333333333334,238.33333333333334,236.66666666666666,237.66666666666666,246.66666666666666,242.66666666666666,210.66666666666666,169.66666666666666,152.33333333333334,147.33333333333334,148.33333333333334,155.66666666666666,153.66666666666666,151.0,148.0,144.0,140.0,136.0,134.0,133.0,134.0,131.0,128.33333333333334,127.33333333333333,126.66666666666667,124.66666666666667,122.66666666666667,119.66666666666667,118.66666666666667,117.66666666666667,115.66666666666667,114.66666666666667,112.66666666666667,112.66666666666667,111.66666666666667,111.66666666666667,115.66666666666667,114.66666666666667,114.66666666666667,113.66666666666667,113.66666666666667,114.66666666666667,114.66666666666667,115.66666666666667,113.66666666666667,111.66666666666667,108.33333333333333,102.33333333333333,95.66666666666667,91.33333333333333,86.33333333333333,84.33333333333333,84.33333333333333,85.66666666666667,90.0,93.0,94.66666666666667,92.0,87.0,82.33333333333333,75.0,77.0,84.0,92.0,102.33333333333333,105.33333333333333,103.33333333333333,99.66666666666667,96.0,95.66666666666667,93.33333333333333,88.33333333333333,82.0,73.0,65.66666666666667,60.666666666666664,60.0,63.0,65.0,66.0,65.0,64.0,64.0,65.0,64.0,64.0,64.33333333333333,65.33333333333333,65.0,66.0,66.33333333333333,66.33333333333333,65.33333333333333,63.0,63.0,67.0,68.0,65.0,65.0,67.0,74.0,81.0,88.0,89.0,84.0,77.0,72.0,70.0,73.66666666666667,71.66666666666667,71.0,71.0,72.66666666666667,73.66666666666667,72.0,71.0,70.0,73.0,75.33333333333333,76.33333333333333,81.33333333333333,88.33333333333333,92.66666666666667,92.66666666666667,88.66666666666667,83.66666666666667,74.66666666666667,64.66666666666667,57.666666666666664,53.666666666666664,239.0,239.0,240.0,241.0,242.0,242.0,242.0,242.0,240.0,240.0,240.0,239.0,239.0,240.0,240.0,240.33333333333334,245.66666666666666,240.0,237.66666666666666,240.33333333333334,242.33333333333334,239.33333333333334,234.66666666666666,233.66666666666666,240.66666666666666,236.66666666666666,204.66666666666666,164.66666666666666,147.33333333333334,143.33333333333334,145.33333333333334,152.66666666666666,148.66666666666666,146.0,144.0,141.0,138.0,135.0,133.0,132.0,132.0,130.0,127.33333333333333,125.33333333333333,125.66666666666667,123.66666666666667,121.66666666666667,120.0,117.66666666666667,116.66666666666667,114.66666666666667,112.66666666666667,111.66666666666667,111.66666666666667,110.66666666666667,110.66666666666667,113.66666666666667,113.66666666666667,112.66666666666667,112.66666666666667,112.66666666666667,112.66666666666667,113.66666666666667,113.66666666666667,111.66666666666667,108.66666666666667,105.33333333333333,99.33333333333333,93.33333333333333,87.33333333333333,83.33333333333333,81.66666666666667,83.33333333333333,87.66666666666667,94.0,100.33333333333333,101.0,95.0,86.0,78.33333333333333,69.0,72.0,80.0,90.0,101.33333333333333,106.33333333333333,105.33333333333333,100.66666666666667,96.0,95.66666666666667,93.33333333333333,88.33333333333333,82.0,73.0,65.66666666666667,60.666666666666664,60.0,63.0,65.0,66.0,65.0,64.0,64.0,65.0,64.0,64.0,64.33333333333333,65.33333333333333,65.0,66.0,66.33333333333333,66.33333333333333,64.33333333333333,62.0,64.0,69.0,71.0,67.0,64.0,65.0,71.0,78.0,86.0,90.0,88.0,81.0,75.0,72.0,74.33333333333333,72.66666666666667,71.0,72.0,73.66666666666667,73.66666666666667,72.0,71.0,68.0,70.0,71.33333333333333,73.33333333333333,77.33333333333333,84.33333333333333,91.66666666666667,95.66666666666667,99.66666666666667,96.66666666666667,90.66666666666667,82.66666666666667,74.66666666666667,69.66666666666667,240.33333333333334,239.33333333333334,237.33333333333334,237.33333333333334,237.33333333333334,239.33333333333334,242.33333333333334,243.33333333333334,241.33333333333334,241.33333333333334,240.33333333333334,239.33333333333334,239.33333333333334,240.33333333333334,241.33333333333334,241.33333333333334,244.66666666666666,239.0,236.66666666666666,240.33333333333334,242.0,238.66666666666666,234.66666666666666,234.66666666666666,241.66666666666666,234.66666666666666,199.66666666666666,159.66666666666666,143.66666666666666,140.66666666666666,142.33333333333334,148.66666666666666,144.66666666666666,143.33333333333334,142.33333333333334,140.33333333333334,137.0,135.0,133.0,132.0,129.66666666666666,127.66666666666667,125.0,124.0,124.0,123.0,120.0,118.0,115.66666666666667,114.66666666666667,113.66666666666667,111.66666666666667,110.66666666666667,109.66666666666667,109.66666666666667,109.66666666666667,111.66666666666667,110.66666666666667,110.66666666666667,109.66666666666667,109.66666666666667,110.66666666666667,110.66666666666667,111.66666666666667,109.66666666666667,107.33333333333333,102.33333333333333,95.33333333333333,90.33333333333333,85.33333333333333,82.33333333333333,80.66666666666667,82.66666666666667,89.0,98.0,106.33333333333333,106.0,97.33333333333333,83.33333333333333,73.33333333333333,65.0,69.0,78.0,89.0,101.33333333333333,106.33333333333333,105.33333333333333,101.66666666666667,96.0,95.66666666666667,93.33333333333333,88.33333333333333,82.0,73.0,65.66666666666667,60.666666666666664,60.0,63.0,65.0,66.0,65.0,64.0,64.0,65.0,64.0,64.0,64.33333333333333,65.33333333333333,65.0,66.0,66.33333333333333,66.33333333333333,64.33333333333333,62.0,64.0,70.0,73.0,69.0,64.0,63.0,69.0,76.0,85.0,91.0,91.0,87.0,80.0,76.0,75.33333333333333,73.33333333333333,71.66666666666667,71.66666666666667,73.66666666666667,73.66666666666667,72.0,71.0,68.0,68.0,69.33333333333333,71.33333333333333,75.0,81.0,90.33333333333333,98.33333333333333,109.0,109.0,108.0,103.0,97.0,92.0,240.33333333333334,239.33333333333334,237.33333333333334,236.33333333333334,237.33333333333334,238.33333333333334,240.33333333333334,242.33333333333334,241.33333333333334,241.33333333333334,240.33333333333334,240.33333333333334,240.33333333333334,240.33333333333334,241.33333333333334,241.33333333333334,242.66666666666666,239.0,237.66666666666666,240.33333333333334,241.0,237.66666666666666,236.66666666666666,238.66666666666666,247.66666666666666,235.66666666666666,194.66666666666666,153.66666666666666,139.66666666666666,138.66666666666666,138.33333333333334,140.66666666666666,141.66666666666666,141.33333333333334,140.33333333333334,139.33333333333334,136.0,134.0,132.0,131.0,126.66666666666667,124.66666666666667,123.0,122.0,121.0,120.0,118.0,116.0,114.66666666666667,113.66666666666667,112.66666666666667,110.66666666666667,109.66666666666667,108.66666666666667,108.66666666666667,108.66666666666667,108.66666666666667,107.66666666666667,107.66666666666667,106.66666666666667,106.66666666666667,107.66666666666667,107.66666666666667,108.66666666666667,107.33333333333333,104.33333333333333,99.33333333333333,93.66666666666667,88.33333333333333,84.33333333333333,81.66666666666667,81.0,84.66666666666667,91.0,99.33333333333333,106.33333333333333,104.33333333333333,94.33333333333333,80.33333333333333,69.33333333333333,63.0,68.0,77.0,89.0,101.33333333333333,106.33333333333333,104.33333333333333,100.66666666666667,96.0,95.66666666666667,93.33333333333333,88.33333333333333,82.0,73.0,65.66666666666667,60.666666666666664,60.0,63.0,65.0,66.0,65.0,64.0,64.0,65.0,64.0,64.0,64.33333333333333,65.33333333333333,65.0,66.0,66.33333333333333,66.33333333333333,65.33333333333333,62.0,63.0,70.0,74.0,70.0,65.0,63.0,67.0,73.0,83.0,90.0,93.0,90.0,85.0,81.0,76.33333333333333,74.33333333333333,72.66666666666667,72.66666666666667,73.66666666666667,74.66666666666667,72.0,71.0,71.0,70.0,69.33333333333333,72.33333333333333,74.0,79.0,90.33333333333333,102.33333333333333,115.0,118.66666666666667,121.66666666666667,120.66666666666667,115.66666666666667,111.66666666666667,239.0,240.0,241.0,241.0,241.0,240.0,239.0,238.0,241.0,241.0,241.0,241.0,241.0,241.0,241.0,241.0,241.33333333333334,238.33333333333334,238.0,240.0,239.0,236.66666666666666,238.66666666666666,243.66666666666666,246.66666666666666,228.66666666666666,183.33333333333334,142.33333333333334,133.66666666666666,134.66666666666666,133.66666666666666,134.66666666666666,138.66666666666666,138.66666666666666,138.66666666666666,137.66666666666666,135.66666666666666,132.66666666666666,129.66666666666666,128.66666666666666,123.66666666666667,121.66666666666667,120.0,119.0,119.66666666666667,118.66666666666667,116.66666666666667,114.66666666666667,113.66666666666667,112.66666666666667,111.66666666666667,109.66666666666667,108.66666666666667,107.66666666666667,107.66666666666667,107.66666666666667,105.66666666666667,105.66666666666667,104.66666666666667,103.66666666666667,103.66666666666667,104.66666666666667,105.66666666666667,105.66666666666667,105.33333333333333,102.33333333333333,97.66666666666667,91.66666666666667,87.33333333333333,84.33333333333333,82.66666666666667,83.0,88.66666666666667,92.0,97.33333333333333,99.33333333333333,97.33333333333333,88.33333333333333,76.33333333333333,67.33333333333333,64.0,68.0,78.0,90.0,102.33333333333333,106.33333333333333,103.33333333333333,99.66666666666667,96.0,95.66666666666667,93.33333333333333,88.33333333333333,82.0,73.0,65.66666666666667,60.666666666666664,60.0,63.0,65.0,66.0,65.0,64.0,64.0,65.0,64.0,64.0,64.33333333333333,65.33333333333333,65.0,66.0,66.33333333333333,66.33333333333333,67.0,62.0,63.0,70.0,74.0,71.0,65.0,63.0,65.0,71.0,79.0,88.0,92.0,92.0,87.0,83.0,76.33333333333333,75.33333333333333,72.66666666666667,72.66666666666667,73.66666666666667,74.66666666666667,72.0,70.0,72.0,69.0,68.0,70.0,71.0,76.0,88.33333333333333,102.33333333333333,116.66666666666667,122.66666666666667,129.66666666666666,130.66666666666666,127.66666666666667,123.66666666666667,238.0,240.0,244.0,246.0,245.0,242.0,238.0,235.0,240.0,241.0,241.0,242.0,242.0,241.0,241.0,240.0,240.33333333333334,238.33333333333334,239.0,240.0,238.0,235.66666666666666,240.66666666666666,247.66666666666666,239.66666666666666,218.0,171.33333333333334,132.33333333333334,127.66666666666667,132.66666666666666,131.66666666666666,131.66666666666666,137.66666666666666,137.66666666666666,137.66666666666666,136.66666666666666,133.66666666666666,130.66666666666666,127.66666666666667,126.66666666666667,122.66666666666667,120.66666666666667,118.0,118.0,118.66666666666667,117.66666666666667,115.66666666666667,113.66666666666667,113.66666666666667,112.66666666666667,110.66666666666667,109.66666666666667,107.66666666666667,107.66666666666667,107.66666666666667,107.66666666666667,103.66666666666667,103.66666666666667,102.66666666666667,102.66666666666667,102.66666666666667,102.66666666666667,103.66666666666667,103.66666666666667,104.33333333333333,101.33333333333333,96.66666666666667,91.66666666666667,86.33333333333333,84.33333333333333,83.66666666666667,84.0,92.66666666666667,93.0,93.33333333333333,93.33333333333333,90.33333333333333,83.33333333333333,74.33333333333333,67.33333333333333,65.0,69.0,79.0,91.0,102.33333333333333,105.33333333333333,103.33333333333333,98.66666666666667,96.0,95.66666666666667,93.33333333333333,88.33333333333333,82.0,73.0,65.66666666666667,60.666666666666664,60.0,63.0,65.0,66.0,65.0,64.0,64.0,65.0,64.0,64.0,64.33333333333333,65.33333333333333,65.0,66.0,66.33333333333333,66.33333333333333,68.0,63.0,62.0,69.0,74.0,71.0,66.0,63.0,63.0,68.0,77.0,85.0,91.0,91.0,88.0,84.0,77.0,75.33333333333333,72.66666666666667,73.66666666666667,74.66666666666667,74.66666666666667,72.0,70.0,70.0,66.0,65.0,67.0,67.0,71.0,84.33333333333333,99.33333333333333,116.66666666666667,123.33333333333333,131.33333333333334,134.33333333333334,130.33333333333334,126.33333333333333,242.33333333333334,242.33333333333334,243.33333333333334,243.33333333333334,242.33333333333334,240.33333333333334,237.33333333333334,236.33333333333334,234.33333333333334,240.33333333333334,245.33333333333334,244.33333333333334,238.33333333333334,236.33333333333334,240.33333333333334,245.33333333333334,241.33333333333334,241.33333333333334,241.0,243.0,244.66666666666666,244.66666666666666,237.66666666666666,230.66666666666666,210.0,185.0,154.33333333333334,133.66666666666666,129.33333333333334,130.33333333333334,130.66666666666666,130.66666666666666,134.66666666666666,133.66666666666666,132.66666666666666,130.66666666666666,128.0,126.0,125.66666666666667,124.66666666666667,118.33333333333333,118.33333333333333,119.66666666666667,118.66666666666667,118.66666666666667,117.66666666666667,116.66666666666667,115.66666666666667,113.66666666666667,112.66666666666667,110.66666666666667,108.66666666666667,107.66666666666667,106.66666666666667,105.66666666666667,105.66666666666667,100.66666666666667,100.66666666666667,100.66666666666667,100.66666666666667,100.66666666666667,100.66666666666667,100.66666666666667,100.66666666666667,100.33333333333333,98.33333333333333,94.33333333333333,89.66666666666667,86.33333333333333,83.33333333333333,82.66666666666667,82.0,89.66666666666667,89.0,87.33333333333333,83.33333333333333,79.33333333333333,73.33333333333333,68.33333333333333,66.33333333333333,63.0,69.0,79.0,91.0,100.33333333333333,103.33333333333333,102.33333333333333,98.66666666666667,100.0,96.66666666666667,94.33333333333333,89.33333333333333,84.0,76.0,66.66666666666667,60.666666666666664,63.0,62.0,62.0,63.0,65.0,65.0,63.0,61.0,65.0,65.0,65.33333333333333,66.33333333333333,66.0,67.0,67.33333333333333,67.33333333333333,65.0,66.0,68.0,69.0,70.0,69.0,69.0,68.0,65.0,69.0,75.0,80.0,88.0,94.0,92.0,85.0,75.0,72.0,69.66666666666667,68.66666666666667,71.66666666666667,73.33333333333333,74.0,75.0,70.33333333333333,68.33333333333333,67.0,69.0,70.66666666666667,75.66666666666667,86.33333333333333,98.0,113.33333333333333,121.0,128.0,127.0,126.0,128.0,243.33333333333334,243.33333333333334,243.33333333333334,243.33333333333334,241.33333333333334,239.33333333333334,237.33333333333334,235.33333333333334,240.33333333333334,241.33333333333334,239.33333333333334,235.33333333333334,232.33333333333334,234.33333333333334,241.33333333333334,248.33333333333334,241.33333333333334,238.33333333333334,234.0,235.0,242.66666666666666,247.66666666666666,237.66666666666666,223.0,193.0,165.0,134.66666666666666,124.66666666666667,128.33333333333334,131.33333333333334,132.66666666666666,132.66666666666666,132.0,130.66666666666666,129.66666666666666,127.66666666666667,126.0,125.0,123.66666666666667,122.66666666666667,119.33333333333333,119.33333333333333,119.66666666666667,118.66666666666667,117.66666666666667,116.66666666666667,115.66666666666667,114.66666666666667,111.66666666666667,110.66666666666667,108.66666666666667,107.66666666666667,106.66666666666667,105.66666666666667,105.66666666666667,105.66666666666667,100.66666666666667,100.66666666666667,100.66666666666667,99.66666666666667,99.66666666666667,98.66666666666667,98.66666666666667,98.66666666666667,98.66666666666667,97.33333333333333,93.33333333333333,89.33333333333333,85.33333333333333,83.33333333333333,82.33333333333333,81.66666666666667,87.66666666666667,87.0,84.0,80.33333333333333,76.0,70.33333333333333,66.33333333333333,63.333333333333336,62.0,67.0,77.0,89.0,99.33333333333333,102.33333333333333,102.33333333333333,99.66666666666667,100.0,97.66666666666667,94.33333333333333,90.33333333333333,85.0,77.0,68.66666666666667,62.666666666666664,64.0,62.0,62.0,63.0,64.0,65.0,63.0,62.0,65.0,65.0,65.33333333333333,66.33333333333333,66.0,67.0,67.33333333333333,67.33333333333333,65.0,66.0,68.0,69.0,70.0,69.0,68.0,68.0,65.0,69.0,74.0,80.0,88.0,94.0,92.0,85.0,76.0,73.0,69.66666666666667,69.66666666666667,71.33333333333333,73.33333333333333,75.0,75.0,72.33333333333333,70.33333333333333,68.0,69.0,68.66666666666667,71.66666666666667,81.33333333333333,93.0,104.33333333333333,113.0,120.0,120.0,119.0,121.0,233.33333333333334,235.33333333333334,238.33333333333334,240.33333333333334,242.33333333333334,242.33333333333334,241.33333333333334,240.33333333333334,244.33333333333334,242.33333333333334,239.33333333333334,237.33333333333334,237.33333333333334,239.33333333333334,243.33333333333334,246.33333333333334,238.33333333333334,237.33333333333334,231.66666666666666,231.66666666666666,244.66666666666666,253.0,238.0,214.0,172.0,141.33333333333334,116.66666666666667,118.66666666666667,127.66666666666667,128.66666666666666,128.0,130.0,127.66666666666667,127.66666666666667,126.33333333333333,124.33333333333333,123.33333333333333,122.33333333333333,121.66666666666667,120.66666666666667,120.33333333333333,120.33333333333333,118.66666666666667,117.66666666666667,117.0,115.0,113.0,112.0,107.66666666666667,106.66666666666667,105.66666666666667,104.66666666666667,104.66666666666667,104.66666666666667,104.66666666666667,104.66666666666667,100.66666666666667,100.66666666666667,99.66666666666667,98.66666666666667,97.66666666666667,96.66666666666667,95.66666666666667,94.66666666666667,96.66666666666667,94.66666666666667,90.66666666666667,87.33333333333333,83.66666666666667,82.33333333333333,82.33333333333333,81.33333333333333,84.33333333333333,83.66666666666667,81.0,77.0,71.66666666666667,66.0,62.0,60.333333333333336,60.0,65.0,74.0,85.0,96.33333333333333,100.33333333333333,102.33333333333333,100.66666666666667,101.0,98.66666666666667,96.33333333333333,92.33333333333333,88.0,80.0,72.66666666666667,66.66666666666667,65.0,63.0,62.0,63.0,64.0,65.0,63.0,62.0,65.0,65.0,65.33333333333333,66.33333333333333,66.0,67.0,67.33333333333333,67.33333333333333,66.0,66.33333333333333,67.33333333333333,68.33333333333333,69.33333333333333,68.33333333333333,67.33333333333333,66.33333333333333,64.33333333333333,68.33333333333333,73.33333333333333,78.33333333333333,86.33333333333333,93.33333333333333,91.33333333333333,85.0,77.0,74.0,70.33333333333333,69.33333333333333,71.33333333333333,74.33333333333333,74.33333333333333,74.33333333333333,75.33333333333333,72.33333333333333,69.66666666666667,69.66666666666667,67.66666666666667,68.66666666666667,76.0,85.66666666666667,94.0,104.0,111.0,112.0,111.0,113.0,222.33333333333334,226.33333333333334,233.33333333333334,239.33333333333334,242.33333333333334,243.33333333333334,241.33333333333334,239.33333333333334,237.33333333333334,236.33333333333334,238.33333333333334,241.33333333333334,244.33333333333334,243.33333333333334,239.33333333333334,235.33333333333334,233.33333333333334,239.33333333333334,237.66666666666666,234.66666666666666,241.66666666666666,244.66666666666666,223.0,193.0,152.33333333333334,127.33333333333333,113.66666666666667,121.66666666666667,128.66666666666666,123.66666666666667,121.0,125.0,123.66666666666667,122.66666666666667,121.33333333333333,120.33333333333333,119.33333333333333,119.33333333333333,118.66666666666667,117.66666666666667,118.33333333333333,117.33333333333333,116.66666666666667,114.66666666666667,113.0,111.0,109.0,108.0,103.66666666666667,103.66666666666667,102.66666666666667,102.66666666666667,102.66666666666667,102.66666666666667,103.66666666666667,104.66666666666667,100.66666666666667,99.66666666666667,98.66666666666667,96.66666666666667,95.66666666666667,93.66666666666667,92.66666666666667,91.66666666666667,93.66666666666667,91.66666666666667,88.66666666666667,84.66666666666667,82.66666666666667,81.66666666666667,81.33333333333333,81.33333333333333,83.33333333333333,81.33333333333333,78.66666666666667,74.0,68.33333333333333,63.666666666666664,59.666666666666664,58.0,58.0,63.0,71.0,82.0,93.33333333333333,99.33333333333333,101.33333333333333,100.66666666666667,101.0,98.66666666666667,97.33333333333333,94.33333333333333,90.0,84.0,76.66666666666667,70.66666666666667,66.0,64.0,63.0,63.0,64.0,65.0,64.0,62.0,65.0,65.0,65.33333333333333,66.33333333333333,66.0,67.0,67.33333333333333,67.0,66.0,66.33333333333333,68.33333333333333,69.33333333333333,69.33333333333333,68.33333333333333,67.33333333333333,66.33333333333333,64.33333333333333,68.33333333333333,72.33333333333333,77.33333333333333,85.33333333333333,92.33333333333333,90.33333333333333,84.33333333333333,78.0,75.0,71.33333333333333,70.33333333333333,72.33333333333333,74.33333333333333,74.33333333333333,74.33333333333333,76.33333333333333,73.33333333333333,71.66666666666667,71.66666666666667,68.66666666666667,67.66666666666667,74.0,82.66666666666667,89.0,99.0,107.0,109.0,109.0,111.0,205.33333333333334,213.33333333333334,224.33333333333334,234.33333333333334,241.33333333333334,242.33333333333334,240.33333333333334,237.33333333333334,232.33333333333334,231.33333333333334,233.33333333333334,237.33333333333334,241.33333333333334,240.33333333333334,234.33333333333334,227.66666666666666,240.33333333333334,249.33333333333334,249.66666666666666,238.66666666666666,227.0,213.0,185.0,156.0,134.33333333333334,122.33333333333333,120.0,129.0,130.66666666666666,121.66666666666667,119.0,124.0,120.66666666666667,120.66666666666667,119.66666666666667,118.66666666666667,117.66666666666667,116.66666666666667,116.33333333333333,116.33333333333333,114.33333333333333,114.33333333333333,113.33333333333333,112.33333333333333,110.0,108.0,106.0,105.0,101.66666666666667,101.66666666666667,100.66666666666667,100.66666666666667,100.66666666666667,101.66666666666667,102.66666666666667,103.66666666666667,99.66666666666667,98.66666666666667,97.66666666666667,95.66666666666667,93.66666666666667,91.66666666666667,90.66666666666667,89.66666666666667,89.66666666666667,88.66666666666667,85.66666666666667,82.66666666666667,81.33333333333333,80.66666666666667,80.66666666666667,81.33333333333333,83.66666666666667,81.33333333333333,77.33333333333333,72.66666666666667,66.33333333333333,62.333333333333336,58.333333333333336,57.0,57.0,61.0,70.0,81.0,92.33333333333333,98.33333333333333,100.33333333333333,99.66666666666667,100.0,98.66666666666667,97.33333333333333,95.33333333333333,93.0,87.0,79.66666666666667,74.66666666666667,68.0,66.0,63.0,63.0,64.0,64.0,64.0,63.0,65.0,65.0,65.33333333333333,66.33333333333333,66.0,67.0,67.33333333333333,67.0,67.0,67.33333333333333,68.33333333333333,69.33333333333333,69.33333333333333,68.33333333333333,66.33333333333333,65.33333333333333,64.33333333333333,68.33333333333333,72.33333333333333,76.33333333333333,84.33333333333333,91.33333333333333,90.33333333333333,84.33333333333333,79.0,76.0,72.33333333333333,71.33333333333333,73.0,75.0,74.33333333333333,74.33333333333333,75.33333333333333,74.33333333333333,72.66666666666667,73.66666666666667,70.33333333333333,69.33333333333333,74.0,81.66666666666667,88.0,98.0,108.0,111.0,111.0,114.0,170.33333333333334,180.33333333333334,197.33333333333334,215.33333333333334,230.33333333333334,240.33333333333334,245.33333333333334,247.33333333333334,239.33333333333334,236.33333333333334,234.33333333333334,235.33333333333334,239.33333333333334,240.33333333333334,239.33333333333334,236.66666666666666,250.33333333333334,253.33333333333334,248.66666666666666,230.66666666666666,204.0,176.0,148.0,128.0,121.33333333333333,121.33333333333333,125.0,131.0,130.66666666666666,125.66666666666667,124.0,126.0,120.66666666666667,120.66666666666667,119.66666666666667,117.66666666666667,116.66666666666667,115.66666666666667,115.33333333333333,114.33333333333333,111.33333333333333,111.33333333333333,111.33333333333333,110.33333333333333,108.0,107.0,105.0,104.0,101.66666666666667,100.66666666666667,100.66666666666667,99.66666666666667,99.66666666666667,100.66666666666667,101.66666666666667,101.66666666666667,98.66666666666667,98.66666666666667,96.66666666666667,95.66666666666667,93.66666666666667,91.66666666666667,90.66666666666667,89.66666666666667,86.0,85.0,83.66666666666667,81.66666666666667,79.0,79.33333333333333,80.66666666666667,81.66666666666667,83.66666666666667,80.66666666666667,77.33333333333333,71.33333333333333,65.33333333333333,60.333333333333336,57.333333333333336,55.666666666666664,56.0,61.0,71.0,82.0,92.33333333333333,97.33333333333333,98.33333333333333,96.66666666666667,99.0,97.66666666666667,97.33333333333333,95.33333333333333,94.0,89.0,82.66666666666667,77.66666666666667,69.0,67.0,64.0,62.0,63.0,64.0,64.0,63.0,65.0,65.0,65.33333333333333,66.33333333333333,66.0,67.0,67.33333333333333,67.0,67.0,67.33333333333333,68.33333333333333,69.33333333333333,68.33333333333333,67.33333333333333,66.33333333333333,65.33333333333333,64.33333333333333,68.33333333333333,71.33333333333333,75.33333333333333,83.33333333333333,91.33333333333333,90.33333333333333,85.33333333333333,81.0,78.0,73.33333333333333,72.33333333333333,73.0,75.0,75.33333333333333,75.33333333333333,75.33333333333333,73.33333333333333,73.66666666666667,74.66666666666667,72.33333333333333,69.33333333333333,74.0,80.66666666666667,88.0,99.0,109.0,113.0,114.0,117.0,143.33333333333334,151.33333333333334,167.33333333333334,186.33333333333334,205.33333333333334,221.33333333333334,233.33333333333334,239.33333333333334,239.33333333333334,238.33333333333334,238.33333333333334,239.33333333333334,241.33333333333334,241.33333333333334,240.33333333333334,238.66666666666666,234.33333333333334,225.33333333333334,211.33333333333334,194.0,168.0,141.0,123.33333333333333,118.33333333333333,120.33333333333333,124.33333333333333,126.0,124.0,126.66666666666667,129.66666666666666,129.0,123.0,121.66666666666667,122.33333333333333,120.33333333333333,119.33333333333333,117.33333333333333,115.33333333333333,114.33333333333333,113.33333333333333,110.33333333333333,111.33333333333333,111.33333333333333,110.33333333333333,109.0,108.0,106.66666666666667,106.0,101.66666666666667,101.66666666666667,100.66666666666667,99.66666666666667,99.66666666666667,99.66666666666667,100.66666666666667,100.66666666666667,97.66666666666667,97.66666666666667,96.66666666666667,95.66666666666667,93.66666666666667,92.66666666666667,91.66666666666667,90.66666666666667,84.0,82.0,81.0,79.66666666666667,79.0,79.33333333333333,80.66666666666667,81.66666666666667,82.66666666666667,79.66666666666667,75.33333333333333,69.33333333333333,63.333333333333336,58.333333333333336,55.333333333333336,54.333333333333336,56.0,62.0,72.0,83.0,93.33333333333333,97.33333333333333,96.33333333333333,93.66666666666667,98.0,96.66666666666667,96.33333333333333,95.33333333333333,94.0,90.0,84.66666666666667,79.66666666666667,70.0,67.0,64.0,62.0,63.0,64.0,64.0,64.0,65.0,65.0,65.33333333333333,66.33333333333333,66.0,67.0,67.33333333333333,67.0,68.0,67.33333333333333,68.33333333333333,69.33333333333333,68.33333333333333,67.33333333333333,65.33333333333333,64.33333333333333,65.33333333333333,68.33333333333333,71.33333333333333,74.33333333333333,83.33333333333333,90.33333333333333,90.33333333333333,85.33333333333333,82.0,79.0,74.33333333333333,73.33333333333333,74.0,75.0,75.33333333333333,75.33333333333333,75.33333333333333,74.33333333333333,73.33333333333333,74.33333333333333,71.33333333333333,67.33333333333333,70.0,76.66666666666667,85.33333333333333,97.0,108.0,112.0,114.0,117.0,141.66666666666666,145.66666666666666,153.66666666666666,164.66666666666666,178.66666666666666,191.66666666666666,203.66666666666666,209.66666666666666,224.66666666666666,229.66666666666666,235.66666666666666,240.66666666666666,240.66666666666666,236.66666666666666,231.66666666666666,227.33333333333334,198.66666666666666,180.66666666666666,161.66666666666666,149.66666666666666,133.66666666666666,114.66666666666667,109.66666666666667,116.0,126.66666666666667,129.0,125.0,117.66666666666667,121.66666666666667,132.0,129.0,118.0,123.66666666666667,122.66666666666667,121.33333333333333,118.66666666666667,117.33333333333333,114.66666666666667,113.33333333333333,112.33333333333333,111.33333333333333,111.33333333333333,111.33333333333333,111.33333333333333,110.0,109.0,108.66666666666667,108.66666666666667,103.0,102.0,101.0,100.0,100.0,99.66666666666667,99.66666666666667,100.66666666666667,97.66666666666667,97.66666666666667,96.66666666666667,95.66666666666667,93.66666666666667,92.66666666666667,91.66666666666667,91.66666666666667,82.66666666666667,81.0,80.66666666666667,78.66666666666667,78.0,79.0,80.33333333333333,81.66666666666667,81.33333333333333,78.66666666666667,73.66666666666667,67.33333333333333,61.333333333333336,57.333333333333336,54.666666666666664,54.0,56.333333333333336,63.0,72.33333333333333,85.0,94.0,97.33333333333333,95.33333333333333,92.66666666666667,97.0,95.66666666666667,95.33333333333333,95.33333333333333,95.0,90.0,84.0,80.0,71.0,68.0,64.0,62.0,63.0,64.0,64.0,64.0,65.0,65.0,65.0,66.0,66.33333333333333,67.0,67.33333333333333,67.33333333333333,68.0,68.33333333333333,68.33333333333333,69.33333333333333,68.33333333333333,67.33333333333333,65.33333333333333,64.33333333333333,65.33333333333333,68.33333333333333,70.33333333333333,74.33333333333333,82.33333333333333,90.33333333333333,90.33333333333333,85.33333333333333,81.0,78.0,75.33333333333333,72.33333333333333,74.0,75.33333333333333,75.33333333333333,75.33333333333333,75.33333333333333,74.33333333333333,73.33333333333333,74.33333333333333,69.33333333333333,65.33333333333333,67.0,73.0,82.66666666666667,94.33333333333333,105.33333333333333,110.33333333333333,112.33333333333333,115.33333333333333,169.0,163.0,155.0,150.0,153.0,163.0,175.0,184.0,202.0,209.0,217.0,223.0,227.0,222.0,206.0,189.66666666666666,146.66666666666666,127.66666666666667,108.66666666666667,102.66666666666667,106.66666666666667,113.66666666666667,121.66666666666667,127.33333333333333,135.66666666666666,127.33333333333333,118.33333333333333,115.33333333333333,119.0,122.0,123.0,121.0,117.33333333333333,116.66666666666667,114.66666666666667,115.66666666666667,116.66666666666667,116.66666666666667,116.33333333333333,114.33333333333333,110.33333333333333,111.33333333333333,112.33333333333333,112.33333333333333,111.33333333333333,110.33333333333333,109.0,108.0,105.0,104.0,103.0,102.0,101.0,99.0,99.33333333333333,99.0,96.33333333333333,95.0,94.66666666666667,95.66666666666667,95.66666666666667,93.66666666666667,89.66666666666667,85.66666666666667,83.33333333333333,82.33333333333333,81.0,79.0,78.0,78.0,78.0,78.33333333333333,81.33333333333333,79.66666666666667,76.33333333333333,71.33333333333333,67.0,61.666666666666664,58.333333333333336,56.0,56.0,63.0,73.66666666666667,84.33333333333333,93.33333333333333,96.33333333333333,96.66666666666667,95.66666666666667,96.66666666666667,95.0,94.0,94.0,93.66666666666667,92.0,88.0,84.66666666666667,74.0,70.33333333333333,65.33333333333333,62.333333333333336,62.333333333333336,63.333333333333336,63.333333333333336,63.333333333333336,66.33333333333333,66.33333333333333,65.33333333333333,65.33333333333333,66.0,66.0,66.0,65.0,68.33333333333333,68.33333333333333,68.33333333333333,67.33333333333333,67.33333333333333,66.33333333333333,66.33333333333333,66.33333333333333,69.33333333333333,65.33333333333333,64.33333333333333,69.33333333333333,78.33333333333333,86.33333333333333,89.33333333333333,88.33333333333333,83.33333333333333,79.33333333333333,75.33333333333333,71.66666666666667,73.33333333333333,74.66666666666667,75.66666666666667,75.66666666666667,75.66666666666667,75.66666666666667,74.66666666666667,72.66666666666667,70.66666666666667,69.66666666666667,67.66666666666667,67.33333333333333,77.33333333333333,86.33333333333333,98.33333333333333,107.33333333333333,110.33333333333333,110.33333333333333,177.0,172.0,165.0,162.0,164.0,173.0,183.0,190.0,200.0,197.0,190.0,184.0,181.0,177.0,166.0,154.0,119.33333333333333,105.33333333333333,93.33333333333333,93.33333333333333,100.33333333333333,107.33333333333333,113.33333333333333,118.33333333333333,135.0,132.0,127.0,124.0,122.0,119.0,115.0,110.66666666666667,111.33333333333333,109.66666666666667,108.66666666666667,108.66666666666667,110.66666666666667,112.66666666666667,112.33333333333333,112.33333333333333,108.33333333333333,109.33333333333333,109.33333333333333,110.33333333333333,109.33333333333333,107.33333333333333,107.0,106.0,106.66666666666667,105.66666666666667,104.66666666666667,103.66666666666667,102.0,101.0,99.33333333333333,99.33333333333333,98.33333333333333,97.33333333333333,96.66666666666667,96.66666666666667,97.66666666666667,95.66666666666667,91.66666666666667,88.66666666666667,83.66666666666667,82.66666666666667,80.33333333333333,78.33333333333333,78.0,78.0,78.0,78.0,83.33333333333333,81.66666666666667,79.33333333333333,74.33333333333333,68.66666666666667,64.33333333333333,59.333333333333336,56.333333333333336,55.666666666666664,62.333333333333336,73.33333333333333,83.66666666666667,93.33333333333333,96.33333333333333,96.66666666666667,95.66666666666667,95.66666666666667,94.66666666666667,94.0,95.0,95.33333333333333,94.33333333333333,91.66666666666667,88.33333333333333,76.0,71.33333333333333,65.33333333333333,62.333333333333336,62.333333333333336,63.333333333333336,64.33333333333333,64.33333333333333,64.33333333333333,64.33333333333333,64.33333333333333,65.33333333333333,65.33333333333333,65.33333333333333,65.33333333333333,65.33333333333333,67.33333333333333,67.33333333333333,67.33333333333333,67.33333333333333,67.33333333333333,67.33333333333333,67.33333333333333,67.33333333333333,70.33333333333333,67.33333333333333,65.33333333333333,70.33333333333333,79.33333333333333,86.33333333333333,89.33333333333333,88.33333333333333,82.66666666666667,79.66666666666667,74.66666666666667,72.66666666666667,72.66666666666667,74.66666666666667,74.66666666666667,74.66666666666667,72.66666666666667,72.66666666666667,72.66666666666667,72.66666666666667,71.66666666666667,70.66666666666667,69.66666666666667,69.66666666666667,78.33333333333333,85.33333333333333,94.33333333333333,100.33333333333333,102.33333333333333,102.33333333333333,181.33333333333334,178.33333333333334,173.33333333333334,171.33333333333334,172.33333333333334,178.33333333333334,185.33333333333334,189.33333333333334,193.33333333333334,187.33333333333334,174.33333333333334,161.33333333333334,155.33333333333334,151.33333333333334,142.33333333333334,132.33333333333334,118.33333333333333,105.33333333333333,92.33333333333333,91.33333333333333,98.33333333333333,105.33333333333333,113.33333333333333,120.33333333333333,131.0,133.0,135.0,133.0,126.0,117.0,109.0,103.66666666666667,103.33333333333333,101.0,99.0,99.0,101.66666666666667,103.66666666666667,105.33333333333333,105.33333333333333,104.33333333333333,104.33333333333333,105.33333333333333,105.33333333333333,105.33333333333333,104.33333333333333,103.33333333333333,102.33333333333333,105.0,105.0,104.0,104.0,103.0,102.0,101.33333333333333,100.33333333333333,98.33333333333333,97.33333333333333,97.33333333333333,97.33333333333333,97.66666666666667,95.66666666666667,92.33333333333333,89.33333333333333,84.66666666666667,82.66666666666667,80.33333333333333,78.33333333333333,77.0,78.0,79.0,80.0,87.33333333333333,86.66666666666667,84.33333333333333,79.33333333333333,73.66666666666667,66.33333333333333,60.333333333333336,56.333333333333336,54.666666666666664,61.333333333333336,73.33333333333333,83.66666666666667,93.33333333333333,97.33333333333333,96.66666666666667,95.66666666666667,94.66666666666667,94.66666666666667,95.0,96.0,97.33333333333333,97.33333333333333,94.33333333333333,91.0,79.0,74.0,67.0,63.0,62.0,63.0,64.0,65.0,64.0,64.0,64.0,65.0,66.0,66.0,67.0,66.33333333333333,65.33333333333333,65.33333333333333,66.33333333333333,67.33333333333333,67.33333333333333,68.33333333333333,69.33333333333333,69.33333333333333,71.33333333333333,68.33333333333333,67.33333333333333,71.33333333333333,78.33333333333333,85.33333333333333,87.33333333333333,88.33333333333333,84.0,80.0,76.0,73.0,73.0,74.0,75.0,75.0,71.0,71.0,72.0,72.0,72.0,72.0,71.0,71.0,72.66666666666667,76.66666666666667,82.66666666666667,86.66666666666667,88.66666666666667,89.66666666666667,184.0,181.0,178.0,175.0,175.0,176.0,179.0,180.0,180.0,178.0,175.0,170.0,169.0,163.0,151.0,137.33333333333334,141.0,122.33333333333333,102.33333333333333,94.33333333333333,97.33333333333333,106.33333333333333,118.33333333333333,129.33333333333334,127.0,134.0,140.0,138.0,128.0,117.0,109.0,105.33333333333333,99.0,97.0,93.0,92.0,94.66666666666667,95.66666666666667,96.33333333333333,96.33333333333333,95.33333333333333,96.33333333333333,96.33333333333333,97.33333333333333,98.33333333333333,99.33333333333333,99.33333333333333,99.33333333333333,102.0,102.0,103.0,103.0,104.0,104.0,103.33333333333333,103.33333333333333,98.33333333333333,97.33333333333333,96.33333333333333,97.33333333333333,97.33333333333333,95.66666666666667,93.66666666666667,90.66666666666667,85.66666666666667,83.66666666666667,80.33333333333333,78.33333333333333,78.33333333333333,80.0,83.0,85.33333333333333,92.66666666666667,92.66666666666667,91.33333333333333,86.33333333333333,79.66666666666667,71.0,62.333333333333336,57.333333333333336,54.666666666666664,61.333333333333336,73.33333333333333,83.66666666666667,93.33333333333333,97.33333333333333,97.66666666666667,96.66666666666667,95.66666666666667,94.66666666666667,95.0,96.0,97.33333333333333,97.33333333333333,94.33333333333333,91.0,82.0,76.0,68.0,63.0,62.0,63.0,64.0,64.0,63.0,63.0,64.0,65.0,66.0,67.0,68.0,68.0,64.33333333333333,64.33333333333333,65.33333333333333,66.33333333333333,68.33333333333333,69.33333333333333,70.33333333333333,70.33333333333333,70.33333333333333,68.33333333333333,67.33333333333333,70.33333333333333,76.33333333333333,82.33333333333333,85.33333333333333,86.33333333333333,86.0,82.0,77.0,74.0,73.0,74.0,74.0,74.0,70.0,71.0,72.0,72.0,71.0,70.0,68.0,67.0,60.666666666666664,61.666666666666664,63.666666666666664,66.66666666666667,68.66666666666667,70.66666666666667,187.33333333333334,184.66666666666666,182.33333333333334,178.66666666666666,176.33333333333334,173.66666666666666,173.33333333333334,172.66666666666666,165.33333333333334,169.66666666666666,174.33333333333334,177.66666666666666,180.33333333333334,174.66666666666666,160.33333333333334,145.0,140.33333333333334,123.33333333333333,104.33333333333333,95.33333333333333,97.33333333333333,105.33333333333333,118.33333333333333,129.33333333333334,132.33333333333334,138.33333333333334,142.33333333333334,137.33333333333334,126.33333333333333,115.33333333333333,110.33333333333333,109.33333333333333,102.0,99.0,95.0,93.0,92.0,92.0,91.66666666666667,89.66666666666667,85.33333333333333,85.33333333333333,86.33333333333333,88.33333333333333,90.33333333333333,91.33333333333333,93.33333333333333,94.33333333333333,97.0,98.0,100.0,102.0,102.33333333333333,103.33333333333333,103.33333333333333,103.33333333333333,99.33333333333333,98.33333333333333,97.33333333333333,97.33333333333333,97.66666666666667,97.66666666666667,95.66666666666667,93.66666666666667,85.0,82.0,79.0,77.66666666666667,78.66666666666667,82.66666666666667,87.66666666666667,90.66666666666667,96.0,97.33333333333333,96.66666666666667,92.66666666666667,85.33333333333333,75.33333333333333,64.33333333333333,58.333333333333336,53.333333333333336,61.333333333333336,72.33333333333333,83.66666666666667,93.33333333333333,97.33333333333333,97.66666666666667,97.66666666666667,96.66666666666667,95.66666666666667,96.0,96.0,97.0,95.0,92.33333333333333,89.0,85.0,79.0,71.0,66.0,64.0,64.0,64.0,64.0,64.0,64.0,65.0,66.0,67.0,68.0,69.0,69.0,63.333333333333336,64.33333333333333,65.33333333333333,66.33333333333333,68.33333333333333,69.33333333333333,70.33333333333333,71.33333333333333,68.33333333333333,67.33333333333333,67.33333333333333,69.33333333333333,74.33333333333333,80.33333333333333,84.33333333333333,86.33333333333333,87.0,83.0,78.0,74.0,74.0,74.0,74.0,74.0,72.0,72.0,72.0,71.0,69.0,66.0,62.0,60.0,52.666666666666664,50.666666666666664,48.666666666666664,48.666666666666664,48.666666666666664,49.666666666666664,190.33333333333334,189.0,187.33333333333334,184.0,180.33333333333334,177.0,174.33333333333334,173.0,168.33333333333334,171.0,175.33333333333334,177.0,180.33333333333334,178.0,166.33333333333334,152.33333333333334,126.33333333333333,115.33333333333333,105.33333333333333,102.33333333333333,105.33333333333333,110.33333333333333,120.33333333333333,129.33333333333334,143.33333333333334,145.33333333333334,144.33333333333334,136.33333333333334,124.33333333333333,114.33333333333333,111.33333333333333,111.33333333333333,108.66666666666667,107.0,104.0,102.0,100.0,98.0,94.66666666666667,92.66666666666667,83.33333333333333,83.33333333333333,84.33333333333333,84.33333333333333,86.33333333333333,88.33333333333333,89.33333333333333,90.33333333333333,94.0,96.0,98.0,100.0,100.33333333333333,100.33333333333333,99.33333333333333,98.33333333333333,99.33333333333333,97.33333333333333,95.33333333333333,95.33333333333333,96.66666666666667,96.66666666666667,94.66666666666667,93.66666666666667,83.33333333333333,80.0,77.0,76.0,79.0,85.0,91.0,96.0,99.33333333333333,101.33333333333333,102.66666666666667,99.66666666666667,92.33333333333333,80.33333333333333,68.33333333333333,60.333333333333336,53.333333333333336,60.333333333333336,72.33333333333333,83.66666666666667,93.33333333333333,97.66666666666667,98.66666666666667,97.33333333333333,97.66666666666667,96.66666666666667,96.0,96.0,97.0,95.0,92.33333333333333,89.0,88.33333333333333,84.0,78.0,72.0,70.0,68.0,66.0,65.0,66.0,66.0,67.0,67.0,68.0,69.0,69.0,69.0,64.0,64.33333333333333,65.33333333333333,66.33333333333333,68.33333333333333,69.33333333333333,70.33333333333333,71.33333333333333,66.33333333333333,66.33333333333333,67.33333333333333,70.33333333333333,74.33333333333333,79.33333333333333,84.33333333333333,88.0,89.0,84.0,79.0,75.0,74.0,74.0,73.0,73.0,72.0,72.0,72.0,70.0,66.0,61.0,57.0,54.0,51.666666666666664,47.666666666666664,42.666666666666664,38.666666666666664,37.666666666666664,36.666666666666664,186.33333333333334,186.0,184.33333333333334,182.0,180.33333333333334,177.0,175.33333333333334,174.0,174.33333333333334,176.0,179.33333333333334,181.0,185.33333333333334,185.0,175.33333333333334,163.0,133.33333333333334,124.0,115.0,112.0,113.0,117.0,126.0,135.0,148.33333333333334,147.33333333333334,143.33333333333334,135.33333333333334,125.33333333333333,118.33333333333333,116.33333333333333,116.33333333333333,117.66666666666667,115.66666666666667,114.66666666666667,113.66666666666667,113.0,110.0,105.66666666666667,101.66666666666667,95.66666666666667,94.66666666666667,93.33333333333333,92.33333333333333,92.33333333333333,93.33333333333333,93.33333333333333,94.33333333333333,94.33333333333333,95.33333333333333,97.33333333333333,97.33333333333333,96.33333333333333,94.33333333333333,92.33333333333333,90.33333333333333,92.33333333333333,90.33333333333333,88.33333333333333,88.33333333333333,89.33333333333333,90.33333333333333,88.66666666666667,87.33333333333333,79.33333333333333,76.33333333333333,73.33333333333333,73.33333333333333,77.33333333333333,84.33333333333333,93.33333333333333,98.33333333333333,101.66666666666667,103.66666666666667,105.66666666666667,103.66666666666667,97.33333333333333,84.33333333333333,71.33333333333333,63.333333333333336,52.333333333333336,60.333333333333336,72.33333333333333,83.66666666666667,93.33333333333333,97.66666666666667,98.66666666666667,98.33333333333333,96.66666666666667,96.66666666666667,97.0,98.0,99.0,98.0,95.0,92.0,94.33333333333333,90.33333333333333,84.33333333333333,80.33333333333333,76.33333333333333,73.33333333333333,70.33333333333333,67.33333333333333,68.33333333333333,68.33333333333333,68.33333333333333,68.33333333333333,68.33333333333333,68.33333333333333,69.33333333333333,69.33333333333333,64.33333333333333,65.33333333333333,66.33333333333333,66.33333333333333,68.33333333333333,68.33333333333333,69.33333333333333,70.33333333333333,66.33333333333333,67.33333333333333,69.33333333333333,72.33333333333333,76.33333333333333,81.33333333333333,87.33333333333333,91.33333333333333,90.33333333333333,84.66666666666667,78.66666666666667,74.66666666666667,73.66666666666667,73.66666666666667,72.66666666666667,71.66666666666667,69.66666666666667,69.66666666666667,69.66666666666667,67.66666666666667,63.666666666666664,58.666666666666664,52.666666666666664,49.666666666666664,52.0,47.0,42.0,39.0,38.0,38.0,178.33333333333334,178.33333333333334,177.33333333333334,177.33333333333334,175.33333333333334,174.33333333333334,172.33333333333334,172.33333333333334,170.33333333333334,175.33333333333334,181.33333333333334,187.33333333333334,193.33333333333334,194.33333333333334,183.33333333333334,171.33333333333334,153.33333333333334,140.0,124.0,115.0,112.0,116.0,127.0,137.0,146.33333333333334,144.33333333333334,140.33333333333334,134.33333333333334,128.33333333333334,123.33333333333333,122.33333333333333,122.33333333333333,122.66666666666667,122.66666666666667,122.66666666666667,122.66666666666667,122.0,119.0,114.66666666666667,109.66666666666667,109.66666666666667,108.66666666666667,106.33333333333333,103.33333333333333,101.33333333333333,100.33333333333333,100.33333333333333,100.33333333333333,96.33333333333333,97.33333333333333,97.33333333333333,96.33333333333333,94.33333333333333,90.33333333333333,86.33333333333333,84.33333333333333,84.33333333333333,81.66666666666667,80.33333333333333,80.33333333333333,81.33333333333333,82.33333333333333,80.66666666666667,79.66666666666667,75.66666666666667,73.66666666666667,70.66666666666667,70.66666666666667,75.66666666666667,84.66666666666667,93.66666666666667,99.66666666666667,102.66666666666667,105.66666666666667,107.66666666666667,107.33333333333333,99.33333333333333,87.33333333333333,73.33333333333333,65.33333333333333,52.333333333333336,60.333333333333336,71.66666666666667,83.66666666666667,93.33333333333333,97.66666666666667,98.66666666666667,98.33333333333333,95.66666666666667,95.66666666666667,97.0,99.0,101.0,101.0,99.0,97.0,98.33333333333333,94.33333333333333,90.33333333333333,86.33333333333333,82.33333333333333,78.33333333333333,73.33333333333333,70.33333333333333,70.33333333333333,70.33333333333333,70.33333333333333,69.33333333333333,69.33333333333333,69.33333333333333,69.33333333333333,69.33333333333333,65.33333333333333,65.33333333333333,66.33333333333333,67.33333333333333,67.33333333333333,68.33333333333333,69.33333333333333,69.33333333333333,67.33333333333333,68.33333333333333,71.33333333333333,74.33333333333333,78.33333333333333,84.33333333333333,90.33333333333333,95.33333333333333,90.66666666666667,85.66666666666667,79.66666666666667,75.66666666666667,73.66666666666667,72.66666666666667,72.66666666666667,71.66666666666667,67.66666666666667,67.66666666666667,67.66666666666667,66.66666666666667,62.666666666666664,57.666666666666664,51.666666666666664,48.666666666666664,50.0,46.0,41.0,40.0,42.0,44.0,180.33333333333334,180.33333333333334,181.33333333333334,181.33333333333334,179.33333333333334,177.33333333333334,175.33333333333334,174.33333333333334,177.33333333333334,176.33333333333334,179.33333333333334,185.33333333333334,192.33333333333334,192.33333333333334,185.33333333333334,178.33333333333334,167.33333333333334,156.0,139.0,125.0,121.0,125.0,132.0,136.0,138.33333333333334,135.33333333333334,132.33333333333334,129.33333333333334,126.33333333333333,126.33333333333333,126.0,127.0,129.66666666666666,129.66666666666666,128.66666666666666,128.66666666666666,127.66666666666667,126.66666666666667,127.0,127.0,120.0,118.0,115.66666666666667,111.66666666666667,110.33333333333333,110.33333333333333,110.33333333333333,111.33333333333333,105.33333333333333,105.33333333333333,103.33333333333333,101.33333333333333,97.33333333333333,93.33333333333333,89.33333333333333,86.33333333333333,87.33333333333333,87.33333333333333,87.33333333333333,86.66666666666667,86.66666666666667,82.66666666666667,77.66666666666667,73.66666666666667,67.0,64.0,66.0,74.0,80.33333333333333,85.33333333333333,92.66666666666667,100.66666666666667,103.66666666666667,103.66666666666667,104.66666666666667,107.66666666666667,104.66666666666667,94.66666666666667,77.66666666666667,64.66666666666667,57.333333333333336,62.333333333333336,71.66666666666667,84.66666666666667,96.33333333333333,100.66666666666667,99.66666666666667,96.33333333333333,95.66666666666667,94.66666666666667,95.66666666666667,98.66666666666667,103.0,105.0,104.0,103.0,99.33333333333333,99.33333333333333,99.33333333333333,97.33333333333333,94.33333333333333,90.33333333333333,87.33333333333333,85.33333333333333,78.33333333333333,77.33333333333333,76.33333333333333,75.33333333333333,74.33333333333333,73.33333333333333,73.33333333333333,74.33333333333333,72.33333333333333,71.33333333333333,70.33333333333333,71.33333333333333,72.33333333333333,72.33333333333333,71.33333333333333,69.33333333333333,72.33333333333333,71.33333333333333,71.33333333333333,74.33333333333333,80.33333333333333,86.33333333333333,91.33333333333333,92.33333333333333,92.66666666666667,88.66666666666667,82.66666666666667,76.66666666666667,71.66666666666667,69.66666666666667,68.66666666666667,68.66666666666667,67.66666666666667,68.66666666666667,69.66666666666667,68.66666666666667,64.66666666666667,58.666666666666664,52.666666666666664,48.666666666666664,53.0,53.0,52.0,52.0,52.0,52.0,187.33333333333334,187.33333333333334,187.33333333333334,186.33333333333334,184.33333333333334,181.33333333333334,179.33333333333334,177.33333333333334,181.33333333333334,179.33333333333334,179.33333333333334,182.33333333333334,186.33333333333334,188.33333333333334,187.33333333333334,184.33333333333334,179.33333333333334,167.0,147.0,130.0,123.0,124.0,128.0,132.0,134.33333333333334,132.33333333333334,130.33333333333334,128.33333333333334,127.33333333333333,128.0,129.0,130.0,133.66666666666666,132.66666666666666,132.66666666666666,131.66666666666666,130.66666666666666,129.66666666666666,129.0,129.0,127.0,126.0,123.66666666666667,121.66666666666667,120.33333333333333,118.33333333333333,118.33333333333333,118.33333333333333,113.33333333333333,113.33333333333333,112.33333333333333,111.33333333333333,109.33333333333333,106.33333333333333,103.33333333333333,100.66666666666667,98.33333333333333,98.33333333333333,98.66666666666667,97.66666666666667,94.66666666666667,86.66666666666667,77.66666666666667,70.66666666666667,65.66666666666667,64.66666666666667,67.66666666666667,73.66666666666667,78.66666666666667,82.66666666666667,91.33333333333333,101.33333333333333,102.33333333333333,103.33333333333333,105.33333333333333,107.33333333333333,104.33333333333333,93.66666666666667,77.66666666666667,65.66666666666667,58.333333333333336,63.666666666666664,73.66666666666667,87.66666666666667,97.66666666666667,102.66666666666667,100.33333333333333,97.0,94.66666666666667,93.66666666666667,94.66666666666667,97.66666666666667,102.0,104.0,104.0,103.0,101.33333333333333,100.33333333333333,100.33333333333333,98.33333333333333,96.33333333333333,93.33333333333333,90.33333333333333,89.33333333333333,84.33333333333333,83.33333333333333,82.33333333333333,81.33333333333333,80.33333333333333,80.33333333333333,79.33333333333333,79.33333333333333,77.33333333333333,76.33333333333333,76.33333333333333,77.33333333333333,79.33333333333333,79.33333333333333,77.33333333333333,75.33333333333333,75.33333333333333,74.33333333333333,74.33333333333333,76.33333333333333,82.33333333333333,87.33333333333333,91.33333333333333,91.66666666666667,89.66666666666667,86.66666666666667,81.66666666666667,75.66666666666667,71.66666666666667,70.66666666666667,69.66666666666667,70.66666666666667,69.66666666666667,70.66666666666667,70.66666666666667,69.66666666666667,67.66666666666667,62.666666666666664,58.666666666666664,55.666666666666664,60.0,60.0,59.0,59.0,59.0,60.0,194.33333333333334,194.33333333333334,193.33333333333334,191.33333333333334,189.33333333333334,186.33333333333334,184.33333333333334,182.33333333333334,185.33333333333334,183.33333333333334,180.33333333333334,179.33333333333334,180.33333333333334,183.33333333333334,187.33333333333334,190.0,189.0,175.0,154.0,135.0,125.0,124.0,127.0,130.0,129.33333333333334,128.33333333333334,128.33333333333334,128.33333333333334,130.0,132.0,135.0,136.0,139.33333333333334,139.33333333333334,138.33333333333334,136.33333333333334,135.66666666666666,133.66666666666666,132.66666666666666,132.66666666666666,134.0,134.0,133.66666666666666,132.66666666666666,129.66666666666666,127.66666666666667,125.66666666666667,124.66666666666667,122.66666666666667,123.66666666666667,124.33333333333333,124.33333333333333,123.33333333333333,122.33333333333333,120.33333333333333,120.33333333333333,114.33333333333333,114.66666666666667,114.66666666666667,112.66666666666667,105.33333333333333,92.66666666666667,77.66666666666667,67.66666666666667,61.666666666666664,62.666666666666664,68.33333333333333,73.33333333333333,74.33333333333333,77.33333333333333,87.33333333333333,99.33333333333333,99.33333333333333,99.33333333333333,101.33333333333333,103.33333333333333,100.33333333333333,91.33333333333333,77.33333333333333,66.66666666666667,60.333333333333336,66.66666666666667,78.66666666666667,91.66666666666667,100.66666666666667,103.66666666666667,100.33333333333333,97.0,93.66666666666667,93.66666666666667,93.66666666666667,96.66666666666667,100.0,103.0,103.0,102.0,102.0,101.0,101.0,100.0,98.0,96.0,94.0,93.0,91.0,91.0,90.0,90.0,89.0,88.0,88.0,87.0,85.0,84.0,84.0,85.0,87.0,87.0,85.0,84.0,80.0,79.0,78.0,80.0,85.0,89.0,91.0,92.0,86.66666666666667,84.66666666666667,80.66666666666667,76.66666666666667,74.66666666666667,73.66666666666667,73.66666666666667,73.66666666666667,74.66666666666667,74.66666666666667,74.66666666666667,74.66666666666667,72.66666666666667,71.66666666666667,69.66666666666667,68.66666666666667,72.0,71.0,71.0,70.0,70.0,70.0,198.0,196.33333333333334,196.0,193.33333333333334,193.0,190.33333333333334,189.0,187.33333333333334,188.0,186.33333333333334,184.0,179.33333333333334,178.0,178.33333333333334,184.0,188.0,186.0,173.0,153.0,135.0,126.0,125.0,129.0,131.0,126.33333333333333,127.33333333333333,129.33333333333334,131.0,135.0,139.0,141.66666666666666,143.66666666666666,147.33333333333334,146.33333333333334,145.33333333333334,143.33333333333334,141.66666666666666,140.66666666666666,138.66666666666666,138.66666666666666,139.0,140.0,140.66666666666666,140.66666666666666,138.66666666666666,134.66666666666666,131.66666666666666,129.66666666666666,131.66666666666666,131.66666666666666,132.33333333333334,131.33333333333334,131.33333333333334,131.33333333333334,130.33333333333334,130.33333333333334,125.66666666666667,126.66666666666667,127.66666666666667,124.66666666666667,114.66666666666667,96.66666666666667,76.66666666666667,63.666666666666664,56.333333333333336,60.333333333333336,66.33333333333333,70.33333333333333,69.66666666666667,71.66666666666667,82.0,95.0,93.0,94.0,94.66666666666667,94.66666666666667,92.33333333333333,84.33333333333333,74.33333333333333,66.33333333333333,62.333333333333336,69.66666666666667,82.66666666666667,95.66666666666667,103.66666666666667,104.33333333333333,101.33333333333333,97.0,94.66666666666667,93.66666666666667,93.66666666666667,95.66666666666667,99.0,102.0,102.0,102.0,101.0,101.0,100.0,100.0,98.0,97.0,96.0,95.0,97.0,97.0,97.0,96.0,96.0,95.0,94.0,93.0,91.0,90.0,90.0,91.0,93.0,94.0,92.0,90.0,86.0,85.0,84.0,85.0,88.0,91.0,92.0,91.0,86.66666666666667,84.66666666666667,82.66666666666667,80.66666666666667,79.66666666666667,79.66666666666667,79.66666666666667,80.66666666666667,82.66666666666667,82.66666666666667,81.66666666666667,81.66666666666667,81.66666666666667,81.66666666666667,82.66666666666667,82.66666666666667,82.0,82.0,81.0,80.0,80.0,80.0,195.33333333333334,194.33333333333334,194.33333333333334,192.33333333333334,193.33333333333334,191.33333333333334,192.33333333333334,191.33333333333334,189.33333333333334,187.33333333333334,185.33333333333334,180.33333333333334,177.33333333333334,174.33333333333334,176.33333333333334,177.0,176.33333333333334,164.33333333333334,147.33333333333334,133.0,126.0,126.0,129.0,132.0,130.33333333333334,132.33333333333334,134.33333333333334,138.0,142.0,146.66666666666666,149.66666666666666,151.66666666666666,154.33333333333334,154.33333333333334,152.33333333333334,151.33333333333334,149.33333333333334,147.33333333333334,146.66666666666666,145.66666666666666,145.66666666666666,146.66666666666666,148.0,148.0,146.66666666666666,142.66666666666666,138.66666666666666,136.66666666666666,136.66666666666666,135.66666666666666,134.66666666666666,134.33333333333334,132.66666666666666,132.66666666666666,132.33333333333334,132.33333333333334,131.66666666666666,133.66666666666666,133.33333333333334,129.66666666666666,117.66666666666667,97.66666666666667,74.66666666666667,60.333333333333336,51.333333333333336,55.666666666666664,63.666666666666664,68.66666666666667,68.0,68.0,76.33333333333333,87.33333333333333,86.33333333333333,86.33333333333333,85.0,83.66666666666667,80.66666666666667,75.33333333333333,69.33333333333333,65.33333333333333,66.33333333333333,74.66666666666667,87.66666666666667,99.66666666666667,105.66666666666667,105.33333333333333,102.33333333333333,100.0,98.66666666666667,96.0,95.33333333333333,96.33333333333333,99.66666666666667,101.66666666666667,102.0,102.0,100.0,100.0,99.0,98.0,97.0,96.0,96.0,96.0,99.0,99.0,100.0,99.0,99.0,97.0,96.0,95.0,93.0,92.0,92.0,94.0,96.0,96.0,95.0,93.0,91.0,89.0,88.0,89.0,91.0,93.0,92.0,91.0,88.66666666666667,87.0,86.0,85.0,85.0,86.0,87.0,88.0,90.0,90.0,90.0,90.0,90.0,92.0,93.0,94.66666666666667,90.0,90.0,89.0,88.0,87.0,87.0,195.0,194.0,193.0,193.0,193.0,193.0,194.0,194.0,191.0,189.0,186.0,181.0,176.0,170.0,165.0,162.0,163.33333333333334,154.33333333333334,141.33333333333334,131.33333333333334,128.0,129.0,132.0,133.0,139.33333333333334,141.33333333333334,144.33333333333334,148.0,151.66666666666666,154.66666666666666,157.66666666666666,159.66666666666666,160.0,160.33333333333334,159.33333333333334,157.33333333333334,156.33333333333334,154.33333333333334,153.66666666666666,153.66666666666666,154.66666666666666,155.66666666666666,156.0,156.0,154.66666666666666,150.66666666666666,147.66666666666666,145.66666666666666,140.66666666666666,139.66666666666666,138.66666666666666,136.66666666666666,135.66666666666666,134.66666666666666,135.33333333333334,135.33333333333334,136.66666666666666,136.66666666666666,135.66666666666666,129.66666666666666,115.66666666666667,93.66666666666667,71.33333333333333,56.333333333333336,49.666666666666664,53.666666666666664,62.0,69.33333333333333,69.33333333333333,68.33333333333333,73.66666666666667,80.66666666666667,80.66666666666667,78.33333333333333,75.33333333333333,72.33333333333333,68.66666666666667,66.66666666666667,65.66666666666667,65.0,73.33333333333333,81.66666666666667,94.66666666666667,104.33333333333333,108.66666666666667,108.33333333333333,106.0,105.0,103.0,101.0,99.33333333333333,98.33333333333333,100.66666666666667,102.66666666666667,103.0,103.0,100.0,99.0,98.0,96.0,95.0,95.0,95.0,95.0,98.0,99.0,99.0,100.0,99.0,97.0,95.0,94.0,92.0,91.0,91.0,93.0,95.0,96.0,95.0,93.0,93.0,92.0,91.0,92.0,94.0,94.0,93.0,91.66666666666667,91.0,91.0,90.0,91.0,91.0,92.0,93.0,94.0,97.0,97.0,97.0,97.0,97.0,99.0,100.0,100.0,96.0,95.0,94.0,93.0,92.0,92.0,199.33333333333334,198.33333333333334,196.33333333333334,195.33333333333334,194.33333333333334,194.33333333333334,195.33333333333334,196.33333333333334,195.33333333333334,190.33333333333334,184.33333333333334,178.33333333333334,173.33333333333334,165.33333333333334,156.33333333333334,149.33333333333334,147.66666666666666,142.66666666666666,135.33333333333334,131.33333333333334,133.0,137.0,141.0,143.0,149.33333333333334,151.33333333333334,154.33333333333334,157.0,159.66666666666666,162.66666666666666,164.66666666666666,165.66666666666666,163.33333333333334,163.66666666666666,163.33333333333334,162.33333333333334,161.33333333333334,160.33333333333334,160.66666666666666,159.66666666666666,160.66666666666666,160.66666666666666,161.0,160.0,158.0,155.0,152.0,151.66666666666666,146.66666666666666,145.66666666666666,143.33333333333334,142.33333333333334,141.66666666666666,141.66666666666666,142.66666666666666,142.66666666666666,140.66666666666666,139.66666666666666,134.66666666666666,126.66666666666667,110.66666666666667,89.33333333333333,67.33333333333333,52.333333333333336,50.666666666666664,54.0,62.333333333333336,71.33333333333333,74.66666666666667,73.0,73.0,77.0,79.0,75.0,69.66666666666667,63.333333333333336,60.0,60.666666666666664,64.66666666666667,67.0,81.33333333333333,89.66666666666667,101.66666666666667,109.33333333333333,113.66666666666667,112.33333333333333,112.0,112.0,109.0,106.0,103.33333333333333,101.33333333333333,102.66666666666667,103.66666666666667,104.0,103.0,101.66666666666667,101.33333333333333,99.33333333333333,97.33333333333333,95.33333333333333,95.33333333333333,95.33333333333333,95.33333333333333,96.33333333333333,97.33333333333333,98.33333333333333,99.33333333333333,98.33333333333333,96.33333333333333,94.33333333333333,91.66666666666667,89.66666666666667,89.66666666666667,89.66666666666667,91.66666666666667,93.66666666666667,94.66666666666667,93.66666666666667,92.66666666666667,93.66666666666667,92.66666666666667,92.66666666666667,92.66666666666667,94.66666666666667,94.66666666666667,93.66666666666667,91.66666666666667,92.0,93.0,93.0,94.0,95.0,96.0,97.0,97.0,101.0,101.0,101.0,101.0,101.0,101.0,101.0,101.0,99.0,99.33333333333333,97.33333333333333,96.33333333333333,95.33333333333333,95.33333333333333,203.0,202.0,199.0,197.0,196.0,195.0,196.0,196.33333333333334,199.33333333333334,191.33333333333334,182.33333333333334,175.33333333333334,170.33333333333334,162.33333333333334,151.66666666666666,142.33333333333334,134.66666666666666,132.33333333333334,130.33333333333334,132.0,138.0,146.0,152.0,155.0,157.0,158.33333333333334,160.33333333333334,162.33333333333334,165.0,166.33333333333334,167.66666666666666,168.33333333333334,165.66666666666666,165.66666666666666,165.66666666666666,165.33333333333334,164.33333333333334,164.33333333333334,163.33333333333334,163.66666666666666,162.66666666666666,162.66666666666666,161.66666666666666,160.0,158.0,156.0,154.0,153.0,150.66666666666666,149.66666666666666,148.66666666666666,147.66666666666666,147.66666666666666,148.33333333333334,149.66666666666666,150.66666666666666,144.66666666666666,141.33333333333334,135.33333333333334,124.33333333333333,107.66666666666667,86.0,63.0,49.0,51.666666666666664,55.333333333333336,63.333333333333336,74.66666666666667,79.0,76.33333333333333,74.33333333333333,75.33333333333333,78.33333333333333,74.33333333333333,67.0,59.333333333333336,56.0,57.666666666666664,63.666666666666664,68.0,86.66666666666667,94.0,105.0,112.66666666666667,116.0,115.66666666666667,116.0,117.0,113.66666666666667,109.66666666666667,105.66666666666667,103.66666666666667,104.0,105.0,104.0,104.0,103.66666666666667,102.33333333333333,100.33333333333333,97.33333333333333,95.33333333333333,95.33333333333333,95.33333333333333,95.33333333333333,95.33333333333333,96.33333333333333,98.33333333333333,99.33333333333333,98.33333333333333,96.33333333333333,93.33333333333333,90.66666666666667,89.66666666666667,88.66666666666667,88.66666666666667,90.66666666666667,93.66666666666667,94.66666666666667,93.66666666666667,91.66666666666667,94.66666666666667,93.66666666666667,92.66666666666667,93.66666666666667,95.66666666666667,95.66666666666667,93.66666666666667,91.66666666666667,93.0,93.0,94.0,95.0,96.0,97.0,98.0,98.0,101.0,102.0,102.0,103.0,102.0,101.0,100.0,100.66666666666667,101.66666666666667,101.33333333333333,99.33333333333333,98.33333333333333,97.33333333333333,97.33333333333333,207.0,205.0,203.0,201.0,200.0,200.0,201.0,201.0,201.33333333333334,193.33333333333334,183.66666666666666,175.66666666666666,168.66666666666666,161.66666666666666,151.0,143.66666666666666,130.66666666666666,129.33333333333334,132.0,141.0,153.0,161.0,161.33333333333334,160.33333333333334,167.33333333333334,168.33333333333334,169.0,169.33333333333334,169.0,168.33333333333334,169.66666666666666,171.33333333333334,165.33333333333334,164.33333333333334,163.33333333333334,164.0,165.0,166.0,165.0,163.33333333333334,161.33333333333334,160.33333333333334,160.33333333333334,159.66666666666666,158.66666666666666,157.66666666666666,156.66666666666666,156.33333333333334,154.66666666666666,154.66666666666666,154.66666666666666,154.33333333333334,153.33333333333334,152.33333333333334,151.33333333333334,151.0,147.0,145.0,137.0,123.0,102.0,80.33333333333333,62.666666666666664,53.666666666666664,51.666666666666664,57.666666666666664,65.66666666666667,72.33333333333333,73.66666666666667,73.66666666666667,72.0,72.0,74.0,71.66666666666667,66.33333333333333,56.666666666666664,49.666666666666664,52.0,63.666666666666664,74.0,94.33333333333333,103.0,113.33333333333333,116.33333333333333,114.66666666666667,112.66666666666667,115.66666666666667,119.66666666666667,118.33333333333333,116.66666666666667,114.0,111.0,108.66666666666667,105.66666666666667,104.66666666666667,103.66666666666667,107.0,105.66666666666667,104.66666666666667,102.66666666666667,99.66666666666667,96.66666666666667,94.66666666666667,92.66666666666667,93.66666666666667,94.66666666666667,94.66666666666667,95.66666666666667,96.66666666666667,97.66666666666667,98.66666666666667,98.66666666666667,94.66666666666667,94.66666666666667,95.66666666666667,95.66666666666667,94.66666666666667,93.66666666666667,93.66666666666667,92.66666666666667,92.66666666666667,93.66666666666667,94.66666666666667,94.66666666666667,95.66666666666667,96.66666666666667,97.66666666666667,97.66666666666667,95.66666666666667,96.66666666666667,97.66666666666667,98.66666666666667,98.66666666666667,97.66666666666667,97.66666666666667,96.66666666666667,95.66666666666667,95.66666666666667,96.66666666666667,98.66666666666667,99.66666666666667,100.66666666666667,101.66666666666667,102.66666666666667,100.66666666666667,99.66666666666667,98.66666666666667,97.66666666666667,97.66666666666667,97.66666666666667,203.33333333333334,202.33333333333334,200.33333333333334,199.33333333333334,201.0,202.0,204.0,206.0,203.0,197.33333333333334,188.66666666666666,181.66666666666666,177.0,168.0,158.0,149.66666666666666,134.66666666666666,134.33333333333334,139.0,149.0,162.0,171.0,173.33333333333334,173.33333333333334,175.33333333333334,176.33333333333334,174.66666666666666,173.66666666666666,171.33333333333334,170.33333333333334,170.33333333333334,170.33333333333334,167.33333333333334,165.33333333333334,164.33333333333334,164.33333333333334,166.0,166.0,165.0,163.0,159.33333333333334,158.33333333333334,158.33333333333334,156.33333333333334,155.66666666666666,154.66666666666666,153.66666666666666,153.66666666666666,157.33333333333334,157.33333333333334,156.33333333333334,155.33333333333334,154.33333333333334,153.33333333333334,151.66666666666666,150.66666666666666,147.0,145.0,137.33333333333334,123.0,101.33333333333333,79.0,61.0,51.0,49.666666666666664,56.666666666666664,65.33333333333333,71.33333333333333,73.66666666666667,72.66666666666667,71.33333333333333,70.33333333333333,72.0,70.66666666666667,65.33333333333333,56.666666666666664,51.0,55.666666666666664,68.66666666666667,79.0,96.66666666666667,105.33333333333333,114.66666666666667,116.66666666666667,114.33333333333333,112.33333333333333,116.0,120.0,117.66666666666667,115.66666666666667,114.33333333333333,110.33333333333333,108.0,106.0,104.66666666666667,104.0,106.0,105.66666666666667,104.66666666666667,102.66666666666667,100.66666666666667,98.66666666666667,96.66666666666667,95.66666666666667,95.66666666666667,96.66666666666667,96.66666666666667,96.66666666666667,97.66666666666667,97.66666666666667,97.66666666666667,98.66666666666667,95.66666666666667,95.66666666666667,96.66666666666667,96.66666666666667,95.66666666666667,95.66666666666667,94.66666666666667,93.66666666666667,93.66666666666667,93.66666666666667,94.66666666666667,95.66666666666667,96.66666666666667,96.66666666666667,97.66666666666667,97.66666666666667,95.66666666666667,95.66666666666667,95.66666666666667,94.66666666666667,93.66666666666667,92.66666666666667,92.66666666666667,91.66666666666667,92.66666666666667,93.66666666666667,95.66666666666667,97.66666666666667,99.66666666666667,100.66666666666667,101.66666666666667,102.66666666666667,100.66666666666667,100.66666666666667,99.66666666666667,98.66666666666667,97.66666666666667,97.66666666666667,207.33333333333334,205.33333333333334,202.33333333333334,201.33333333333334,202.0,204.0,207.0,209.0,204.0,200.33333333333334,195.66666666666666,191.66666666666666,186.66666666666666,179.66666666666666,169.0,161.66666666666666,149.66666666666666,150.33333333333334,154.0,164.0,175.0,183.0,185.33333333333334,185.33333333333334,185.33333333333334,184.33333333333334,181.66666666666666,179.66666666666666,177.33333333333334,174.33333333333334,172.33333333333334,171.33333333333334,170.33333333333334,168.33333333333334,166.33333333333334,166.33333333333334,166.33333333333334,166.33333333333334,165.0,163.0,160.33333333333334,159.33333333333334,159.33333333333334,157.33333333333334,156.66666666666666,155.66666666666666,154.66666666666666,153.66666666666666,160.33333333333334,160.33333333333334,158.66666666666666,157.66666666666666,155.33333333333334,154.33333333333334,152.66666666666666,151.66666666666666,148.0,146.0,137.33333333333334,123.0,100.33333333333333,78.0,59.0,49.666666666666664,47.666666666666664,54.666666666666664,65.33333333333333,71.33333333333333,73.66666666666667,71.66666666666667,70.33333333333333,68.33333333333333,68.0,66.66666666666667,63.333333333333336,57.666666666666664,55.0,61.666666666666664,76.66666666666667,87.0,103.33333333333333,109.66666666666667,116.66666666666667,118.66666666666667,115.33333333333333,113.33333333333333,116.0,119.0,116.66666666666667,114.66666666666667,112.33333333333333,109.33333333333333,108.0,106.0,104.0,104.0,105.0,104.66666666666667,104.66666666666667,103.66666666666667,102.66666666666667,101.66666666666667,99.66666666666667,98.66666666666667,99.66666666666667,99.66666666666667,98.66666666666667,98.66666666666667,97.66666666666667,97.66666666666667,97.66666666666667,97.66666666666667,97.66666666666667,97.66666666666667,98.66666666666667,98.66666666666667,97.66666666666667,96.66666666666667,95.66666666666667,95.66666666666667,94.66666666666667,94.66666666666667,94.66666666666667,95.66666666666667,96.66666666666667,96.66666666666667,97.66666666666667,97.66666666666667,96.66666666666667,94.66666666666667,92.66666666666667,89.66666666666667,86.66666666666667,85.66666666666667,83.66666666666667,83.66666666666667,86.66666666666667,88.66666666666667,92.66666666666667,95.66666666666667,98.66666666666667,100.66666666666667,101.66666666666667,101.66666666666667,101.66666666666667,100.66666666666667,99.66666666666667,98.66666666666667,98.66666666666667,98.66666666666667,211.33333333333334,208.33333333333334,204.33333333333334,201.33333333333334,200.0,201.0,203.0,205.0,202.0,201.0,199.33333333333334,198.66666666666666,196.66666666666666,190.66666666666666,183.0,176.66666666666666,172.66666666666666,173.33333333333334,175.0,180.0,187.0,191.0,191.33333333333334,191.33333333333334,191.33333333333334,189.33333333333334,185.66666666666666,183.66666666666666,181.33333333333334,179.33333333333334,177.33333333333334,175.33333333333334,174.33333333333334,172.33333333333334,170.33333333333334,169.33333333333334,169.33333333333334,168.33333333333334,167.0,165.0,165.33333333333334,164.33333333333334,163.33333333333334,162.33333333333334,160.66666666666666,159.66666666666666,158.66666666666666,157.66666666666666,162.66666666666666,162.33333333333334,159.66666666666666,157.66666666666666,155.33333333333334,154.33333333333334,152.66666666666666,151.66666666666666,150.0,147.0,137.33333333333334,122.0,98.33333333333333,75.0,57.0,47.666666666666664,47.666666666666664,54.666666666666664,65.33333333333333,72.33333333333333,74.66666666666667,72.66666666666667,70.0,68.0,64.0,63.666666666666664,61.333333333333336,58.666666666666664,60.0,69.66666666666667,84.66666666666667,95.0,109.33333333333333,114.66666666666667,119.66666666666667,119.66666666666667,117.33333333333333,114.66666666666667,115.0,117.0,114.66666666666667,113.66666666666667,112.33333333333333,109.33333333333333,108.0,106.0,105.0,104.33333333333333,104.66666666666667,105.66666666666667,105.66666666666667,105.66666666666667,105.66666666666667,104.66666666666667,103.66666666666667,102.66666666666667,102.66666666666667,102.66666666666667,101.66666666666667,100.66666666666667,99.66666666666667,97.66666666666667,97.66666666666667,96.66666666666667,99.66666666666667,99.66666666666667,99.66666666666667,100.66666666666667,99.66666666666667,98.66666666666667,97.66666666666667,97.66666666666667,94.66666666666667,95.66666666666667,95.66666666666667,96.66666666666667,96.66666666666667,97.66666666666667,97.66666666666667,97.66666666666667,96.66666666666667,94.66666666666667,90.66666666666667,85.66666666666667,81.66666666666667,78.66666666666667,76.66666666666667,75.66666666666667,81.66666666666667,84.66666666666667,89.66666666666667,94.66666666666667,98.66666666666667,100.66666666666667,101.66666666666667,101.66666666666667,101.66666666666667,101.66666666666667,100.66666666666667,99.66666666666667,98.66666666666667,98.66666666666667,203.66666666666666,201.66666666666666,197.66666666666666,194.66666666666666,193.0,193.0,195.0,196.0,198.33333333333334,198.33333333333334,199.66666666666666,200.66666666666666,199.66666666666666,197.66666666666666,193.66666666666666,190.66666666666666,190.66666666666666,190.33333333333334,191.0,193.0,195.0,196.0,195.33333333333334,194.33333333333334,191.33333333333334,188.33333333333334,185.66666666666666,184.66666666666666,185.33333333333334,184.33333333333334,182.33333333333334,179.33333333333334,178.33333333333334,176.33333333333334,173.66666666666666,173.66666666666666,173.66666666666666,172.66666666666666,171.33333333333334,169.33333333333334,169.33333333333334,168.33333333333334,168.0,167.0,165.0,163.0,162.0,161.0,163.66666666666666,162.66666666666666,159.66666666666666,157.66666666666666,154.66666666666666,153.66666666666666,153.66666666666666,153.66666666666666,154.0,149.0,137.33333333333334,119.0,96.0,73.33333333333333,55.666666666666664,47.0,48.666666666666664,54.666666666666664,65.33333333333333,71.33333333333333,73.66666666666667,71.66666666666667,70.0,69.0,63.0,62.666666666666664,63.333333333333336,63.666666666666664,68.66666666666667,79.0,92.66666666666667,102.0,114.33333333333333,117.66666666666667,121.33333333333333,121.33333333333333,117.66666666666667,114.66666666666667,115.0,116.0,114.66666666666667,112.66666666666667,111.33333333333333,109.33333333333333,107.33333333333333,106.33333333333333,106.0,105.33333333333333,105.66666666666667,106.33333333333333,106.33333333333333,107.33333333333333,107.33333333333333,106.33333333333333,106.33333333333333,105.33333333333333,105.33333333333333,104.33333333333333,103.33333333333333,102.33333333333333,100.33333333333333,98.33333333333333,97.33333333333333,97.33333333333333,100.33333333333333,100.33333333333333,101.33333333333333,101.33333333333333,100.33333333333333,99.33333333333333,99.33333333333333,98.33333333333333,95.33333333333333,96.33333333333333,96.33333333333333,96.33333333333333,96.33333333333333,97.33333333333333,97.33333333333333,97.33333333333333,96.33333333333333,94.33333333333333,90.33333333333333,85.33333333333333,80.33333333333333,75.33333333333333,72.33333333333333,71.33333333333333,77.33333333333333,81.33333333333333,87.33333333333333,94.33333333333333,98.33333333333333,101.33333333333333,101.33333333333333,100.33333333333333,101.33333333333333,100.33333333333333,99.33333333333333,98.33333333333333,98.33333333333333,98.33333333333333,192.66666666666666,191.66666666666666,190.66666666666666,188.66666666666666,189.0,189.0,190.0,191.0,195.33333333333334,195.33333333333334,195.66666666666666,196.66666666666666,196.66666666666666,197.66666666666666,197.66666666666666,198.66666666666666,196.66666666666666,196.33333333333334,197.0,199.0,199.0,199.0,198.33333333333334,198.33333333333334,190.33333333333334,187.33333333333334,184.66666666666666,185.66666666666666,187.33333333333334,189.33333333333334,186.33333333333334,183.33333333333334,181.33333333333334,179.33333333333334,177.66666666666666,177.66666666666666,177.66666666666666,177.66666666666666,176.33333333333334,174.33333333333334,172.33333333333334,171.33333333333334,171.0,169.0,167.0,165.0,164.0,163.0,165.0,163.66666666666666,161.66666666666666,158.66666666666666,157.0,155.66666666666666,156.66666666666666,157.0,158.0,151.0,137.0,116.0,92.33333333333333,69.66666666666667,53.666666666666664,46.0,48.666666666666664,54.666666666666664,63.333333333333336,69.33333333333333,70.66666666666667,70.66666666666667,68.66666666666667,68.66666666666667,64.66666666666667,65.33333333333333,68.33333333333333,72.66666666666667,79.66666666666667,90.0,100.66666666666667,108.0,117.33333333333333,118.66666666666667,121.33333333333333,120.33333333333333,117.66666666666667,115.66666666666667,115.0,115.0,113.66666666666667,112.66666666666667,112.33333333333333,110.33333333333333,109.33333333333333,108.33333333333333,108.0,107.33333333333333,107.66666666666667,107.33333333333333,108.33333333333333,109.33333333333333,109.33333333333333,108.33333333333333,108.33333333333333,107.33333333333333,107.33333333333333,106.33333333333333,105.33333333333333,103.33333333333333,101.33333333333333,100.33333333333333,99.33333333333333,98.33333333333333,100.33333333333333,101.33333333333333,101.33333333333333,101.33333333333333,101.33333333333333,100.33333333333333,99.33333333333333,98.33333333333333,96.33333333333333,96.33333333333333,96.33333333333333,97.33333333333333,97.33333333333333,97.33333333333333,97.33333333333333,97.33333333333333,96.33333333333333,94.33333333333333,91.33333333333333,87.33333333333333,82.33333333333333,77.33333333333333,72.33333333333333,70.33333333333333,74.33333333333333,79.33333333333333,87.33333333333333,94.33333333333333,99.33333333333333,101.33333333333333,100.33333333333333,99.33333333333333,100.33333333333333,99.33333333333333,98.33333333333333,97.33333333333333,97.33333333333333,97.33333333333333,197.66666666666666,197.66666666666666,197.66666666666666,196.66666666666666,196.66666666666666,195.66666666666666,195.0,195.0,196.0,194.33333333333334,192.66666666666666,189.66666666666666,189.66666666666666,191.66666666666666,195.66666666666666,199.66666666666666,198.66666666666666,199.33333333333334,200.0,200.0,199.0,198.0,197.33333333333334,197.33333333333334,191.33333333333334,187.33333333333334,184.66666666666666,186.66666666666666,190.33333333333334,192.33333333333334,189.33333333333334,186.33333333333334,183.33333333333334,181.33333333333334,180.33333333333334,180.33333333333334,181.33333333333334,181.33333333333334,179.66666666666666,178.66666666666666,177.33333333333334,176.33333333333334,175.33333333333334,173.33333333333334,172.0,170.0,168.0,167.0,167.0,166.0,163.0,161.0,160.0,160.0,161.0,162.0,162.0,153.0,136.33333333333334,113.66666666666667,89.0,68.0,54.333333333333336,47.666666666666664,48.333333333333336,53.333333333333336,59.666666666666664,65.0,67.0,67.33333333333333,67.33333333333333,68.33333333333333,69.0,71.66666666666667,76.33333333333333,83.0,90.66666666666667,100.66666666666667,109.33333333333333,114.66666666666667,120.0,120.33333333333333,120.66666666666667,119.66666666666667,117.66666666666667,115.66666666666667,115.0,115.0,114.66666666666667,113.66666666666667,113.33333333333333,111.33333333333333,110.33333333333333,109.33333333333333,109.33333333333333,109.33333333333333,110.33333333333333,109.66666666666667,110.66666666666667,110.66666666666667,110.66666666666667,110.66666666666667,109.66666666666667,108.66666666666667,107.66666666666667,107.66666666666667,106.66666666666667,104.66666666666667,103.66666666666667,101.66666666666667,100.66666666666667,100.66666666666667,100.66666666666667,101.66666666666667,101.66666666666667,101.66666666666667,101.66666666666667,100.66666666666667,99.66666666666667,98.66666666666667,97.66666666666667,97.66666666666667,97.66666666666667,97.66666666666667,97.66666666666667,97.66666666666667,97.66666666666667,97.66666666666667,95.33333333333333,95.33333333333333,94.33333333333333,92.33333333333333,87.33333333333333,81.33333333333333,75.33333333333333,72.33333333333333,73.33333333333333,79.33333333333333,87.33333333333333,95.33333333333333,100.33333333333333,101.33333333333333,100.33333333333333,98.33333333333333,99.33333333333333,98.33333333333333,97.33333333333333,96.33333333333333,96.33333333333333,96.33333333333333,211.66666666666666,211.66666666666666,211.66666666666666,210.66666666666666,208.66666666666666,205.66666666666666,203.0,202.0,197.0,194.0,189.33333333333334,185.66666666666666,183.66666666666666,186.66666666666666,192.66666666666666,197.66666666666666,200.33333333333334,201.33333333333334,201.0,200.0,198.0,195.0,193.33333333333334,193.33333333333334,193.33333333333334,189.33333333333334,185.66666666666666,187.66666666666666,191.33333333333334,193.33333333333334,190.33333333333334,187.33333333333334,184.33333333333334,183.33333333333334,181.33333333333334,182.33333333333334,183.33333333333334,184.33333333333334,182.66666666666666,181.66666666666666,182.33333333333334,182.33333333333334,180.33333333333334,178.33333333333334,177.0,175.0,173.0,172.0,169.0,168.0,165.0,163.0,163.0,164.0,165.0,166.0,164.0,154.0,136.33333333333334,111.66666666666667,87.0,66.33333333333333,53.666666666666664,47.666666666666664,47.333333333333336,51.333333333333336,56.333333333333336,60.666666666666664,62.666666666666664,63.666666666666664,66.0,67.0,72.66666666666667,76.33333333333333,82.33333333333333,90.0,98.66666666666667,106.33333333333333,114.0,118.66666666666667,120.0,119.33333333333333,120.66666666666667,119.66666666666667,117.66666666666667,115.66666666666667,115.0,114.0,114.66666666666667,113.66666666666667,113.33333333333333,112.33333333333333,111.33333333333333,111.33333333333333,111.33333333333333,111.33333333333333,110.66666666666667,111.66666666666667,111.66666666666667,111.66666666666667,111.66666666666667,110.66666666666667,109.66666666666667,109.66666666666667,108.66666666666667,107.66666666666667,106.66666666666667,105.66666666666667,103.66666666666667,102.66666666666667,101.66666666666667,101.66666666666667,100.66666666666667,101.66666666666667,101.66666666666667,101.66666666666667,101.66666666666667,100.66666666666667,99.66666666666667,98.66666666666667,97.66666666666667,97.66666666666667,97.66666666666667,97.66666666666667,97.66666666666667,97.66666666666667,97.66666666666667,97.66666666666667,95.33333333333333,96.33333333333333,96.33333333333333,95.33333333333333,90.33333333333333,84.33333333333333,77.33333333333333,73.33333333333333,73.33333333333333,79.33333333333333,88.33333333333333,96.33333333333333,101.33333333333333,102.33333333333333,100.33333333333333,98.33333333333333,98.33333333333333,97.33333333333333,96.33333333333333,95.33333333333333,95.33333333333333,95.33333333333333,233.66666666666666,231.66666666666666,230.0,229.0,228.0,223.33333333333334,216.66666666666666,210.66666666666666,205.66666666666666,199.66666666666666,191.66666666666666,182.66666666666666,179.33333333333334,179.33333333333334,183.33333333333334,186.33333333333334,190.33333333333334,195.33333333333334,199.0,199.0,196.0,193.0,192.33333333333334,194.33333333333334,191.33333333333334,195.33333333333334,197.66666666666666,196.66666666666666,193.33333333333334,191.33333333333334,191.33333333333334,192.33333333333334,185.33333333333334,185.0,184.0,184.0,184.33333333333334,184.33333333333334,185.33333333333334,185.33333333333334,186.0,186.0,186.33333333333334,184.33333333333334,182.33333333333334,179.33333333333334,176.33333333333334,175.33333333333334,174.0,172.0,169.0,168.0,167.0,168.0,170.0,171.0,166.0,156.0,136.66666666666666,108.66666666666667,81.33333333333333,60.333333333333336,49.666666666666664,46.0,45.333333333333336,46.333333333333336,50.333333333333336,56.666666666666664,58.666666666666664,59.666666666666664,65.66666666666667,72.66666666666667,76.33333333333333,81.33333333333333,89.0,98.66666666666667,107.33333333333333,114.33333333333333,119.33333333333333,120.66666666666667,120.0,118.66666666666667,117.0,115.0,114.0,114.0,115.0,116.0,112.66666666666667,112.66666666666667,113.66666666666667,113.66666666666667,113.66666666666667,112.66666666666667,112.33333333333333,111.33333333333333,111.66666666666667,111.33333333333333,110.33333333333333,109.33333333333333,108.33333333333333,108.33333333333333,107.33333333333333,106.33333333333333,105.33333333333333,105.33333333333333,104.33333333333333,103.33333333333333,103.33333333333333,102.33333333333333,101.33333333333333,101.33333333333333,102.33333333333333,102.33333333333333,101.33333333333333,101.33333333333333,100.33333333333333,99.33333333333333,98.33333333333333,98.33333333333333,97.33333333333333,97.33333333333333,97.33333333333333,97.33333333333333,97.33333333333333,97.33333333333333,97.33333333333333,97.0,94.66666666666667,94.66666666666667,93.66666666666667,91.66666666666667,88.66666666666667,84.66666666666667,80.66666666666667,78.66666666666667,81.66666666666667,85.66666666666667,91.66666666666667,96.66666666666667,100.66666666666667,100.66666666666667,99.66666666666667,98.66666666666667,96.66666666666667,96.66666666666667,96.66666666666667,96.66666666666667,96.66666666666667,96.66666666666667,235.66666666666666,234.66666666666666,235.0,236.0,235.0,231.0,224.33333333333334,219.66666666666666,209.66666666666666,204.66666666666666,195.66666666666666,185.66666666666666,180.33333333333334,179.33333333333334,182.33333333333334,185.33333333333334,187.33333333333334,192.33333333333334,197.0,197.0,195.0,193.0,193.33333333333334,195.33333333333334,196.33333333333334,199.33333333333334,200.66666666666666,199.66666666666666,195.33333333333334,192.33333333333334,192.33333333333334,192.66666666666666,189.33333333333334,189.0,189.0,190.0,190.33333333333334,189.33333333333334,189.33333333333334,189.33333333333334,188.0,188.0,187.33333333333334,186.33333333333334,184.33333333333334,181.33333333333334,179.33333333333334,177.33333333333334,176.0,174.0,172.0,169.0,169.0,170.0,171.0,173.0,169.0,158.33333333333334,137.66666666666666,111.33333333333333,84.33333333333333,63.333333333333336,51.666666666666664,48.0,46.333333333333336,46.333333333333336,50.333333333333336,56.333333333333336,59.333333333333336,62.333333333333336,69.33333333333333,77.33333333333333,81.0,85.66666666666667,93.33333333333333,102.33333333333333,110.33333333333333,116.33333333333333,119.33333333333333,119.66666666666667,118.0,116.66666666666667,115.0,114.0,113.0,113.0,113.0,114.0,113.66666666666667,113.66666666666667,113.66666666666667,113.66666666666667,113.66666666666667,112.66666666666667,112.33333333333333,110.66666666666667,111.33333333333333,111.33333333333333,110.33333333333333,110.33333333333333,109.33333333333333,108.33333333333333,107.33333333333333,107.33333333333333,104.33333333333333,104.33333333333333,103.33333333333333,103.33333333333333,102.33333333333333,101.33333333333333,100.33333333333333,100.33333333333333,102.33333333333333,102.33333333333333,101.33333333333333,100.33333333333333,99.33333333333333,99.33333333333333,98.33333333333333,98.33333333333333,97.33333333333333,97.33333333333333,97.33333333333333,97.33333333333333,97.33333333333333,97.33333333333333,97.33333333333333,97.0,96.0,94.66666666666667,92.66666666666667,90.66666666666667,88.66666666666667,85.66666666666667,83.66666666666667,82.66666666666667,85.66666666666667,88.66666666666667,92.66666666666667,96.66666666666667,99.66666666666667,100.66666666666667,99.66666666666667,99.66666666666667,96.66666666666667,96.66666666666667,96.66666666666667,96.66666666666667,96.66666666666667,96.66666666666667,235.66666666666666,236.66666666666666,238.66666666666666,241.66666666666666,242.0,238.0,232.33333333333334,228.33333333333334,216.66666666666666,211.66666666666666,202.66666666666666,191.66666666666666,182.66666666666666,178.66666666666666,181.33333333333334,184.33333333333334,188.33333333333334,193.33333333333334,198.0,199.0,197.0,195.0,195.33333333333334,197.33333333333334,201.33333333333334,202.33333333333334,202.66666666666666,200.66666666666666,197.33333333333334,195.33333333333334,194.33333333333334,193.66666666666666,194.33333333333334,194.0,196.0,197.0,197.0,196.0,194.33333333333334,194.33333333333334,189.33333333333334,189.33333333333334,189.0,188.0,186.0,184.0,182.33333333333334,180.33333333333334,179.33333333333334,176.33333333333334,173.33333333333334,170.33333333333334,169.33333333333334,170.33333333333334,173.0,175.0,171.33333333333334,160.66666666666666,140.66666666666666,115.33333333333333,90.0,70.0,58.333333333333336,53.333333333333336,49.0,48.0,51.0,57.0,62.0,67.0,76.66666666666667,85.66666666666667,89.33333333333333,94.33333333333333,101.33333333333333,109.33333333333333,114.66666666666667,117.66666666666667,118.66666666666667,118.33333333333333,116.33333333333333,115.0,114.0,112.0,112.0,111.0,112.0,112.0,113.66666666666667,113.66666666666667,114.66666666666667,114.66666666666667,113.66666666666667,112.66666666666667,111.66666666666667,111.66666666666667,111.33333333333333,111.33333333333333,110.33333333333333,110.33333333333333,109.33333333333333,108.33333333333333,108.33333333333333,107.33333333333333,104.33333333333333,104.33333333333333,103.33333333333333,102.33333333333333,101.33333333333333,101.33333333333333,100.33333333333333,100.33333333333333,101.33333333333333,101.33333333333333,100.33333333333333,100.33333333333333,99.33333333333333,98.33333333333333,97.33333333333333,97.33333333333333,96.33333333333333,96.33333333333333,96.33333333333333,96.33333333333333,96.33333333333333,96.33333333333333,96.33333333333333,96.0,96.0,93.66666666666667,91.66666666666667,89.66666666666667,87.66666666666667,87.66666666666667,87.66666666666667,87.66666666666667,91.66666666666667,93.66666666666667,94.66666666666667,96.66666666666667,98.66666666666667,99.66666666666667,99.66666666666667,99.66666666666667,95.66666666666667,95.66666666666667,95.66666666666667,95.66666666666667,95.66666666666667,95.66666666666667,232.66666666666666,234.66666666666666,239.66666666666666,242.66666666666666,244.0,241.0,236.33333333333334,232.33333333333334,225.66666666666666,220.66666666666666,211.66666666666666,198.66666666666666,187.66666666666666,182.66666666666666,183.33333333333334,186.33333333333334,195.33333333333334,199.33333333333334,203.0,204.0,201.0,199.0,198.33333333333334,200.33333333333334,202.33333333333334,202.33333333333334,201.66666666666666,199.66666666666666,198.33333333333334,196.33333333333334,195.33333333333334,195.33333333333334,195.0,196.0,198.0,200.0,200.0,198.0,196.33333333333334,195.33333333333334,191.33333333333334,190.33333333333334,190.0,189.0,187.0,185.0,184.33333333333334,183.33333333333334,181.33333333333334,178.33333333333334,174.33333333333334,171.33333333333334,169.33333333333334,170.33333333333334,173.0,175.0,172.33333333333334,162.66666666666666,143.66666666666666,121.33333333333333,99.0,80.33333333333333,68.33333333333333,62.333333333333336,58.333333333333336,54.333333333333336,55.333333333333336,61.333333333333336,68.33333333333333,75.33333333333333,85.33333333333333,95.33333333333333,98.66666666666667,102.66666666666667,108.66666666666667,114.66666666666667,117.33333333333333,118.33333333333333,117.33333333333333,115.0,115.33333333333333,115.0,114.0,113.0,112.0,111.0,111.0,111.0,113.66666666666667,113.66666666666667,113.66666666666667,114.66666666666667,113.66666666666667,112.66666666666667,111.66666666666667,111.0,110.33333333333333,110.33333333333333,110.33333333333333,109.33333333333333,108.33333333333333,108.33333333333333,108.33333333333333,107.33333333333333,105.33333333333333,104.33333333333333,104.33333333333333,103.33333333333333,102.33333333333333,101.33333333333333,101.33333333333333,101.33333333333333,100.33333333333333,100.33333333333333,100.33333333333333,99.33333333333333,98.33333333333333,97.33333333333333,97.33333333333333,96.33333333333333,95.33333333333333,95.33333333333333,95.33333333333333,95.33333333333333,95.33333333333333,95.33333333333333,95.33333333333333,95.33333333333333,96.0,93.66666666666667,90.66666666666667,87.66666666666667,87.66666666666667,88.66666666666667,90.66666666666667,92.66666666666667,97.66666666666667,96.66666666666667,96.66666666666667,96.66666666666667,96.66666666666667,97.66666666666667,97.66666666666667,98.66666666666667,94.66666666666667,94.66666666666667,94.66666666666667,94.66666666666667,94.66666666666667,94.66666666666667,232.0,235.0,240.33333333333334,243.33333333333334,243.33333333333334,241.66666666666666,238.66666666666666,236.66666666666666,233.33333333333334,230.33333333333334,222.33333333333334,209.33333333333334,196.33333333333334,189.33333333333334,190.33333333333334,192.66666666666666,203.33333333333334,207.33333333333334,210.0,210.0,205.0,202.0,200.33333333333334,201.33333333333334,201.33333333333334,200.33333333333334,198.66666666666666,197.66666666666666,197.33333333333334,197.33333333333334,196.33333333333334,196.33333333333334,193.0,194.66666666666666,196.66666666666666,197.66666666666666,198.33333333333334,197.33333333333334,195.33333333333334,193.33333333333334,192.33333333333334,191.33333333333334,190.0,189.0,187.0,186.0,185.0,185.0,183.33333333333334,180.33333333333334,175.0,171.0,169.33333333333334,170.33333333333334,173.0,175.0,172.33333333333334,164.66666666666666,150.33333333333334,132.0,114.0,97.33333333333333,85.0,76.33333333333333,71.0,67.0,66.0,73.0,79.66666666666667,86.66666666666667,96.33333333333333,105.33333333333333,107.66666666666667,110.66666666666667,114.66666666666667,117.66666666666667,118.66666666666667,117.66666666666667,114.66666666666667,113.66666666666667,115.66666666666667,115.66666666666667,115.66666666666667,114.66666666666667,113.66666666666667,112.66666666666667,111.66666666666667,111.66666666666667,112.0,112.0,113.0,113.0,112.0,111.0,110.0,110.0,108.33333333333333,108.0,108.0,108.0,107.0,107.0,107.0,107.0,106.0,105.0,105.0,104.0,103.0,102.0,102.0,102.0,100.0,99.0,99.0,98.0,97.0,96.0,96.0,96.0,95.0,95.0,95.0,95.0,95.0,95.0,95.0,94.66666666666667,93.66666666666667,91.0,88.0,86.0,87.0,89.0,92.0,94.0,99.0,98.0,96.0,95.0,94.0,94.0,95.0,95.0,92.0,92.0,92.0,92.0,92.0,92.0,234.0,238.0,242.33333333333334,244.33333333333334,243.33333333333334,241.33333333333334,240.66666666666666,240.66666666666666,239.33333333333334,237.33333333333334,230.33333333333334,218.33333333333334,205.33333333333334,198.33333333333334,199.33333333333334,202.66666666666666,211.66666666666666,214.33333333333334,217.0,216.0,211.0,206.0,204.33333333333334,205.33333333333334,205.33333333333334,203.33333333333334,199.66666666666666,198.66666666666666,198.33333333333334,198.33333333333334,197.33333333333334,196.33333333333334,192.0,192.66666666666666,193.66666666666666,194.66666666666666,195.33333333333334,194.33333333333334,193.33333333333334,192.33333333333334,193.33333333333334,192.33333333333334,191.0,189.0,188.0,187.0,187.0,187.0,186.33333333333334,182.33333333333334,176.0,171.0,169.33333333333334,170.33333333333334,173.0,175.0,173.66666666666666,167.66666666666666,158.66666666666666,146.0,133.0,118.33333333333333,105.0,97.0,88.0,82.66666666666667,80.66666666666667,85.33333333333333,92.33333333333333,98.33333333333333,105.66666666666667,112.66666666666667,113.66666666666667,114.66666666666667,116.66666666666667,117.33333333333333,116.66666666666667,114.33333333333333,112.66666666666667,110.33333333333333,114.66666666666667,114.66666666666667,115.66666666666667,114.66666666666667,114.66666666666667,112.66666666666667,111.66666666666667,110.66666666666667,111.0,111.0,111.0,111.0,111.0,110.0,109.0,108.0,106.0,106.0,106.0,106.0,106.0,106.0,106.0,106.0,105.0,105.0,104.0,104.0,103.0,102.0,101.0,101.0,99.0,99.0,98.0,97.0,96.0,96.0,95.0,95.0,94.0,94.0,94.0,94.0,94.0,94.0,94.0,93.66666666666667,92.66666666666667,90.0,88.0,86.0,86.0,89.0,92.0,94.0,97.0,97.0,95.0,94.0,92.0,92.0,92.0,92.0,90.0,90.0,90.0,90.0,90.0,90.0,237.0,240.0,242.0,242.0,240.33333333333334,238.33333333333334,239.66666666666666,241.66666666666666,242.33333333333334,242.33333333333334,237.33333333333334,226.33333333333334,213.33333333333334,207.33333333333334,209.33333333333334,213.66666666666666,219.66666666666666,223.33333333333334,226.0,225.0,220.0,216.0,214.33333333333334,215.33333333333334,214.33333333333334,210.33333333333334,205.66666666666666,202.66666666666666,202.33333333333334,201.33333333333334,199.33333333333334,196.33333333333334,194.0,193.66666666666666,193.66666666666666,193.66666666666666,194.33333333333334,194.33333333333334,194.33333333333334,194.33333333333334,195.33333333333334,194.33333333333334,192.33333333333334,190.33333333333334,190.0,190.0,190.0,191.0,189.33333333333334,185.33333333333334,179.0,173.0,171.33333333333334,171.33333333333334,175.0,177.0,174.66666666666666,171.66666666666666,166.66666666666666,161.0,152.0,139.33333333333334,126.0,116.0,105.0,97.33333333333333,94.33333333333333,99.33333333333333,104.33333333333333,107.66666666666667,112.66666666666667,117.66666666666667,117.66666666666667,116.33333333333333,115.33333333333333,114.0,112.33333333333333,111.0,109.33333333333333,108.0,112.66666666666667,114.33333333333333,113.66666666666667,113.66666666666667,112.66666666666667,111.66666666666667,109.66666666666667,108.66666666666667,109.0,109.0,110.0,110.0,109.0,108.0,107.66666666666667,106.66666666666667,104.0,104.0,104.0,104.0,104.0,104.0,104.0,104.0,103.0,103.0,102.0,101.0,100.0,100.0,99.0,99.0,98.0,98.0,97.0,97.0,96.0,95.0,94.0,94.0,93.0,93.0,93.0,93.0,93.0,93.0,93.0,92.66666666666667,90.66666666666667,89.0,87.0,86.0,86.0,88.0,90.0,92.0,94.0,94.0,93.0,92.0,91.0,90.0,88.0,88.0,87.0,87.0,87.0,87.0,87.0,87.0,237.66666666666666,239.66666666666666,241.66666666666666,239.66666666666666,236.66666666666666,235.66666666666666,236.66666666666666,240.33333333333334,244.33333333333334,244.33333333333334,240.66666666666666,230.66666666666666,218.66666666666666,212.66666666666666,215.66666666666666,221.33333333333334,226.66666666666666,230.66666666666666,233.0,233.0,229.0,225.0,225.0,226.0,222.33333333333334,217.33333333333334,211.0,208.0,205.66666666666666,203.66666666666666,200.66666666666666,197.33333333333334,196.33333333333334,195.33333333333334,194.33333333333334,194.33333333333334,194.33333333333334,194.33333333333334,195.33333333333334,196.33333333333334,199.0,197.0,195.0,193.33333333333334,192.33333333333334,192.33333333333334,193.33333333333334,193.33333333333334,192.33333333333334,188.33333333333334,181.33333333333334,175.33333333333334,173.0,174.0,177.33333333333334,179.33333333333334,176.33333333333334,174.66666666666666,171.66666666666666,169.33333333333334,163.33333333333334,151.33333333333334,138.0,128.0,113.33333333333333,105.66666666666667,103.33333333333333,106.33333333333333,111.66666666666667,113.66666666666667,116.66666666666667,120.66666666666667,118.33333333333333,117.33333333333333,115.0,112.0,110.0,108.0,107.0,107.66666666666667,110.66666666666667,112.33333333333333,112.66666666666667,112.66666666666667,111.66666666666667,109.66666666666667,107.66666666666667,106.66666666666667,108.0,108.0,109.0,109.0,108.0,108.0,107.0,105.66666666666667,102.33333333333333,101.66666666666667,103.66666666666667,102.66666666666667,103.66666666666667,102.66666666666667,103.66666666666667,102.66666666666667,101.66666666666667,100.66666666666667,100.66666666666667,98.66666666666667,98.66666666666667,97.66666666666667,97.66666666666667,96.66666666666667,98.0,97.66666666666667,97.0,95.66666666666667,95.0,94.66666666666667,94.0,93.66666666666667,93.0,92.66666666666667,93.0,92.66666666666667,93.0,92.66666666666667,93.0,92.66666666666667,89.66666666666667,88.0,87.0,86.0,86.0,88.0,89.0,90.0,92.0,92.0,92.0,91.0,90.0,88.0,87.0,86.0,86.0,86.0,86.0,86.0,86.0,86.0,230.0,233.0,237.0,240.0,241.0,240.0,238.0,236.0,244.0,246.0,244.0,233.0,221.0,217.0,223.33333333333334,231.0,237.33333333333334,237.66666666666666,239.33333333333334,238.66666666666666,237.66666666666666,235.33333333333334,234.33333333333334,232.33333333333334,225.66666666666666,224.66666666666666,221.66666666666666,218.66666666666666,215.0,212.0,209.0,208.66666666666666,206.0,204.0,200.0,196.0,195.0,195.0,197.0,198.0,200.0,197.0,195.0,195.0,196.0,196.0,195.33333333333334,194.33333333333334,191.66666666666666,186.66666666666666,180.66666666666666,176.66666666666666,174.33333333333334,175.33333333333334,175.0,175.0,175.0,173.66666666666666,172.66666666666666,172.66666666666666,169.66666666666666,159.66666666666666,145.66666666666666,133.33333333333334,122.0,116.0,113.33333333333333,116.0,123.0,126.0,122.0,117.0,121.33333333333333,117.33333333333333,112.0,109.0,109.66666666666667,110.66666666666667,110.66666666666667,110.66666666666667,107.66666666666667,107.66666666666667,107.66666666666667,108.66666666666667,108.66666666666667,109.66666666666667,109.66666666666667,109.66666666666667,110.66666666666667,109.66666666666667,109.66666666666667,108.66666666666667,106.66666666666667,104.66666666666667,102.66666666666667,101.0,102.66666666666667,102.0,102.66666666666667,101.0,101.66666666666667,100.0,100.66666666666667,100.0,98.66666666666667,98.0,97.66666666666667,96.0,95.66666666666667,95.0,94.66666666666667,93.0,97.66666666666667,96.66666666666667,95.66666666666667,94.66666666666667,93.66666666666667,93.66666666666667,93.66666666666667,93.66666666666667,92.66666666666667,91.66666666666667,91.66666666666667,90.66666666666667,90.66666666666667,89.66666666666667,89.66666666666667,89.66666666666667,88.66666666666667,88.66666666666667,88.66666666666667,88.66666666666667,88.66666666666667,88.66666666666667,88.66666666666667,88.66666666666667,86.66666666666667,87.66666666666667,87.66666666666667,87.66666666666667,87.66666666666667,86.66666666666667,85.66666666666667,84.66666666666667,85.33333333333333,85.33333333333333,85.33333333333333,85.33333333333333,85.33333333333333,85.33333333333333,232.33333333333334,235.33333333333334,240.33333333333334,243.33333333333334,243.33333333333334,241.33333333333334,238.33333333333334,235.33333333333334,242.33333333333334,244.33333333333334,242.33333333333334,235.33333333333334,226.33333333333334,223.33333333333334,226.33333333333334,231.33333333333334,236.0,237.0,238.0,239.0,239.0,238.0,236.66666666666666,236.66666666666666,237.0,236.0,234.0,231.0,227.66666666666666,225.66666666666666,223.66666666666666,222.66666666666666,212.33333333333334,209.66666666666666,205.66666666666666,202.66666666666666,199.0,197.0,197.33333333333334,197.33333333333334,196.33333333333334,194.33333333333334,191.0,190.0,189.0,189.33333333333334,187.33333333333334,185.66666666666666,184.66666666666666,180.66666666666666,174.66666666666666,171.66666666666666,171.66666666666666,173.66666666666666,173.33333333333334,174.33333333333334,170.0,168.0,167.0,167.0,164.0,155.0,141.33333333333334,130.33333333333334,126.0,122.0,121.0,125.0,132.0,135.0,132.0,127.0,117.33333333333333,114.33333333333333,110.0,108.0,108.66666666666667,110.66666666666667,110.66666666666667,110.66666666666667,108.66666666666667,107.66666666666667,107.66666666666667,107.66666666666667,108.66666666666667,108.66666666666667,109.66666666666667,110.66666666666667,110.66666666666667,110.66666666666667,109.66666666666667,108.66666666666667,106.66666666666667,104.66666666666667,102.66666666666667,100.66666666666667,100.66666666666667,100.66666666666667,100.66666666666667,100.66666666666667,100.66666666666667,99.66666666666667,99.66666666666667,99.66666666666667,100.66666666666667,100.66666666666667,99.66666666666667,98.66666666666667,97.66666666666667,97.66666666666667,96.66666666666667,96.0,96.0,95.66666666666667,93.66666666666667,92.66666666666667,91.66666666666667,91.66666666666667,91.66666666666667,91.66666666666667,92.66666666666667,92.66666666666667,91.66666666666667,90.66666666666667,89.66666666666667,89.66666666666667,88.66666666666667,87.66666666666667,88.66666666666667,88.66666666666667,88.66666666666667,88.66666666666667,88.66666666666667,88.66666666666667,88.66666666666667,88.66666666666667,86.66666666666667,87.66666666666667,87.66666666666667,87.66666666666667,87.66666666666667,86.66666666666667,85.66666666666667,84.66666666666667,87.33333333333333,87.33333333333333,87.33333333333333,87.33333333333333,87.33333333333333,87.33333333333333,237.33333333333334,239.33333333333334,243.33333333333334,245.33333333333334,244.33333333333334,241.33333333333334,237.33333333333334,234.33333333333334,240.33333333333334,241.33333333333334,241.33333333333334,238.33333333333334,234.33333333333334,232.33333333333334,232.33333333333334,233.33333333333334,235.66666666666666,236.66666666666666,237.66666666666666,238.66666666666666,239.66666666666666,239.66666666666666,239.66666666666666,239.66666666666666,240.0,239.0,237.0,236.0,232.33333333333334,231.33333333333334,229.33333333333334,228.66666666666666,223.0,221.33333333333334,218.66666666666666,214.66666666666666,209.0,205.0,202.0,200.0,199.0,196.0,193.0,191.0,190.0,189.0,186.0,183.33333333333334,178.66666666666666,175.66666666666666,170.66666666666666,168.66666666666666,169.66666666666666,171.66666666666666,172.33333333333334,172.33333333333334,164.0,163.0,162.0,162.0,159.33333333333334,152.33333333333334,141.33333333333334,133.33333333333334,129.0,127.0,127.0,131.0,136.0,136.0,131.0,125.0,112.33333333333333,109.33333333333333,106.0,105.0,107.66666666666667,109.66666666666667,110.66666666666667,110.66666666666667,109.66666666666667,108.66666666666667,107.66666666666667,106.66666666666667,107.66666666666667,108.66666666666667,110.66666666666667,111.66666666666667,111.66666666666667,110.66666666666667,109.66666666666667,108.66666666666667,106.66666666666667,103.66666666666667,101.66666666666667,100.66666666666667,98.66666666666667,98.66666666666667,98.66666666666667,98.66666666666667,98.66666666666667,99.66666666666667,99.66666666666667,99.66666666666667,99.66666666666667,99.66666666666667,98.66666666666667,98.66666666666667,97.66666666666667,96.66666666666667,96.66666666666667,95.0,94.0,93.66666666666667,91.66666666666667,90.66666666666667,89.66666666666667,89.66666666666667,89.66666666666667,89.66666666666667,93.66666666666667,93.66666666666667,92.66666666666667,90.66666666666667,89.66666666666667,87.66666666666667,86.66666666666667,86.66666666666667,87.66666666666667,87.66666666666667,87.66666666666667,87.66666666666667,87.66666666666667,87.66666666666667,87.66666666666667,87.66666666666667,86.66666666666667,86.66666666666667,87.66666666666667,87.66666666666667,86.66666666666667,86.66666666666667,85.66666666666667,84.66666666666667,87.33333333333333,87.33333333333333,87.33333333333333,87.33333333333333,87.33333333333333,87.33333333333333,242.33333333333334,242.33333333333334,243.33333333333334,242.33333333333334,241.33333333333334,239.33333333333334,237.33333333333334,236.33333333333334,240.33333333333334,240.33333333333334,241.33333333333334,242.33333333333334,242.33333333333334,241.33333333333334,239.33333333333334,237.33333333333334,237.66666666666666,238.66666666666666,238.66666666666666,239.66666666666666,240.66666666666666,240.66666666666666,240.66666666666666,240.66666666666666,238.0,238.0,237.0,236.0,233.33333333333334,232.33333333333334,231.33333333333334,231.66666666666666,236.0,235.33333333333334,232.33333333333334,228.66666666666666,222.0,217.0,212.0,209.0,204.0,201.0,197.33333333333334,194.33333333333334,192.33333333333334,189.0,185.0,182.0,174.66666666666666,170.66666666666666,166.66666666666666,164.66666666666666,164.66666666666666,165.33333333333334,165.33333333333334,165.0,157.0,157.0,156.0,157.0,155.33333333333334,150.33333333333334,143.33333333333334,138.33333333333334,135.0,133.0,132.0,134.0,135.0,131.0,123.0,116.0,108.33333333333333,106.33333333333333,104.0,104.0,106.66666666666667,109.66666666666667,110.66666666666667,110.66666666666667,109.66666666666667,108.66666666666667,107.66666666666667,106.66666666666667,106.66666666666667,108.66666666666667,110.66666666666667,111.66666666666667,110.66666666666667,110.66666666666667,109.66666666666667,108.66666666666667,106.66666666666667,103.66666666666667,101.66666666666667,100.66666666666667,98.66666666666667,98.66666666666667,98.66666666666667,98.66666666666667,99.66666666666667,99.66666666666667,99.66666666666667,99.66666666666667,96.66666666666667,95.66666666666667,95.66666666666667,95.66666666666667,94.66666666666667,94.66666666666667,93.66666666666667,93.0,94.0,92.66666666666667,91.66666666666667,90.66666666666667,89.66666666666667,88.66666666666667,89.66666666666667,89.66666666666667,93.66666666666667,92.66666666666667,91.66666666666667,89.66666666666667,87.66666666666667,86.66666666666667,84.66666666666667,83.66666666666667,86.66666666666667,86.66666666666667,86.66666666666667,86.66666666666667,86.66666666666667,86.66666666666667,86.66666666666667,86.66666666666667,85.66666666666667,86.66666666666667,86.66666666666667,86.66666666666667,86.66666666666667,85.66666666666667,84.66666666666667,83.66666666666667,84.33333333333333,84.33333333333333,84.33333333333333,84.33333333333333,84.33333333333333,84.33333333333333,246.33333333333334,244.33333333333334,240.33333333333334,237.33333333333334,236.33333333333334,237.33333333333334,238.33333333333334,239.33333333333334,241.33333333333334,241.33333333333334,241.33333333333334,243.33333333333334,246.33333333333334,246.33333333333334,243.33333333333334,241.33333333333334,241.66666666666666,241.66666666666666,240.66666666666666,239.66666666666666,239.66666666666666,239.66666666666666,238.66666666666666,238.66666666666666,244.0,244.0,243.0,242.0,240.33333333333334,240.33333333333334,239.33333333333334,239.66666666666666,240.66666666666666,241.0,239.0,236.33333333333334,230.66666666666666,225.66666666666666,220.66666666666666,218.0,211.0,207.0,202.33333333333334,197.33333333333334,191.33333333333334,185.33333333333334,178.33333333333334,175.0,168.33333333333334,164.33333333333334,159.33333333333334,155.33333333333334,153.33333333333334,152.0,150.0,148.0,148.0,148.0,148.0,149.0,147.33333333333334,145.33333333333334,141.33333333333334,139.33333333333334,140.0,139.0,139.0,138.0,136.0,130.0,121.0,113.0,107.33333333333333,105.33333333333333,103.0,104.0,106.66666666666667,109.66666666666667,109.66666666666667,109.66666666666667,108.66666666666667,108.66666666666667,107.66666666666667,106.66666666666667,107.66666666666667,108.66666666666667,109.66666666666667,110.66666666666667,109.66666666666667,109.66666666666667,109.66666666666667,108.66666666666667,106.66666666666667,104.66666666666667,102.66666666666667,101.66666666666667,99.66666666666667,99.66666666666667,99.66666666666667,99.66666666666667,100.66666666666667,100.66666666666667,100.66666666666667,100.66666666666667,94.66666666666667,94.66666666666667,94.66666666666667,94.66666666666667,93.66666666666667,93.66666666666667,93.66666666666667,93.0,94.0,92.66666666666667,91.66666666666667,90.66666666666667,89.66666666666667,89.66666666666667,89.66666666666667,89.66666666666667,91.66666666666667,90.66666666666667,89.66666666666667,87.66666666666667,85.66666666666667,83.66666666666667,82.66666666666667,81.66666666666667,84.66666666666667,84.66666666666667,84.66666666666667,84.66666666666667,84.66666666666667,84.66666666666667,84.66666666666667,84.66666666666667,84.66666666666667,84.66666666666667,84.66666666666667,84.66666666666667,84.66666666666667,83.66666666666667,82.66666666666667,81.66666666666667,82.33333333333333,82.33333333333333,82.33333333333333,82.33333333333333,82.33333333333333,82.33333333333333,245.33333333333334,243.33333333333334,239.33333333333334,236.33333333333334,236.33333333333334,238.33333333333334,241.33333333333334,243.33333333333334,242.33333333333334,241.33333333333334,240.33333333333334,241.33333333333334,243.33333333333334,244.33333333333334,244.33333333333334,243.33333333333334,242.66666666666666,241.66666666666666,240.66666666666666,239.66666666666666,238.66666666666666,237.66666666666666,238.66666666666666,238.66666666666666,247.0,246.0,246.0,245.0,243.33333333333334,243.33333333333334,242.33333333333334,242.66666666666666,238.66666666666666,239.0,238.0,237.0,233.66666666666666,230.66666666666666,227.66666666666666,225.66666666666666,227.33333333333334,223.33333333333334,217.33333333333334,211.33333333333334,204.33333333333334,195.33333333333334,186.33333333333334,181.33333333333334,173.0,169.0,162.33333333333334,157.0,152.0,149.0,145.0,142.0,147.0,147.0,146.0,145.0,143.33333333333334,141.33333333333334,140.33333333333334,139.33333333333334,140.0,140.0,139.0,138.0,135.0,129.0,120.0,114.0,109.33333333333333,107.33333333333333,106.0,106.0,108.66666666666667,109.66666666666667,108.66666666666667,107.66666666666667,107.66666666666667,107.66666666666667,107.66666666666667,108.66666666666667,108.66666666666667,109.66666666666667,109.66666666666667,109.66666666666667,107.66666666666667,107.66666666666667,108.66666666666667,107.66666666666667,106.66666666666667,105.66666666666667,104.66666666666667,103.66666666666667,101.66666666666667,101.66666666666667,100.66666666666667,100.66666666666667,99.66666666666667,99.66666666666667,99.66666666666667,98.66666666666667,95.66666666666667,95.66666666666667,95.66666666666667,95.66666666666667,95.66666666666667,95.66666666666667,95.66666666666667,95.0,93.0,92.66666666666667,90.66666666666667,89.66666666666667,88.66666666666667,88.66666666666667,88.66666666666667,88.66666666666667,87.66666666666667,87.66666666666667,86.66666666666667,84.66666666666667,83.66666666666667,81.66666666666667,80.66666666666667,80.66666666666667,82.66666666666667,82.66666666666667,82.66666666666667,82.66666666666667,82.66666666666667,82.66666666666667,82.66666666666667,82.66666666666667,81.66666666666667,82.66666666666667,82.66666666666667,82.66666666666667,82.66666666666667,81.66666666666667,80.66666666666667,79.66666666666667,82.33333333333333,82.33333333333333,82.33333333333333,82.33333333333333,82.33333333333333,82.33333333333333,241.66666666666666,240.66666666666666,239.66666666666666,239.66666666666666,239.66666666666666,241.66666666666666,242.66666666666666,244.66666666666666,241.66666666666666,239.66666666666666,237.66666666666666,236.66666666666666,235.66666666666666,237.66666666666666,240.66666666666666,242.66666666666666,240.66666666666666,239.66666666666666,238.66666666666666,237.66666666666666,237.66666666666666,238.66666666666666,239.66666666666666,239.66666666666666,242.0,242.0,241.0,240.0,238.33333333333334,237.33333333333334,237.33333333333334,236.66666666666666,234.66666666666666,234.66666666666666,235.66666666666666,235.66666666666666,235.0,235.66666666666666,235.66666666666666,234.66666666666666,242.33333333333334,240.33333333333334,236.0,232.0,227.0,220.0,213.0,208.33333333333334,198.33333333333334,194.0,187.0,181.0,176.0,171.0,166.0,161.33333333333334,162.33333333333334,161.33333333333334,158.33333333333334,154.33333333333334,150.33333333333334,148.33333333333334,146.33333333333334,146.33333333333334,146.0,145.0,144.0,141.0,136.0,128.0,120.0,115.0,113.33333333333333,111.33333333333333,109.0,108.0,109.66666666666667,109.66666666666667,107.66666666666667,106.66666666666667,105.66666666666667,106.66666666666667,108.66666666666667,110.66666666666667,110.66666666666667,109.66666666666667,108.66666666666667,107.66666666666667,105.66666666666667,106.66666666666667,106.66666666666667,107.66666666666667,107.66666666666667,106.66666666666667,106.66666666666667,105.66666666666667,101.66666666666667,101.66666666666667,100.66666666666667,99.66666666666667,98.66666666666667,97.66666666666667,96.66666666666667,95.66666666666667,94.66666666666667,94.66666666666667,94.66666666666667,94.66666666666667,94.66666666666667,94.66666666666667,95.66666666666667,95.0,91.0,90.66666666666667,88.66666666666667,87.66666666666667,86.66666666666667,86.66666666666667,86.66666666666667,86.66666666666667,84.66666666666667,83.66666666666667,83.66666666666667,82.66666666666667,81.66666666666667,80.66666666666667,79.66666666666667,79.66666666666667,79.66666666666667,79.66666666666667,79.66666666666667,79.66666666666667,79.66666666666667,79.66666666666667,79.66666666666667,79.66666666666667,79.66666666666667,80.66666666666667,80.66666666666667,80.66666666666667,80.66666666666667,79.66666666666667,78.66666666666667,77.66666666666667,80.33333333333333,80.33333333333333,80.33333333333333,80.33333333333333,80.33333333333333,80.33333333333333,238.0,239.66666666666666,242.0,243.66666666666666,245.0,245.66666666666666,245.0,244.66666666666666,241.0,239.66666666666666,237.0,232.66666666666666,231.0,232.66666666666666,238.0,242.66666666666666,239.0,237.66666666666666,237.0,236.66666666666666,238.0,238.66666666666666,240.66666666666666,241.66666666666666,239.0,239.0,238.0,237.0,235.66666666666666,234.33333333333334,233.66666666666666,233.66666666666666,233.66666666666666,234.66666666666666,235.66666666666666,236.66666666666666,238.0,240.0,241.66666666666666,242.66666666666666,245.33333333333334,244.33333333333334,242.66666666666666,242.66666666666666,241.66666666666666,238.66666666666666,234.66666666666666,231.0,227.33333333333334,222.33333333333334,215.33333333333334,209.33333333333334,204.0,198.33333333333334,192.33333333333334,189.33333333333334,181.33333333333334,179.33333333333334,175.33333333333334,169.33333333333334,163.33333333333334,159.33333333333334,157.33333333333334,157.33333333333334,160.0,159.0,155.0,150.0,142.0,133.0,124.0,118.0,116.33333333333333,114.33333333333333,111.0,110.0,110.66666666666667,109.66666666666667,107.66666666666667,105.66666666666667,104.66666666666667,106.66666666666667,109.66666666666667,111.66666666666667,112.66666666666667,110.66666666666667,108.66666666666667,106.66666666666667,104.66666666666667,105.66666666666667,106.66666666666667,107.66666666666667,107.66666666666667,107.66666666666667,107.66666666666667,107.66666666666667,101.66666666666667,100.66666666666667,99.66666666666667,98.66666666666667,96.66666666666667,95.66666666666667,93.66666666666667,93.66666666666667,91.66666666666667,91.66666666666667,92.66666666666667,92.66666666666667,92.66666666666667,92.66666666666667,92.66666666666667,92.0,90.0,88.66666666666667,87.66666666666667,85.66666666666667,85.66666666666667,84.66666666666667,84.66666666666667,85.66666666666667,81.66666666666667,81.66666666666667,81.66666666666667,80.66666666666667,79.66666666666667,79.66666666666667,78.66666666666667,78.66666666666667,78.66666666666667,78.66666666666667,78.66666666666667,78.66666666666667,78.66666666666667,78.66666666666667,78.66666666666667,78.66666666666667,78.66666666666667,78.66666666666667,79.66666666666667,79.66666666666667,78.66666666666667,77.66666666666667,76.66666666666667,76.66666666666667,77.33333333333333,77.33333333333333,77.33333333333333,77.33333333333333,77.33333333333333,77.33333333333333,232.66666666666666,236.66666666666666,242.66666666666666,247.66666666666666,247.66666666666666,244.66666666666666,239.66666666666666,236.66666666666666,236.66666666666666,238.66666666666666,240.66666666666666,241.66666666666666,242.66666666666666,243.66666666666666,246.66666666666666,248.66666666666666,248.0,247.0,245.0,242.0,240.0,239.0,237.66666666666666,236.66666666666666,238.33333333333334,236.0,234.33333333333334,233.0,233.66666666666666,237.66666666666666,241.66666666666666,243.66666666666666,241.66666666666666,243.0,243.0,243.0,242.0,241.0,240.0,239.0,232.0,235.0,237.33333333333334,238.33333333333334,237.33333333333334,236.33333333333334,237.33333333333334,238.66666666666666,236.33333333333334,235.33333333333334,233.33333333333334,229.33333333333334,224.33333333333334,219.33333333333334,215.33333333333334,212.33333333333334,206.33333333333334,202.33333333333334,196.33333333333334,189.33333333333334,184.33333333333334,180.33333333333334,178.33333333333334,177.33333333333334,175.0,174.0,169.0,162.0,151.0,139.0,128.0,121.0,118.33333333333333,114.33333333333333,110.0,107.0,107.66666666666667,107.66666666666667,107.66666666666667,106.66666666666667,107.66666666666667,108.66666666666667,109.66666666666667,110.66666666666667,110.66666666666667,109.66666666666667,108.66666666666667,107.66666666666667,101.66666666666667,103.66666666666667,105.66666666666667,107.66666666666667,107.66666666666667,106.66666666666667,103.66666666666667,102.66666666666667,103.66666666666667,101.66666666666667,97.66666666666667,94.66666666666667,91.66666666666667,90.66666666666667,89.66666666666667,89.66666666666667,90.66666666666667,90.66666666666667,89.66666666666667,88.66666666666667,87.66666666666667,87.66666666666667,87.66666666666667,87.0,89.0,87.66666666666667,86.66666666666667,86.66666666666667,85.66666666666667,82.66666666666667,78.66666666666667,74.66666666666667,75.66666666666667,73.66666666666667,71.66666666666667,71.66666666666667,73.66666666666667,74.66666666666667,73.66666666666667,72.66666666666667,73.66666666666667,73.66666666666667,73.66666666666667,74.66666666666667,74.66666666666667,75.66666666666667,75.66666666666667,75.66666666666667,78.66666666666667,77.66666666666667,77.66666666666667,76.66666666666667,75.66666666666667,75.66666666666667,74.66666666666667,74.66666666666667,72.33333333333333,74.0,74.0,74.0,75.0,75.0,235.33333333333334,237.33333333333334,239.33333333333334,237.33333333333334,229.33333333333334,217.33333333333334,204.33333333333334,196.33333333333334,201.33333333333334,202.33333333333334,203.33333333333334,203.33333333333334,201.33333333333334,201.33333333333334,202.33333333333334,203.33333333333334,206.33333333333334,208.33333333333334,211.33333333333334,216.33333333333334,223.33333333333334,230.33333333333334,236.33333333333334,240.33333333333334,238.66666666666666,238.66666666666666,238.66666666666666,238.66666666666666,238.0,239.0,239.0,239.0,246.0,246.0,244.0,242.0,239.66666666666666,238.0,236.0,236.0,236.0,237.0,236.33333333333334,235.33333333333334,233.33333333333334,233.33333333333334,236.33333333333334,238.33333333333334,243.0,242.33333333333334,242.33333333333334,240.33333333333334,238.33333333333334,235.33333333333334,232.33333333333334,230.33333333333334,221.33333333333334,219.33333333333334,216.33333333333334,212.33333333333334,208.33333333333334,206.33333333333334,205.33333333333334,204.33333333333334,198.0,194.0,187.0,175.0,161.0,146.0,133.0,126.0,123.33333333333333,119.33333333333333,114.0,111.0,109.66666666666667,109.66666666666667,108.66666666666667,107.66666666666667,105.66666666666667,106.66666666666667,108.66666666666667,109.66666666666667,109.66666666666667,108.66666666666667,106.66666666666667,105.66666666666667,105.66666666666667,105.66666666666667,105.66666666666667,105.66666666666667,105.66666666666667,104.66666666666667,103.66666666666667,103.66666666666667,98.66666666666667,97.66666666666667,95.66666666666667,92.66666666666667,90.66666666666667,89.66666666666667,89.66666666666667,89.66666666666667,89.66666666666667,88.66666666666667,87.66666666666667,87.66666666666667,86.66666666666667,86.66666666666667,86.66666666666667,86.0,89.0,86.66666666666667,85.66666666666667,84.66666666666667,83.66666666666667,80.66666666666667,75.66666666666667,71.66666666666667,71.66666666666667,69.66666666666667,67.66666666666667,67.66666666666667,68.66666666666667,69.66666666666667,68.66666666666667,67.66666666666667,69.66666666666667,69.66666666666667,69.66666666666667,69.66666666666667,70.66666666666667,70.66666666666667,70.66666666666667,71.66666666666667,72.66666666666667,72.66666666666667,71.66666666666667,71.66666666666667,71.66666666666667,71.66666666666667,70.66666666666667,70.66666666666667,70.0,70.0,71.0,71.0,72.0,72.0,234.33333333333334,234.33333333333334,231.33333333333334,223.33333333333334,207.33333333333334,186.33333333333334,167.33333333333334,155.33333333333334,144.33333333333334,146.33333333333334,147.33333333333334,146.33333333333334,144.33333333333334,144.33333333333334,145.33333333333334,146.33333333333334,152.66666666666666,155.66666666666666,163.66666666666666,174.66666666666666,188.66666666666666,202.66666666666666,215.33333333333334,222.33333333333334,231.66666666666666,234.66666666666666,237.66666666666666,241.66666666666666,242.33333333333334,241.33333333333334,240.33333333333334,239.33333333333334,236.33333333333334,235.33333333333334,234.33333333333334,233.33333333333334,232.66666666666666,233.66666666666666,234.66666666666666,235.66666666666666,239.0,239.0,237.33333333333334,234.33333333333334,233.33333333333334,233.33333333333334,236.33333333333334,239.33333333333334,238.66666666666666,239.0,238.0,237.0,234.33333333333334,232.33333333333334,230.33333333333334,228.33333333333334,234.33333333333334,234.33333333333334,234.33333333333334,233.33333333333334,232.33333333333334,231.33333333333334,229.33333333333334,228.33333333333334,221.0,215.0,205.0,190.0,174.0,158.0,146.0,139.0,133.33333333333334,128.33333333333334,121.0,115.0,113.66666666666667,111.66666666666667,109.66666666666667,108.66666666666667,103.66666666666667,104.66666666666667,106.66666666666667,107.66666666666667,107.66666666666667,106.66666666666667,104.66666666666667,103.66666666666667,106.66666666666667,105.66666666666667,103.66666666666667,101.66666666666667,100.66666666666667,99.66666666666667,99.66666666666667,99.66666666666667,92.66666666666667,91.66666666666667,90.66666666666667,89.66666666666667,89.66666666666667,88.66666666666667,89.66666666666667,89.66666666666667,87.66666666666667,86.66666666666667,86.66666666666667,86.66666666666667,85.66666666666667,85.66666666666667,85.66666666666667,85.0,88.0,85.66666666666667,83.66666666666667,82.66666666666667,81.66666666666667,77.66666666666667,73.66666666666667,69.66666666666667,68.66666666666667,65.66666666666667,63.666666666666664,62.666666666666664,62.666666666666664,62.666666666666664,61.666666666666664,60.666666666666664,62.666666666666664,62.666666666666664,63.666666666666664,63.666666666666664,64.66666666666667,64.66666666666667,64.66666666666667,64.66666666666667,64.66666666666667,64.66666666666667,65.66666666666667,65.66666666666667,65.66666666666667,65.66666666666667,66.66666666666667,66.66666666666667,67.0,67.0,67.0,68.0,68.0,68.0,180.66666666666666,179.66666666666666,174.66666666666666,163.66666666666666,148.66666666666666,129.66666666666666,112.66666666666667,102.66666666666667,96.66666666666667,98.66666666666667,100.66666666666667,101.66666666666667,102.66666666666667,103.66666666666667,105.66666666666667,107.66666666666667,112.0,115.0,120.0,129.0,142.0,156.0,167.66666666666666,175.66666666666666,179.33333333333334,182.33333333333334,188.33333333333334,194.33333333333334,198.66666666666666,200.66666666666666,201.66666666666666,201.66666666666666,200.66666666666666,201.33333333333334,203.66666666666666,207.33333333333334,211.66666666666666,218.66666666666666,225.66666666666666,228.66666666666666,237.33333333333334,238.0,238.33333333333334,237.33333333333334,236.33333333333334,237.33333333333334,239.33333333333334,241.33333333333334,243.33333333333334,242.66666666666666,241.66666666666666,240.0,238.0,236.0,234.33333333333334,233.33333333333334,233.33333333333334,234.33333333333334,235.33333333333334,235.33333333333334,234.33333333333334,232.33333333333334,229.33333333333334,228.33333333333334,222.0,216.0,206.0,192.0,177.0,164.0,154.0,149.0,141.33333333333334,135.33333333333334,126.0,118.0,113.66666666666667,110.66666666666667,108.66666666666667,106.66666666666667,102.66666666666667,103.66666666666667,104.66666666666667,105.66666666666667,105.66666666666667,104.66666666666667,103.66666666666667,102.66666666666667,103.66666666666667,102.66666666666667,100.66666666666667,98.66666666666667,95.66666666666667,93.66666666666667,91.66666666666667,90.66666666666667,86.66666666666667,86.66666666666667,85.66666666666667,85.66666666666667,85.66666666666667,86.66666666666667,87.66666666666667,88.66666666666667,85.66666666666667,85.66666666666667,86.66666666666667,86.66666666666667,86.66666666666667,85.66666666666667,85.66666666666667,84.0,85.0,83.66666666666667,81.66666666666667,80.66666666666667,80.66666666666667,78.66666666666667,74.66666666666667,71.66666666666667,67.66666666666667,64.66666666666667,61.666666666666664,60.666666666666664,59.666666666666664,59.666666666666664,57.666666666666664,56.666666666666664,58.666666666666664,58.666666666666664,58.666666666666664,58.666666666666664,59.666666666666664,59.666666666666664,59.666666666666664,60.666666666666664,59.666666666666664,60.666666666666664,60.666666666666664,61.666666666666664,62.666666666666664,63.666666666666664,64.66666666666667,64.66666666666667,66.0,66.0,66.0,66.0,67.0,67.0,115.33333333333333,112.33333333333333,108.33333333333333,101.33333333333333,93.33333333333333,85.33333333333333,79.33333333333333,75.33333333333333,78.33333333333333,80.33333333333333,83.33333333333333,84.33333333333333,85.33333333333333,86.33333333333333,89.33333333333333,92.0,91.0,91.0,92.0,95.0,101.0,110.0,118.0,123.0,122.33333333333333,125.33333333333333,129.33333333333334,134.33333333333334,138.66666666666666,143.66666666666666,146.66666666666666,148.66666666666666,150.66666666666666,152.66666666666666,157.66666666666666,165.66666666666666,175.0,184.66666666666666,193.66666666666666,199.66666666666666,212.33333333333334,216.33333333333334,219.66666666666666,222.33333333333334,222.33333333333334,222.33333333333334,222.33333333333334,223.33333333333334,220.33333333333334,221.33333333333334,222.33333333333334,224.66666666666666,226.66666666666666,229.66666666666666,232.0,233.0,227.0,227.0,228.33333333333334,227.33333333333334,225.33333333333334,221.33333333333334,216.33333333333334,214.33333333333334,209.0,204.0,194.0,183.0,171.0,161.0,154.0,150.0,142.33333333333334,135.33333333333334,125.0,116.0,111.66666666666667,107.66666666666667,105.66666666666667,103.66666666666667,102.66666666666667,103.66666666666667,104.66666666666667,105.66666666666667,105.66666666666667,104.66666666666667,103.66666666666667,102.66666666666667,102.66666666666667,101.66666666666667,100.66666666666667,97.66666666666667,93.66666666666667,89.66666666666667,84.66666666666667,82.66666666666667,82.66666666666667,81.66666666666667,79.66666666666667,78.66666666666667,79.66666666666667,81.66666666666667,83.66666666666667,84.66666666666667,84.66666666666667,84.66666666666667,85.66666666666667,86.66666666666667,86.66666666666667,86.66666666666667,85.66666666666667,84.0,82.0,79.66666666666667,78.66666666666667,79.66666666666667,80.66666666666667,80.66666666666667,78.66666666666667,76.66666666666667,69.66666666666667,66.66666666666667,63.666666666666664,62.666666666666664,61.666666666666664,60.666666666666664,59.666666666666664,57.666666666666664,57.666666666666664,57.666666666666664,57.666666666666664,58.666666666666664,58.666666666666664,58.666666666666664,59.666666666666664,59.666666666666664,60.666666666666664,60.666666666666664,61.666666666666664,62.666666666666664,63.666666666666664,64.66666666666667,65.66666666666667,66.66666666666667,67.0,68.0,68.0,68.0,69.0,69.0,88.0,85.66666666666667,83.0,79.66666666666667,80.0,81.66666666666667,85.0,86.66666666666667,88.0,89.66666666666667,91.0,89.66666666666667,88.0,86.66666666666667,88.0,88.66666666666667,84.66666666666667,83.66666666666667,81.66666666666667,80.66666666666667,82.66666666666667,85.66666666666667,89.33333333333333,91.33333333333333,94.0,93.66666666666667,95.0,95.66666666666667,97.33333333333333,101.33333333333333,104.33333333333333,106.33333333333333,107.66666666666667,110.66666666666667,114.66666666666667,121.66666666666667,129.0,138.0,145.0,148.66666666666666,156.33333333333334,161.33333333333334,167.66666666666666,171.66666666666666,172.33333333333334,172.33333333333334,172.33333333333334,172.33333333333334,168.33333333333334,170.33333333333334,176.33333333333334,183.33333333333334,191.66666666666666,200.66666666666666,208.0,211.0,214.0,214.0,214.33333333333334,212.33333333333334,209.33333333333334,204.33333333333334,200.33333333333334,197.33333333333334,192.0,188.0,181.0,171.0,162.0,154.0,148.0,145.0,133.33333333333334,126.33333333333333,117.0,109.0,105.66666666666667,104.66666666666667,103.66666666666667,102.66666666666667,103.66666666666667,104.66666666666667,106.66666666666667,107.66666666666667,107.66666666666667,106.66666666666667,104.66666666666667,103.66666666666667,105.66666666666667,103.66666666666667,100.66666666666667,95.66666666666667,90.66666666666667,85.66666666666667,80.66666666666667,78.66666666666667,78.66666666666667,75.66666666666667,71.66666666666667,69.66666666666667,69.66666666666667,71.66666666666667,75.66666666666667,78.66666666666667,81.66666666666667,82.66666666666667,84.66666666666667,85.66666666666667,85.66666666666667,85.66666666666667,83.66666666666667,82.0,79.0,77.66666666666667,76.66666666666667,77.66666666666667,79.66666666666667,81.66666666666667,80.66666666666667,79.66666666666667,73.66666666666667,70.66666666666667,67.66666666666667,66.66666666666667,65.66666666666667,65.66666666666667,63.666666666666664,61.666666666666664,60.666666666666664,60.666666666666664,60.666666666666664,61.666666666666664,61.666666666666664,62.666666666666664,62.666666666666664,62.666666666666664,64.66666666666667,64.66666666666667,65.66666666666667,66.66666666666667,67.66666666666667,68.66666666666667,68.66666666666667,69.66666666666667,70.0,70.0,71.0,71.0,72.0,72.0,86.33333333333333,84.0,81.33333333333333,79.0,82.33333333333333,87.0,93.33333333333333,97.0,104.33333333333333,104.0,103.33333333333333,100.0,96.33333333333333,93.0,92.33333333333333,93.0,89.0,87.66666666666667,86.0,83.66666666666667,83.0,83.66666666666667,85.0,84.33333333333333,79.33333333333333,78.0,77.33333333333333,75.0,74.66666666666667,74.33333333333333,75.66666666666667,75.33333333333333,83.66666666666667,85.66666666666667,87.66666666666667,91.66666666666667,95.0,99.0,102.0,102.66666666666667,103.33333333333333,107.33333333333333,111.66666666666667,114.66666666666667,115.66666666666667,115.66666666666667,115.33333333333333,116.33333333333333,126.33333333333333,128.33333333333334,133.33333333333334,141.33333333333334,150.33333333333334,159.33333333333334,166.66666666666666,170.66666666666666,172.0,172.0,172.33333333333334,170.33333333333334,168.33333333333334,166.33333333333334,163.33333333333334,161.33333333333334,159.0,157.0,153.0,147.0,141.0,135.0,131.0,128.0,118.33333333333333,112.33333333333333,105.0,100.0,100.66666666666667,102.66666666666667,104.66666666666667,105.66666666666667,105.66666666666667,106.66666666666667,108.66666666666667,109.66666666666667,109.66666666666667,108.66666666666667,106.66666666666667,105.66666666666667,106.66666666666667,102.66666666666667,94.66666666666667,86.66666666666667,80.66666666666667,77.66666666666667,75.66666666666667,75.66666666666667,74.66666666666667,69.66666666666667,63.666666666666664,58.666666666666664,58.666666666666664,61.666666666666664,66.66666666666667,69.66666666666667,77.66666666666667,78.66666666666667,80.66666666666667,82.66666666666667,83.66666666666667,82.66666666666667,80.66666666666667,79.0,78.0,76.66666666666667,74.66666666666667,75.66666666666667,77.66666666666667,78.66666666666667,78.66666666666667,77.66666666666667,76.66666666666667,74.66666666666667,71.66666666666667,70.66666666666667,70.66666666666667,69.66666666666667,68.66666666666667,66.66666666666667,65.66666666666667,65.66666666666667,65.66666666666667,66.66666666666667,66.66666666666667,67.66666666666667,67.66666666666667,67.66666666666667,68.66666666666667,68.66666666666667,69.66666666666667,69.66666666666667,70.66666666666667,71.66666666666667,71.66666666666667,71.66666666666667,72.0,73.0,73.0,73.0,74.0,74.0,105.33333333333333,102.33333333333333,99.33333333333333,97.33333333333333,98.33333333333333,102.33333333333333,107.33333333333333,110.33333333333333,111.33333333333333,111.33333333333333,110.33333333333333,107.33333333333333,102.33333333333333,99.33333333333333,98.33333333333333,98.33333333333333,97.0,96.0,94.0,92.0,90.0,89.0,89.0,87.33333333333333,88.33333333333333,88.33333333333333,87.33333333333333,86.33333333333333,84.66666666666667,82.66666666666667,81.66666666666667,80.33333333333333,75.66666666666667,75.33333333333333,77.66666666666667,78.33333333333333,79.33333333333333,80.33333333333333,80.0,79.0,81.0,83.0,85.0,86.33333333333333,87.0,86.33333333333333,88.33333333333333,90.33333333333333,89.66666666666667,90.33333333333333,92.33333333333333,95.33333333333333,100.66666666666667,106.66666666666667,112.0,115.0,121.0,121.33333333333333,121.33333333333333,121.33333333333333,121.33333333333333,120.33333333333333,119.33333333333333,118.33333333333333,121.0,121.0,119.0,117.0,114.0,111.0,108.0,105.66666666666667,105.66666666666667,100.66666666666667,96.0,94.0,96.0,101.0,105.0,107.0,107.0,108.0,109.0,110.0,110.0,109.0,108.0,107.0,106.0,99.0,88.33333333333333,77.33333333333333,70.33333333333333,68.33333333333333,70.33333333333333,72.33333333333333,71.0,66.0,58.0,52.0,50.0,53.0,59.0,63.0,74.0,75.0,78.0,80.0,80.0,79.0,78.0,77.0,77.66666666666667,75.33333333333333,73.66666666666667,73.33333333333333,75.66666666666667,76.33333333333333,75.66666666666667,74.33333333333333,78.66666666666667,75.33333333333333,73.66666666666667,72.33333333333333,72.66666666666667,72.33333333333333,71.66666666666667,69.33333333333333,69.66666666666667,69.33333333333333,69.66666666666667,70.33333333333333,70.66666666666667,70.33333333333333,71.66666666666667,71.33333333333333,71.66666666666667,71.33333333333333,71.66666666666667,71.33333333333333,72.66666666666667,72.33333333333333,72.66666666666667,73.33333333333333,73.0,74.0,74.0,74.0,75.0,75.0,110.66666666666667,108.66666666666667,106.66666666666667,104.66666666666667,104.66666666666667,106.66666666666667,108.66666666666667,110.66666666666667,117.66666666666667,117.66666666666667,116.66666666666667,114.66666666666667,111.66666666666667,108.66666666666667,105.66666666666667,104.66666666666667,106.33333333333333,105.33333333333333,104.33333333333333,103.33333333333333,102.33333333333333,100.33333333333333,100.33333333333333,98.66666666666667,97.66666666666667,96.66666666666667,95.66666666666667,93.66666666666667,91.66666666666667,89.66666666666667,87.66666666666667,86.33333333333333,84.66666666666667,82.33333333333333,79.66666666666667,76.33333333333333,74.33333333333333,73.33333333333333,73.33333333333333,73.33333333333333,71.66666666666667,73.66666666666667,76.66666666666667,79.33333333333333,80.66666666666667,79.33333333333333,77.33333333333333,75.33333333333333,79.0,79.0,79.0,79.0,79.0,79.0,79.0,79.0,81.0,80.0,78.0,78.0,79.0,82.0,86.0,88.0,92.0,93.0,93.0,91.0,89.0,87.33333333333333,88.33333333333333,90.33333333333333,85.33333333333333,86.33333333333333,87.66666666666667,91.0,96.0,101.0,106.0,109.0,108.66666666666667,111.66666666666667,111.66666666666667,109.66666666666667,109.66666666666667,113.66666666666667,113.66666666666667,111.66666666666667,100.66666666666667,91.66666666666667,80.0,70.0,66.0,66.0,68.0,70.0,67.66666666666667,58.666666666666664,48.666666666666664,43.666666666666664,42.666666666666664,43.666666666666664,51.666666666666664,59.666666666666664,70.66666666666667,76.66666666666667,81.66666666666667,80.66666666666667,74.66666666666667,72.66666666666667,76.66666666666667,81.33333333333333,80.0,78.33333333333333,77.0,74.33333333333333,74.0,73.33333333333333,75.0,74.33333333333333,76.0,74.33333333333333,74.0,73.33333333333333,73.0,72.33333333333333,74.0,73.33333333333333,72.0,71.33333333333333,72.0,72.33333333333333,73.0,73.33333333333333,74.0,73.33333333333333,73.0,72.33333333333333,73.0,72.33333333333333,73.0,73.33333333333333,75.0,76.0,76.0,76.0,76.0,76.0,76.0,76.0,113.66666666666667,111.66666666666667,109.66666666666667,107.66666666666667,107.66666666666667,109.66666666666667,111.66666666666667,113.66666666666667,116.66666666666667,116.66666666666667,115.66666666666667,114.66666666666667,113.66666666666667,112.66666666666667,112.66666666666667,112.66666666666667,108.66666666666667,108.66666666666667,108.66666666666667,107.66666666666667,106.66666666666667,105.66666666666667,105.66666666666667,104.66666666666667,103.66666666666667,102.66666666666667,101.66666666666667,99.66666666666667,97.66666666666667,95.66666666666667,94.66666666666667,92.66666666666667,91.66666666666667,90.0,88.0,86.0,84.0,83.0,82.66666666666667,81.66666666666667,79.66666666666667,80.66666666666667,82.66666666666667,83.66666666666667,84.33333333333333,83.33333333333333,81.33333333333333,79.66666666666667,79.33333333333333,79.0,78.0,77.0,76.0,74.0,74.0,73.0,69.0,68.0,67.0,66.0,67.0,70.0,74.0,76.0,80.0,81.0,81.0,78.0,75.33333333333333,74.33333333333333,75.33333333333333,76.33333333333333,77.33333333333333,80.33333333333333,85.0,91.0,98.0,104.0,109.0,112.0,109.33333333333333,111.33333333333333,112.33333333333333,111.33333333333333,113.33333333333333,115.33333333333333,112.33333333333333,106.33333333333333,95.0,86.0,74.0,66.0,65.0,66.0,66.0,66.0,65.0,54.333333333333336,44.333333333333336,40.333333333333336,38.333333333333336,39.333333333333336,46.333333333333336,54.333333333333336,66.33333333333333,72.33333333333333,78.33333333333333,78.33333333333333,75.33333333333333,73.33333333333333,77.33333333333333,83.0,79.33333333333333,77.33333333333333,76.33333333333333,74.33333333333333,73.33333333333333,73.33333333333333,74.33333333333333,74.33333333333333,74.33333333333333,74.33333333333333,73.33333333333333,72.33333333333333,71.33333333333333,72.33333333333333,72.33333333333333,72.33333333333333,71.33333333333333,71.33333333333333,71.33333333333333,72.33333333333333,72.33333333333333,73.33333333333333,73.33333333333333,73.33333333333333,73.33333333333333,72.33333333333333,72.33333333333333,73.33333333333333,73.33333333333333,74.33333333333333,75.33333333333333,75.33333333333333,76.0,76.0,76.0,76.0,76.0,76.0,101.66666666666667,100.66666666666667,99.66666666666667,98.66666666666667,98.66666666666667,99.66666666666667,100.66666666666667,101.66666666666667,103.66666666666667,103.66666666666667,102.66666666666667,102.66666666666667,103.66666666666667,105.66666666666667,107.66666666666667,109.66666666666667,107.66666666666667,107.66666666666667,107.66666666666667,107.66666666666667,107.66666666666667,107.66666666666667,107.66666666666667,107.66666666666667,106.66666666666667,106.66666666666667,105.66666666666667,104.66666666666667,102.66666666666667,101.66666666666667,100.66666666666667,99.66666666666667,100.66666666666667,100.0,100.0,99.0,97.0,96.0,94.33333333333333,93.33333333333333,90.66666666666667,90.66666666666667,90.66666666666667,89.66666666666667,89.33333333333333,88.33333333333333,87.33333333333333,86.66666666666667,82.33333333333333,81.0,80.0,78.0,75.0,73.0,72.0,71.0,64.0,62.0,61.0,59.0,60.0,62.0,64.0,66.0,70.0,70.0,70.0,67.0,63.333333333333336,62.333333333333336,63.333333333333336,64.33333333333333,69.33333333333333,74.33333333333333,82.0,92.0,101.0,107.0,112.0,114.0,110.33333333333333,112.33333333333333,114.33333333333333,115.33333333333333,118.33333333333333,119.33333333333333,110.33333333333333,98.33333333333333,84.0,75.0,64.0,61.0,64.0,67.0,66.0,62.0,60.0,51.0,42.0,38.0,35.0,36.0,42.0,49.0,62.0,68.0,75.0,78.0,76.0,75.0,78.0,82.0,78.33333333333333,77.33333333333333,76.33333333333333,74.33333333333333,74.33333333333333,74.33333333333333,74.33333333333333,74.33333333333333,73.33333333333333,73.33333333333333,72.33333333333333,71.33333333333333,71.33333333333333,71.33333333333333,71.33333333333333,71.33333333333333,71.33333333333333,71.33333333333333,71.33333333333333,71.33333333333333,72.33333333333333,72.33333333333333,72.33333333333333,72.33333333333333,73.33333333333333,73.33333333333333,73.33333333333333,73.33333333333333,74.33333333333333,74.33333333333333,74.33333333333333,75.33333333333333,76.0,76.0,76.0,76.0,76.0,76.0,87.66666666666667,87.66666666666667,86.66666666666667,86.66666666666667,86.66666666666667,86.66666666666667,87.66666666666667,87.66666666666667,88.66666666666667,88.66666666666667,87.66666666666667,87.66666666666667,89.66666666666667,93.66666666666667,96.66666666666667,98.66666666666667,98.66666666666667,99.66666666666667,99.66666666666667,100.66666666666667,101.66666666666667,102.66666666666667,102.66666666666667,103.66666666666667,103.66666666666667,103.66666666666667,103.66666666666667,103.66666666666667,103.66666666666667,103.66666666666667,103.66666666666667,103.33333333333333,105.0,106.0,107.0,107.0,106.0,105.0,103.33333333333333,101.33333333333333,100.66666666666667,99.66666666666667,97.66666666666667,94.66666666666667,94.33333333333333,93.33333333333333,93.33333333333333,92.66666666666667,88.0,87.0,86.0,84.0,82.0,80.0,79.0,78.0,75.0,73.0,70.0,68.0,67.0,67.0,68.0,68.0,70.0,70.0,70.0,67.0,63.333333333333336,61.333333333333336,62.333333333333336,63.333333333333336,67.33333333333333,73.33333333333333,82.0,93.0,102.0,109.0,112.0,113.0,113.33333333333333,115.33333333333333,116.33333333333333,118.33333333333333,122.33333333333333,119.33333333333333,105.33333333333333,90.33333333333333,72.0,63.0,56.0,58.0,66.0,71.0,68.0,62.0,58.0,49.0,41.0,37.0,35.0,34.0,39.0,46.0,59.0,65.0,73.0,76.0,76.0,75.0,77.0,79.0,77.33333333333333,76.33333333333333,76.33333333333333,75.33333333333333,74.33333333333333,74.33333333333333,74.33333333333333,74.33333333333333,73.33333333333333,72.33333333333333,71.33333333333333,70.33333333333333,70.33333333333333,70.33333333333333,70.33333333333333,71.33333333333333,71.33333333333333,71.33333333333333,71.33333333333333,71.33333333333333,71.33333333333333,71.33333333333333,71.33333333333333,72.33333333333333,73.33333333333333,73.33333333333333,74.33333333333333,74.33333333333333,74.33333333333333,74.33333333333333,74.33333333333333,73.33333333333333,76.0,76.0,76.0,76.0,76.0,76.0,82.33333333333333,83.0,83.33333333333333,84.0,84.33333333333333,83.0,83.33333333333333,82.0,82.33333333333333,81.0,80.33333333333333,80.0,81.33333333333333,84.0,87.33333333333333,89.0,87.33333333333333,88.0,89.33333333333333,90.0,91.33333333333333,92.0,93.33333333333333,94.0,95.33333333333333,96.0,97.33333333333333,98.0,100.33333333333333,101.0,103.33333333333333,103.0,105.0,105.33333333333333,107.33333333333333,108.33333333333333,108.33333333333333,107.33333333333333,106.0,105.0,106.33333333333333,104.33333333333333,101.33333333333333,98.33333333333333,97.66666666666667,96.66666666666667,97.66666666666667,98.66666666666667,96.0,96.0,96.0,95.0,94.0,93.0,92.0,92.0,93.0,92.0,88.0,85.0,82.0,80.0,79.0,79.0,78.0,78.0,77.0,75.0,71.66666666666667,70.66666666666667,71.66666666666667,72.66666666666667,74.66666666666667,79.66666666666667,86.0,95.0,102.0,107.0,110.0,111.0,115.33333333333333,116.33333333333333,117.33333333333333,118.33333333333333,119.33333333333333,114.33333333333333,97.33333333333333,80.33333333333333,60.0,54.0,52.0,58.0,69.0,75.0,71.0,65.0,57.0,49.0,42.0,39.0,37.0,36.0,40.0,46.0,58.0,64.0,72.0,76.0,76.0,75.0,75.0,75.0,75.33333333333333,75.33333333333333,76.33333333333333,75.33333333333333,75.33333333333333,75.33333333333333,74.33333333333333,74.33333333333333,73.33333333333333,72.33333333333333,71.33333333333333,70.33333333333333,70.33333333333333,70.33333333333333,70.33333333333333,71.33333333333333,71.33333333333333,71.33333333333333,71.33333333333333,71.33333333333333,71.33333333333333,71.33333333333333,71.33333333333333,70.33333333333333,72.33333333333333,73.33333333333333,73.33333333333333,74.33333333333333,74.33333333333333,73.33333333333333,72.33333333333333,71.33333333333333,75.0,75.0,75.0,75.0,75.0,75.0,83.0,84.0,86.0,87.0,87.0,86.0,84.0,83.0,80.0,79.0,78.0,78.0,79.0,80.0,82.0,83.0,85.0,85.0,86.0,87.0,89.0,90.0,91.0,91.0,94.0,95.0,96.0,97.0,99.0,100.0,101.0,101.33333333333333,102.33333333333333,103.33333333333333,104.33333333333333,105.33333333333333,105.33333333333333,105.33333333333333,106.0,106.0,107.33333333333333,106.33333333333333,104.33333333333333,102.33333333333333,102.66666666666667,102.66666666666667,102.66666666666667,103.66666666666667,103.0,103.0,104.0,104.0,104.0,104.0,104.0,104.0,106.0,104.0,101.0,98.0,95.0,92.0,90.0,90.0,87.0,88.0,88.0,86.0,83.66666666666667,82.66666666666667,83.66666666666667,85.66666666666667,86.66666666666667,88.66666666666667,92.0,97.0,101.0,105.0,108.0,110.0,114.33333333333333,115.33333333333333,115.33333333333333,113.33333333333333,109.33333333333333,101.33333333333333,85.33333333333333,69.33333333333333,52.0,51.0,52.0,61.0,71.0,75.0,71.0,65.0,54.0,47.0,41.0,40.0,38.0,37.0,40.0,46.0,56.0,62.0,70.0,76.0,77.0,76.0,74.0,74.0,74.33333333333333,75.33333333333333,75.33333333333333,76.33333333333333,76.33333333333333,75.33333333333333,74.33333333333333,74.33333333333333,73.33333333333333,73.33333333333333,72.33333333333333,71.33333333333333,71.33333333333333,71.33333333333333,71.33333333333333,71.33333333333333,71.33333333333333,71.33333333333333,71.33333333333333,71.33333333333333,70.33333333333333,70.33333333333333,70.33333333333333,70.33333333333333,70.33333333333333,71.33333333333333,72.33333333333333,73.33333333333333,73.33333333333333,72.33333333333333,70.33333333333333,69.33333333333333,73.0,73.0,73.0,73.0,73.0,73.0,87.0,89.0,91.0,93.0,93.0,91.0,89.0,87.0,84.0,84.0,85.0,85.0,86.0,87.0,87.0,88.0,92.0,92.0,93.0,94.0,95.0,96.0,97.0,97.0,101.0,101.0,101.0,101.0,101.0,101.0,102.0,102.0,101.33333333333333,101.33333333333333,101.33333333333333,102.33333333333333,103.33333333333333,104.33333333333333,106.0,107.0,107.0,107.0,107.0,106.0,106.66666666666667,107.66666666666667,108.66666666666667,108.66666666666667,107.0,107.0,108.0,108.0,108.0,108.0,108.0,108.0,108.0,107.0,105.0,103.0,101.0,100.0,99.0,98.0,97.0,98.0,98.0,97.0,94.66666666666667,94.66666666666667,96.66666666666667,98.66666666666667,98.66666666666667,97.66666666666667,97.0,97.0,100.0,104.0,108.0,111.0,110.33333333333333,113.33333333333333,111.33333333333333,104.33333333333333,96.33333333333333,87.33333333333333,72.33333333333333,59.333333333333336,49.0,51.0,56.0,64.0,70.0,71.0,66.0,61.0,49.0,43.0,38.0,38.0,37.0,36.0,39.0,44.0,53.0,59.0,68.0,76.0,79.0,79.0,77.0,75.0,73.33333333333333,74.33333333333333,75.33333333333333,76.33333333333333,76.33333333333333,76.33333333333333,75.33333333333333,74.33333333333333,74.33333333333333,74.33333333333333,73.33333333333333,72.33333333333333,71.33333333333333,72.33333333333333,72.33333333333333,72.33333333333333,71.33333333333333,71.33333333333333,71.33333333333333,70.33333333333333,70.33333333333333,69.33333333333333,69.33333333333333,69.33333333333333,69.33333333333333,70.33333333333333,71.33333333333333,72.33333333333333,72.33333333333333,70.33333333333333,68.33333333333333,66.33333333333333,71.0,71.0,71.0,71.0,71.0,71.0,96.0,98.0,100.0,102.0,102.0,100.0,98.0,96.0,96.0,96.0,98.0,99.0,100.0,101.0,101.0,101.0,101.0,101.0,102.0,103.0,104.0,105.0,105.0,106.0,109.0,109.0,108.0,107.0,105.0,104.0,103.0,103.0,101.33333333333333,100.33333333333333,100.33333333333333,100.33333333333333,101.33333333333333,104.33333333333333,107.0,109.0,107.0,107.0,108.0,109.0,110.66666666666667,111.66666666666667,111.66666666666667,111.66666666666667,109.0,109.0,108.0,108.0,108.0,107.0,107.0,107.0,106.0,106.0,105.0,105.0,104.0,104.0,103.0,103.0,104.0,105.0,106.0,105.0,103.66666666666667,103.66666666666667,105.66666666666667,107.66666666666667,104.66666666666667,102.66666666666667,99.0,98.0,99.0,104.0,109.0,113.0,108.33333333333333,110.33333333333333,107.33333333333333,98.33333333333333,87.33333333333333,76.33333333333333,63.333333333333336,53.333333333333336,49.0,53.0,59.0,65.0,69.0,67.0,61.0,57.0,45.0,39.0,35.0,35.0,35.0,34.0,37.0,42.0,50.0,57.0,67.0,76.0,81.0,81.0,79.0,78.0,73.33333333333333,74.33333333333333,75.33333333333333,77.33333333333333,77.33333333333333,76.33333333333333,75.33333333333333,74.33333333333333,75.33333333333333,74.33333333333333,73.33333333333333,73.33333333333333,72.33333333333333,72.33333333333333,73.33333333333333,73.33333333333333,71.33333333333333,71.33333333333333,71.33333333333333,70.33333333333333,70.33333333333333,69.33333333333333,69.33333333333333,69.33333333333333,68.33333333333333,69.33333333333333,71.33333333333333,71.33333333333333,71.33333333333333,69.33333333333333,67.33333333333333,65.33333333333333,70.0,70.0,70.0,70.0,70.0,70.0,99.0,100.0,101.0,103.0,104.0,106.0,107.0,108.0,106.0,106.0,106.0,107.0,109.0,112.0,115.0,117.0,119.0,118.0,117.0,116.0,115.0,115.0,115.0,115.0,117.0,117.0,117.0,117.0,116.0,113.0,111.0,110.0,108.33333333333333,107.33333333333333,105.33333333333333,104.33333333333333,103.33333333333333,103.33333333333333,105.0,105.0,112.0,110.0,108.0,106.0,106.66666666666667,107.66666666666667,109.66666666666667,110.66666666666667,109.66666666666667,110.33333333333333,110.33333333333333,111.33333333333333,112.33333333333333,113.33333333333333,113.33333333333333,114.33333333333333,108.33333333333333,108.33333333333333,107.33333333333333,106.33333333333333,105.33333333333333,105.33333333333333,104.33333333333333,104.33333333333333,107.66666666666667,108.66666666666667,110.66666666666667,111.66666666666667,111.33333333333333,110.33333333333333,108.33333333333333,107.33333333333333,104.0,103.0,100.66666666666667,100.66666666666667,101.66666666666667,105.66666666666667,109.66666666666667,111.0,114.33333333333333,106.33333333333333,98.33333333333333,92.33333333333333,82.33333333333333,69.33333333333333,59.333333333333336,55.333333333333336,57.0,61.0,66.0,69.0,68.0,62.0,56.0,51.0,46.0,42.0,36.0,30.0,28.0,30.0,33.0,36.0,47.0,53.0,62.0,71.0,77.0,79.0,79.0,78.0,74.33333333333333,73.33333333333333,73.33333333333333,72.33333333333333,72.33333333333333,72.33333333333333,72.33333333333333,73.33333333333333,73.33333333333333,73.33333333333333,73.33333333333333,73.33333333333333,73.33333333333333,72.33333333333333,71.33333333333333,70.33333333333333,68.33333333333333,68.33333333333333,68.33333333333333,68.33333333333333,68.33333333333333,68.33333333333333,68.33333333333333,68.33333333333333,67.33333333333333,67.33333333333333,67.33333333333333,68.33333333333333,69.33333333333333,69.33333333333333,70.33333333333333,70.33333333333333,70.0,69.0,69.0,68.0,68.0,67.0,107.0,107.0,108.0,109.0,110.0,111.0,112.0,112.0,113.0,113.0,114.0,115.0,117.0,119.0,121.0,122.0,121.0,121.0,120.0,119.0,118.0,119.0,119.0,119.0,120.0,120.0,120.0,120.0,119.0,117.0,115.0,112.66666666666667,113.33333333333333,112.33333333333333,110.33333333333333,108.33333333333333,107.33333333333333,107.33333333333333,108.0,109.0,110.0,108.0,106.0,104.0,104.66666666666667,105.66666666666667,106.66666666666667,108.66666666666667,108.33333333333333,109.33333333333333,109.33333333333333,110.33333333333333,111.33333333333333,112.33333333333333,112.33333333333333,112.33333333333333,109.33333333333333,108.33333333333333,108.33333333333333,108.33333333333333,108.33333333333333,107.33333333333333,107.33333333333333,107.33333333333333,108.66666666666667,109.66666666666667,110.66666666666667,111.66666666666667,111.33333333333333,110.33333333333333,109.33333333333333,108.33333333333333,106.0,104.0,102.66666666666667,101.66666666666667,102.66666666666667,105.66666666666667,108.66666666666667,111.0,113.66666666666667,106.33333333333333,99.33333333333333,93.33333333333333,82.33333333333333,69.33333333333333,62.333333333333336,62.333333333333336,66.0,68.0,72.0,73.0,71.0,65.0,59.0,55.0,48.0,44.0,38.0,33.0,31.0,32.0,34.0,37.0,47.0,52.0,60.0,69.0,74.0,76.0,76.0,75.0,74.33333333333333,74.33333333333333,73.33333333333333,72.33333333333333,72.33333333333333,73.33333333333333,73.33333333333333,74.33333333333333,71.33333333333333,72.33333333333333,72.33333333333333,72.33333333333333,72.33333333333333,72.33333333333333,71.33333333333333,70.33333333333333,68.33333333333333,68.33333333333333,68.33333333333333,68.33333333333333,68.33333333333333,68.33333333333333,68.33333333333333,68.33333333333333,67.33333333333333,67.33333333333333,67.33333333333333,67.33333333333333,67.33333333333333,68.33333333333333,68.33333333333333,68.33333333333333,69.0,69.0,68.0,68.0,67.0,67.0,113.33333333333333,114.33333333333333,114.33333333333333,114.33333333333333,115.33333333333333,115.33333333333333,116.33333333333333,116.33333333333333,117.33333333333333,118.33333333333333,119.33333333333333,120.33333333333333,121.33333333333333,121.33333333333333,121.33333333333333,121.33333333333333,119.33333333333333,119.33333333333333,118.33333333333333,118.33333333333333,119.33333333333333,119.33333333333333,120.33333333333333,121.33333333333333,120.33333333333333,120.33333333333333,120.33333333333333,120.33333333333333,119.33333333333333,117.33333333333333,116.33333333333333,115.33333333333333,115.33333333333333,113.0,112.0,110.0,108.0,108.0,107.33333333333333,107.33333333333333,105.66666666666667,103.66666666666667,102.66666666666667,100.66666666666667,101.33333333333333,102.33333333333333,103.33333333333333,104.33333333333333,105.33333333333333,105.33333333333333,106.33333333333333,107.33333333333333,108.33333333333333,108.33333333333333,109.33333333333333,109.33333333333333,108.33333333333333,108.33333333333333,109.33333333333333,109.33333333333333,109.33333333333333,110.33333333333333,110.33333333333333,110.33333333333333,108.66666666666667,109.66666666666667,111.66666666666667,112.66666666666667,112.33333333333333,111.33333333333333,109.33333333333333,108.33333333333333,108.0,107.0,104.66666666666667,103.66666666666667,103.66666666666667,105.66666666666667,108.66666666666667,109.0,112.66666666666667,107.33333333333333,102.33333333333333,95.33333333333333,84.33333333333333,73.33333333333333,70.33333333333333,73.33333333333333,79.0,80.0,80.0,79.0,76.0,70.0,65.0,61.0,56.0,53.0,48.0,43.0,40.0,40.0,42.0,43.0,49.0,53.0,59.0,66.0,70.0,72.0,71.0,70.0,69.33333333333333,69.33333333333333,68.33333333333333,68.33333333333333,68.33333333333333,68.33333333333333,69.33333333333333,70.33333333333333,69.33333333333333,70.33333333333333,70.33333333333333,71.33333333333333,71.33333333333333,71.33333333333333,70.33333333333333,70.33333333333333,68.33333333333333,68.33333333333333,68.33333333333333,68.33333333333333,68.33333333333333,68.33333333333333,68.33333333333333,68.33333333333333,66.33333333333333,66.33333333333333,66.33333333333333,66.33333333333333,66.33333333333333,65.33333333333333,65.33333333333333,65.33333333333333,67.0,67.0,67.0,67.0,66.0,66.0,114.0,113.33333333333333,114.0,112.33333333333333,113.0,112.33333333333333,113.0,112.33333333333333,113.0,113.33333333333333,115.0,115.33333333333333,116.0,114.33333333333333,114.0,112.33333333333333,112.0,111.33333333333333,112.0,111.33333333333333,113.0,114.33333333333333,116.0,116.33333333333333,117.0,116.33333333333333,116.0,114.33333333333333,115.0,112.33333333333333,113.0,111.0,110.0,109.0,108.0,106.0,105.0,103.0,103.33333333333333,102.33333333333333,100.66666666666667,99.66666666666667,98.66666666666667,97.66666666666667,97.33333333333333,98.33333333333333,98.33333333333333,99.33333333333333,100.33333333333333,100.33333333333333,101.33333333333333,101.33333333333333,102.33333333333333,103.33333333333333,104.33333333333333,104.33333333333333,106.33333333333333,106.33333333333333,107.33333333333333,108.33333333333333,108.33333333333333,109.33333333333333,110.33333333333333,110.33333333333333,108.66666666666667,109.66666666666667,110.66666666666667,111.66666666666667,111.33333333333333,110.33333333333333,109.33333333333333,108.33333333333333,109.0,108.0,105.66666666666667,104.66666666666667,104.66666666666667,105.66666666666667,106.66666666666667,108.66666666666667,111.66666666666667,108.33333333333333,105.33333333333333,99.33333333333333,88.33333333333333,79.33333333333333,80.33333333333333,87.33333333333333,92.0,91.0,89.0,85.0,81.0,76.0,72.0,69.0,70.0,67.0,62.0,58.0,55.0,54.0,55.0,55.0,54.0,57.0,61.0,66.0,68.0,69.0,69.0,68.0,66.33333333333333,66.33333333333333,65.33333333333333,65.33333333333333,65.33333333333333,65.33333333333333,66.33333333333333,66.33333333333333,67.33333333333333,68.33333333333333,69.33333333333333,69.33333333333333,70.33333333333333,70.33333333333333,69.33333333333333,69.33333333333333,67.33333333333333,67.33333333333333,67.33333333333333,67.33333333333333,67.33333333333333,67.33333333333333,67.33333333333333,67.33333333333333,66.33333333333333,66.33333333333333,65.33333333333333,65.33333333333333,64.33333333333333,63.333333333333336,63.333333333333336,63.333333333333336,65.0,65.0,65.0,65.0,65.0,65.0,104.66666666666667,104.33333333333333,104.66666666666667,103.33333333333333,103.66666666666667,103.33333333333333,103.66666666666667,102.33333333333333,103.66666666666667,104.33333333333333,105.66666666666667,105.33333333333333,105.66666666666667,104.33333333333333,102.66666666666667,101.33333333333333,102.66666666666667,102.33333333333333,102.66666666666667,103.33333333333333,104.66666666666667,106.33333333333333,107.66666666666667,108.33333333333333,110.66666666666667,109.33333333333333,108.66666666666667,108.33333333333333,107.66666666666667,106.33333333333333,106.66666666666667,106.33333333333333,104.0,102.66666666666667,102.66666666666667,101.66666666666667,99.66666666666667,98.66666666666667,98.33333333333333,97.33333333333333,96.66666666666667,95.66666666666667,94.66666666666667,94.66666666666667,94.0,94.0,94.0,94.0,94.66666666666667,94.66666666666667,95.66666666666667,95.66666666666667,96.66666666666667,97.66666666666667,98.66666666666667,98.66666666666667,102.66666666666667,102.66666666666667,103.66666666666667,104.66666666666667,105.66666666666667,106.66666666666667,107.66666666666667,107.66666666666667,107.33333333333333,108.33333333333333,109.33333333333333,110.33333333333333,109.66666666666667,108.66666666666667,107.66666666666667,106.66666666666667,108.66666666666667,107.66666666666667,106.33333333333333,105.33333333333333,104.33333333333333,105.33333333333333,105.33333333333333,105.66666666666667,110.66666666666667,108.33333333333333,107.33333333333333,103.33333333333333,95.33333333333333,88.33333333333333,91.33333333333333,98.33333333333333,99.0,98.0,95.0,91.0,87.0,83.0,79.0,78.0,81.0,79.0,76.0,72.0,69.0,68.0,68.0,68.0,63.0,65.0,67.0,70.0,71.0,71.0,70.0,70.0,68.33333333333333,67.33333333333333,66.33333333333333,65.33333333333333,65.33333333333333,65.33333333333333,65.33333333333333,65.33333333333333,66.33333333333333,67.33333333333333,67.33333333333333,68.33333333333333,68.33333333333333,68.33333333333333,67.33333333333333,67.33333333333333,65.33333333333333,65.33333333333333,65.33333333333333,65.33333333333333,65.33333333333333,65.33333333333333,65.33333333333333,65.33333333333333,65.33333333333333,65.33333333333333,64.33333333333333,64.33333333333333,63.333333333333336,63.333333333333336,62.333333333333336,62.333333333333336,63.0,63.0,63.0,63.0,63.0,63.0,94.66666666666667,93.66666666666667,93.66666666666667,93.66666666666667,93.66666666666667,93.66666666666667,93.66666666666667,93.66666666666667,96.66666666666667,96.66666666666667,96.66666666666667,96.66666666666667,95.66666666666667,95.66666666666667,94.66666666666667,93.66666666666667,95.66666666666667,95.66666666666667,95.66666666666667,95.66666666666667,96.66666666666667,98.66666666666667,99.66666666666667,100.66666666666667,103.66666666666667,102.66666666666667,101.66666666666667,100.66666666666667,100.66666666666667,100.66666666666667,100.66666666666667,100.66666666666667,98.33333333333333,97.66666666666667,97.66666666666667,97.66666666666667,97.66666666666667,95.66666666666667,95.33333333333333,94.33333333333333,92.66666666666667,92.66666666666667,92.66666666666667,92.66666666666667,92.0,92.0,91.0,91.0,90.66666666666667,90.66666666666667,91.66666666666667,91.66666666666667,92.66666666666667,93.66666666666667,94.66666666666667,94.66666666666667,98.66666666666667,99.66666666666667,99.66666666666667,100.66666666666667,101.66666666666667,102.66666666666667,103.66666666666667,103.66666666666667,103.33333333333333,104.33333333333333,106.33333333333333,107.33333333333333,106.66666666666667,105.66666666666667,103.66666666666667,102.66666666666667,104.66666666666667,104.66666666666667,103.33333333333333,103.33333333333333,102.33333333333333,103.33333333333333,103.33333333333333,102.66666666666667,107.66666666666667,105.33333333333333,105.33333333333333,105.33333333333333,100.33333333333333,96.33333333333333,98.33333333333333,104.33333333333333,102.0,101.0,99.0,96.0,94.0,91.0,89.0,88.0,89.0,88.0,86.0,84.0,82.0,80.0,79.0,79.0,77.0,77.0,77.0,77.0,77.0,77.0,76.0,75.0,67.33333333333333,66.33333333333333,65.33333333333333,63.333333333333336,62.333333333333336,61.333333333333336,61.333333333333336,61.333333333333336,66.33333333333333,66.33333333333333,67.33333333333333,67.33333333333333,66.33333333333333,65.33333333333333,64.33333333333333,64.33333333333333,63.333333333333336,63.333333333333336,63.333333333333336,63.333333333333336,63.333333333333336,63.333333333333336,63.333333333333336,63.333333333333336,64.33333333333333,64.33333333333333,64.33333333333333,63.333333333333336,63.333333333333336,63.333333333333336,63.333333333333336,63.333333333333336,61.0,61.0,61.0,61.0,62.0,62.0,87.33333333333333,87.33333333333333,88.33333333333333,88.33333333333333,88.33333333333333,88.33333333333333,88.33333333333333,88.33333333333333,91.33333333333333,91.33333333333333,90.33333333333333,89.33333333333333,89.33333333333333,89.33333333333333,89.33333333333333,90.33333333333333,89.33333333333333,89.33333333333333,89.33333333333333,89.33333333333333,90.33333333333333,91.33333333333333,92.33333333333333,92.33333333333333,95.33333333333333,94.33333333333333,92.33333333333333,91.33333333333333,91.33333333333333,91.33333333333333,92.33333333333333,92.66666666666667,91.33333333333333,91.33333333333333,92.33333333333333,93.33333333333333,93.33333333333333,92.33333333333333,92.0,91.0,90.0,90.0,90.0,90.0,90.66666666666667,89.66666666666667,88.66666666666667,88.66666666666667,88.66666666666667,89.66666666666667,89.66666666666667,90.66666666666667,91.66666666666667,92.66666666666667,92.66666666666667,93.66666666666667,97.66666666666667,97.66666666666667,97.66666666666667,98.66666666666667,99.66666666666667,99.66666666666667,100.66666666666667,100.66666666666667,100.33333333333333,101.33333333333333,102.33333333333333,103.33333333333333,102.66666666666667,101.66666666666667,100.66666666666667,99.66666666666667,100.66666666666667,100.66666666666667,100.33333333333333,100.33333333333333,100.33333333333333,101.33333333333333,101.33333333333333,100.66666666666667,103.66666666666667,100.33333333333333,100.33333333333333,104.33333333333333,104.33333333333333,101.33333333333333,102.33333333333333,105.33333333333333,104.0,103.0,103.0,102.0,101.0,99.0,98.0,97.0,97.0,95.33333333333333,95.33333333333333,93.33333333333333,92.33333333333333,91.33333333333333,90.33333333333333,89.33333333333333,88.33333333333333,87.33333333333333,86.33333333333333,85.33333333333333,84.33333333333333,83.33333333333333,82.33333333333333,82.0,72.33333333333333,71.33333333333333,69.33333333333333,67.33333333333333,64.33333333333333,63.333333333333336,62.333333333333336,62.333333333333336,67.33333333333333,67.33333333333333,66.33333333333333,66.33333333333333,65.33333333333333,63.333333333333336,62.333333333333336,61.333333333333336,61.333333333333336,61.333333333333336,61.333333333333336,61.333333333333336,61.333333333333336,61.333333333333336,61.333333333333336,61.333333333333336,63.333333333333336,63.333333333333336,63.333333333333336,64.33333333333333,64.33333333333333,64.33333333333333,64.33333333333333,64.33333333333333,59.0,59.0,60.0,60.0,61.0,61.0,85.66666666666667,85.0,85.66666666666667,86.0,86.66666666666667,86.0,87.66666666666667,87.0,88.66666666666667,87.0,85.66666666666667,84.0,84.66666666666667,85.0,86.66666666666667,87.0,84.66666666666667,83.0,83.66666666666667,83.0,83.66666666666667,84.0,85.66666666666667,85.0,87.66666666666667,86.0,84.66666666666667,83.0,83.66666666666667,84.0,85.66666666666667,86.0,86.0,87.0,88.0,90.0,90.0,89.0,88.0,87.0,89.66666666666667,89.66666666666667,90.66666666666667,90.66666666666667,89.66666666666667,89.66666666666667,89.33333333333333,88.33333333333333,89.66666666666667,89.66666666666667,90.66666666666667,90.66666666666667,91.66666666666667,92.66666666666667,92.66666666666667,93.66666666666667,97.66666666666667,97.66666666666667,97.66666666666667,97.66666666666667,98.66666666666667,98.66666666666667,98.66666666666667,98.66666666666667,97.66666666666667,98.66666666666667,99.66666666666667,100.66666666666667,100.66666666666667,99.66666666666667,98.66666666666667,97.66666666666667,97.66666666666667,98.66666666666667,98.33333333333333,98.33333333333333,99.33333333333333,99.33333333333333,100.33333333333333,100.33333333333333,100.0,96.66666666666667,97.66666666666667,102.66666666666667,105.66666666666667,103.66666666666667,102.66666666666667,104.66666666666667,103.66666666666667,103.66666666666667,104.66666666666667,105.66666666666667,106.0,105.0,104.0,104.0,102.66666666666667,102.66666666666667,102.66666666666667,102.66666666666667,101.66666666666667,100.66666666666667,98.66666666666667,98.66666666666667,96.66666666666667,95.66666666666667,93.66666666666667,91.66666666666667,89.66666666666667,87.66666666666667,86.66666666666667,86.33333333333333,85.0,83.33333333333333,80.33333333333333,77.33333333333333,75.33333333333333,73.33333333333333,72.33333333333333,71.33333333333333,67.33333333333333,67.33333333333333,66.33333333333333,65.33333333333333,64.33333333333333,62.333333333333336,60.333333333333336,59.333333333333336,60.333333333333336,60.333333333333336,60.333333333333336,60.333333333333336,60.333333333333336,60.333333333333336,60.333333333333336,60.333333333333336,62.333333333333336,63.333333333333336,63.333333333333336,64.33333333333333,64.33333333333333,65.33333333333333,65.33333333333333,66.33333333333333,58.0,59.0,59.0,60.0,60.0,61.0,90.33333333333333,89.33333333333333,90.33333333333333,89.33333333333333,90.33333333333333,89.33333333333333,90.33333333333333,89.33333333333333,89.33333333333333,88.33333333333333,88.33333333333333,86.33333333333333,86.33333333333333,85.33333333333333,85.33333333333333,83.33333333333333,83.33333333333333,81.33333333333333,81.33333333333333,79.33333333333333,80.33333333333333,79.33333333333333,80.33333333333333,80.33333333333333,84.33333333333333,82.33333333333333,82.33333333333333,81.33333333333333,82.33333333333333,81.33333333333333,83.33333333333333,82.33333333333333,82.33333333333333,83.33333333333333,84.33333333333333,85.33333333333333,87.33333333333333,88.33333333333333,89.33333333333333,89.33333333333333,88.33333333333333,89.33333333333333,89.33333333333333,89.33333333333333,89.33333333333333,88.33333333333333,87.66666666666667,86.66666666666667,86.66666666666667,86.66666666666667,87.66666666666667,88.66666666666667,89.66666666666667,90.66666666666667,90.66666666666667,91.66666666666667,94.66666666666667,95.66666666666667,95.66666666666667,95.66666666666667,95.66666666666667,95.66666666666667,94.66666666666667,93.66666666666667,92.33333333333333,92.33333333333333,93.33333333333333,93.33333333333333,93.33333333333333,93.66666666666667,94.33333333333333,93.66666666666667,94.66666666666667,94.66666666666667,94.66666666666667,94.66666666666667,94.66666666666667,94.66666666666667,94.66666666666667,94.66666666666667,96.33333333333333,96.33333333333333,97.33333333333333,98.33333333333333,99.33333333333333,100.33333333333333,101.33333333333333,101.66666666666667,103.66666666666667,104.66666666666667,104.66666666666667,105.66666666666667,105.66666666666667,106.66666666666667,106.66666666666667,106.66666666666667,107.0,106.66666666666667,108.0,107.66666666666667,107.0,106.66666666666667,106.0,104.66666666666667,103.0,101.66666666666667,101.0,98.66666666666667,98.0,96.66666666666667,96.0,96.0,93.0,96.0,98.0,97.0,93.0,89.0,86.0,85.0,83.0,81.0,77.0,73.0,69.0,67.0,65.0,65.0,66.0,65.0,64.0,64.0,64.0,64.0,64.0,65.0,67.0,65.0,62.0,60.0,60.0,60.0,62.0,63.0,59.0,59.0,59.0,59.0,59.0,59.0,94.66666666666667,94.66666666666667,94.66666666666667,94.66666666666667,94.66666666666667,94.66666666666667,94.66666666666667,94.66666666666667,93.66666666666667,92.66666666666667,92.66666666666667,91.66666666666667,90.66666666666667,89.66666666666667,89.66666666666667,88.66666666666667,85.66666666666667,84.66666666666667,83.66666666666667,82.66666666666667,82.66666666666667,82.66666666666667,82.66666666666667,83.66666666666667,81.66666666666667,80.66666666666667,79.66666666666667,79.66666666666667,78.66666666666667,79.66666666666667,79.66666666666667,79.66666666666667,83.66666666666667,83.66666666666667,84.66666666666667,85.66666666666667,86.66666666666667,86.66666666666667,87.66666666666667,87.66666666666667,87.66666666666667,87.66666666666667,87.66666666666667,87.66666666666667,87.66666666666667,86.66666666666667,85.66666666666667,84.66666666666667,85.66666666666667,85.66666666666667,86.66666666666667,87.66666666666667,88.66666666666667,89.66666666666667,89.66666666666667,90.66666666666667,91.66666666666667,91.66666666666667,91.66666666666667,92.66666666666667,91.66666666666667,91.66666666666667,91.66666666666667,90.66666666666667,89.66666666666667,89.66666666666667,89.66666666666667,90.66666666666667,90.66666666666667,91.66666666666667,91.66666666666667,91.66666666666667,92.66666666666667,92.66666666666667,92.66666666666667,92.66666666666667,92.66666666666667,92.66666666666667,92.66666666666667,92.66666666666667,93.66666666666667,93.66666666666667,94.66666666666667,95.66666666666667,96.66666666666667,96.66666666666667,97.66666666666667,97.66666666666667,99.66666666666667,99.66666666666667,99.66666666666667,100.66666666666667,100.66666666666667,101.66666666666667,101.66666666666667,101.66666666666667,103.33333333333333,103.33333333333333,103.33333333333333,104.33333333333333,104.33333333333333,104.33333333333333,103.33333333333333,103.33333333333333,103.33333333333333,102.33333333333333,101.33333333333333,100.33333333333333,99.33333333333333,98.33333333333333,99.33333333333333,99.0,101.0,104.0,106.0,106.0,103.0,99.0,96.0,95.0,91.0,89.0,85.0,82.0,79.0,77.0,76.0,76.0,76.0,76.0,74.0,72.0,71.0,70.0,70.0,70.0,69.0,67.0,64.0,61.0,60.0,60.0,60.0,61.0,58.0,58.0,58.0,57.0,57.0,57.0,101.66666666666667,101.66666666666667,101.66666666666667,101.66666666666667,101.66666666666667,102.66666666666667,102.66666666666667,102.66666666666667,100.66666666666667,99.66666666666667,99.66666666666667,98.66666666666667,97.66666666666667,97.66666666666667,96.66666666666667,96.66666666666667,91.66666666666667,90.66666666666667,89.66666666666667,88.66666666666667,88.66666666666667,88.66666666666667,88.66666666666667,89.66666666666667,84.66666666666667,83.66666666666667,82.66666666666667,81.66666666666667,81.66666666666667,81.66666666666667,81.66666666666667,81.66666666666667,85.66666666666667,85.66666666666667,85.66666666666667,85.66666666666667,85.66666666666667,85.66666666666667,85.66666666666667,85.66666666666667,85.66666666666667,85.66666666666667,86.66666666666667,86.66666666666667,85.66666666666667,84.66666666666667,83.66666666666667,83.66666666666667,84.66666666666667,85.66666666666667,85.66666666666667,86.66666666666667,86.66666666666667,87.66666666666667,88.66666666666667,88.66666666666667,86.66666666666667,86.66666666666667,86.66666666666667,86.66666666666667,86.66666666666667,87.66666666666667,87.66666666666667,87.66666666666667,86.66666666666667,87.66666666666667,87.66666666666667,87.66666666666667,88.66666666666667,88.66666666666667,88.66666666666667,89.66666666666667,89.66666666666667,89.66666666666667,89.66666666666667,89.66666666666667,89.66666666666667,89.66666666666667,89.66666666666667,89.66666666666667,89.66666666666667,89.66666666666667,90.66666666666667,90.66666666666667,91.66666666666667,92.66666666666667,92.66666666666667,93.66666666666667,93.66666666666667,93.66666666666667,93.66666666666667,93.66666666666667,94.66666666666667,94.66666666666667,94.66666666666667,94.66666666666667,96.33333333333333,96.33333333333333,97.33333333333333,98.33333333333333,98.33333333333333,99.33333333333333,99.33333333333333,100.33333333333333,101.33333333333333,101.33333333333333,100.33333333333333,100.33333333333333,100.33333333333333,100.33333333333333,101.33333333333333,101.0,107.0,110.0,112.0,113.0,110.0,107.0,106.0,106.0,100.0,99.0,97.0,95.0,93.0,91.0,91.0,91.0,90.0,89.0,87.0,84.0,82.0,81.0,80.0,79.0,75.0,73.0,69.0,66.0,63.0,62.0,61.0,61.0,59.0,58.0,57.0,56.0,55.0,55.0,106.66666666666667,106.66666666666667,106.66666666666667,106.66666666666667,107.66666666666667,107.66666666666667,107.66666666666667,107.66666666666667,106.66666666666667,106.66666666666667,106.66666666666667,105.66666666666667,105.66666666666667,104.66666666666667,104.66666666666667,104.66666666666667,99.66666666666667,98.66666666666667,97.66666666666667,96.66666666666667,96.66666666666667,96.66666666666667,96.66666666666667,97.66666666666667,94.66666666666667,93.66666666666667,92.66666666666667,90.66666666666667,89.66666666666667,89.66666666666667,89.66666666666667,89.66666666666667,90.66666666666667,89.66666666666667,89.66666666666667,88.66666666666667,87.66666666666667,86.66666666666667,86.66666666666667,85.66666666666667,85.66666666666667,86.66666666666667,86.66666666666667,86.66666666666667,86.66666666666667,85.66666666666667,84.66666666666667,83.66666666666667,84.66666666666667,84.66666666666667,84.66666666666667,85.66666666666667,85.66666666666667,86.66666666666667,86.66666666666667,86.66666666666667,83.66666666666667,83.66666666666667,83.66666666666667,83.66666666666667,83.66666666666667,83.66666666666667,84.66666666666667,85.66666666666667,86.66666666666667,86.66666666666667,86.66666666666667,86.66666666666667,87.66666666666667,87.66666666666667,87.66666666666667,88.66666666666667,88.66666666666667,88.66666666666667,88.66666666666667,88.66666666666667,88.66666666666667,88.66666666666667,88.66666666666667,88.66666666666667,87.66666666666667,87.66666666666667,87.66666666666667,88.66666666666667,88.66666666666667,89.66666666666667,89.66666666666667,89.66666666666667,88.66666666666667,88.66666666666667,89.66666666666667,89.66666666666667,89.66666666666667,89.66666666666667,89.66666666666667,89.66666666666667,90.33333333333333,90.33333333333333,90.33333333333333,91.33333333333333,93.33333333333333,94.33333333333333,96.33333333333333,96.33333333333333,98.33333333333333,98.33333333333333,98.33333333333333,98.33333333333333,99.33333333333333,100.33333333333333,101.33333333333333,102.0,106.0,108.0,111.0,112.0,110.0,108.0,108.0,108.0,106.0,106.0,105.0,104.0,103.0,102.0,102.0,101.0,99.0,98.0,96.0,94.0,92.0,91.0,91.0,90.0,85.0,82.0,79.0,74.0,71.0,68.0,66.0,65.0,62.0,61.0,59.0,57.0,56.0,55.0,107.66666666666667,107.66666666666667,108.66666666666667,108.66666666666667,109.66666666666667,109.66666666666667,110.66666666666667,110.66666666666667,111.66666666666667,111.66666666666667,110.66666666666667,110.66666666666667,110.66666666666667,110.66666666666667,109.66666666666667,109.66666666666667,106.66666666666667,105.66666666666667,104.66666666666667,103.66666666666667,103.66666666666667,103.66666666666667,103.66666666666667,104.66666666666667,103.66666666666667,102.66666666666667,100.66666666666667,98.66666666666667,97.66666666666667,96.66666666666667,95.66666666666667,95.66666666666667,94.66666666666667,93.66666666666667,92.66666666666667,91.66666666666667,90.66666666666667,89.66666666666667,88.66666666666667,87.66666666666667,87.66666666666667,87.66666666666667,88.66666666666667,88.66666666666667,87.66666666666667,86.66666666666667,86.66666666666667,85.66666666666667,84.66666666666667,84.66666666666667,84.66666666666667,85.66666666666667,85.66666666666667,85.66666666666667,85.66666666666667,85.66666666666667,82.66666666666667,81.66666666666667,81.66666666666667,81.66666666666667,81.66666666666667,82.66666666666667,84.66666666666667,85.66666666666667,86.66666666666667,86.66666666666667,87.66666666666667,87.66666666666667,87.66666666666667,88.66666666666667,88.66666666666667,88.66666666666667,88.66666666666667,88.66666666666667,88.66666666666667,88.66666666666667,88.66666666666667,88.66666666666667,88.66666666666667,88.66666666666667,87.66666666666667,87.66666666666667,87.66666666666667,87.66666666666667,88.66666666666667,88.66666666666667,88.66666666666667,88.66666666666667,87.66666666666667,87.66666666666667,87.66666666666667,86.66666666666667,86.66666666666667,86.66666666666667,86.66666666666667,86.66666666666667,86.33333333333333,86.33333333333333,86.33333333333333,87.33333333333333,88.33333333333333,90.33333333333333,93.33333333333333,94.33333333333333,95.33333333333333,95.33333333333333,95.33333333333333,95.33333333333333,97.33333333333333,98.33333333333333,100.33333333333333,101.0,102.0,105.0,107.0,108.0,107.0,106.0,106.0,107.0,107.0,107.0,107.0,107.0,107.0,106.0,106.0,106.0,101.0,101.0,100.0,99.0,99.0,99.0,99.0,100.0,95.0,93.0,89.0,85.0,80.0,76.0,73.0,71.0,67.0,65.0,62.0,59.0,57.0,56.0,107.66666666666667,107.66666666666667,107.66666666666667,108.66666666666667,109.66666666666667,109.66666666666667,110.66666666666667,110.66666666666667,112.66666666666667,112.66666666666667,112.66666666666667,112.66666666666667,112.66666666666667,112.66666666666667,112.66666666666667,112.66666666666667,110.66666666666667,109.66666666666667,108.66666666666667,107.66666666666667,107.66666666666667,107.66666666666667,107.66666666666667,108.66666666666667,106.66666666666667,105.66666666666667,103.66666666666667,101.66666666666667,99.66666666666667,98.66666666666667,97.66666666666667,97.66666666666667,96.66666666666667,95.66666666666667,94.66666666666667,93.66666666666667,92.66666666666667,91.66666666666667,90.66666666666667,89.66666666666667,89.66666666666667,89.66666666666667,89.66666666666667,89.66666666666667,89.66666666666667,88.66666666666667,87.66666666666667,86.66666666666667,85.66666666666667,85.66666666666667,85.66666666666667,85.66666666666667,85.66666666666667,85.66666666666667,85.66666666666667,85.66666666666667,82.66666666666667,81.66666666666667,80.66666666666667,80.66666666666667,80.66666666666667,82.66666666666667,84.66666666666667,85.66666666666667,87.66666666666667,87.66666666666667,87.66666666666667,87.66666666666667,88.66666666666667,88.66666666666667,88.66666666666667,89.66666666666667,88.66666666666667,88.66666666666667,88.66666666666667,88.66666666666667,88.66666666666667,88.66666666666667,88.66666666666667,88.66666666666667,87.66666666666667,87.66666666666667,87.66666666666667,87.66666666666667,87.66666666666667,87.66666666666667,87.66666666666667,88.66666666666667,86.66666666666667,86.66666666666667,86.66666666666667,86.66666666666667,85.66666666666667,85.66666666666667,85.66666666666667,85.66666666666667,85.33333333333333,85.33333333333333,85.33333333333333,85.33333333333333,86.33333333333333,89.33333333333333,91.33333333333333,93.33333333333333,93.33333333333333,93.33333333333333,93.33333333333333,94.33333333333333,95.33333333333333,97.33333333333333,99.33333333333333,100.0,102.0,104.0,106.0,106.0,105.0,105.0,106.0,107.0,105.0,106.0,106.0,107.0,107.0,106.0,106.0,105.0,100.0,100.0,100.0,100.0,101.0,102.0,104.0,105.0,102.0,100.0,96.0,91.0,86.0,81.0,77.0,75.0,72.0,69.0,65.0,61.0,59.0,58.0
